1  1.00e-03  0.5614209503  1.376735e-01 0.9
1  1.05e-03  0.5614197322  1.376735e-01 0.9
1  1.10e-03  0.5614182847  1.376735e-01 0.9
1  1.15e-03  0.5614169528  1.376735e-01 0.9
1  1.20e-03  0.5614153903  1.376735e-01 0.9
1  1.26e-03  0.561413867  1.376735e-01 0.9
1  1.32e-03  0.5614121355  1.376735e-01 0.9
1  1.38e-03  0.5614103609  1.376735e-01 0.9
1  1.45e-03  0.5614085567  1.376735e-01 0.9
1  1.51e-03  0.561406781  1.376735e-01 0.9
1  1.58e-03  0.5614046981  1.376735e-01 0.9
1  1.66e-03  0.5614026758  1.376735e-01 0.9
1  1.74e-03  0.5614005197  1.376735e-01 0.9
1  1.82e-03  0.5613982213  1.376735e-01 0.9
1  1.91e-03  0.5613958578  1.376735e-01 0.9
1  2.00e-03  0.561393338  1.376735e-01 0.9
1  2.09e-03  0.5613906723  1.376735e-01 0.9
1  2.19e-03  0.5613879585  1.376735e-01 0.9
1  2.29e-03  0.5613851342  1.376735e-01 0.9
1  2.40e-03  0.5613821684  1.376735e-01 0.9
1  2.51e-03  0.5613789667  1.376735e-01 0.9
1  2.63e-03  0.5613757016  1.376735e-01 0.9
1  2.75e-03  0.5613722516  1.376735e-01 0.9
1  2.88e-03  0.5613686614  1.376735e-01 0.9
1  3.02e-03  0.5613648628  1.376735e-01 0.9
1  3.16e-03  0.5613609543  1.376735e-01 0.9
1  3.31e-03  0.561356781  1.376735e-01 0.9
1  3.47e-03  0.5613524486  1.376735e-01 0.9
1  3.63e-03  0.5613479272  1.376735e-01 0.9
1  3.80e-03  0.5613431943  1.376735e-01 0.9
1  3.98e-03  0.561338183  1.376735e-01 0.9
1  4.17e-03  0.5613329936  1.376735e-01 0.9
1  4.37e-03  0.5613275395  1.376735e-01 0.9
1  4.57e-03  0.561321811  1.376735e-01 0.9
1  4.79e-03  0.561315837  1.376735e-01 0.9
1  5.01e-03  0.561309566  1.376735e-01 0.9
1  5.25e-03  0.5613030073  1.376735e-01 0.9
1  5.50e-03  0.561296147  1.376735e-01 0.9
1  5.75e-03  0.5612889505  1.376735e-01 0.9
1  6.03e-03  0.561281405  1.376735e-01 0.9
1  6.31e-03  0.5612735293  1.376735e-01 0.9
1  6.61e-03  0.5612652399  1.376735e-01 0.9
1  6.92e-03  0.5612566162  1.376735e-01 0.9
1  7.24e-03  0.5612475477  1.376735e-01 0.9
1  7.59e-03  0.5612380349  1.376735e-01 0.9
1  7.94e-03  0.561228133  1.376735e-01 0.9
1  8.32e-03  0.5612176931  1.376735e-01 0.9
1  8.71e-03  0.5612068052  1.376735e-01 0.9
1  9.12e-03  0.5611953867  1.376735e-01 0.9
1  9.55e-03  0.5611834438  1.376735e-01 0.9
1  1.00e-02  0.5611709337  1.376735e-01 0.9
1  1.05e-02  0.56115783  1.376735e-01 0.9
1  1.10e-02  0.5611440767  1.376735e-01 0.9
1  1.15e-02  0.5611297345  1.376735e-01 0.9
1  1.20e-02  0.5611146808  1.376735e-01 0.9
1  1.26e-02  0.5610989184  1.376735e-01 0.9
1  1.32e-02  0.5610823735  1.376735e-01 0.9
1  1.38e-02  0.5610651027  1.376735e-01 0.9
1  1.45e-02  0.5610469714  1.376735e-01 0.9
1  1.51e-02  0.5610280034  1.376735e-01 0.9
1  1.58e-02  0.5610081416  1.376735e-01 0.9
1  1.66e-02  0.5609873633  1.376735e-01 0.9
1  1.74e-02  0.5609656033  1.376735e-01 0.9
1  1.82e-02  0.5609427448  1.376735e-01 0.9
1  1.91e-02  0.5609189298  1.376735e-01 0.9
1  2.00e-02  0.5608938528  1.376735e-01 0.9
1  2.09e-02  0.5608676744  1.376735e-01 0.9
1  2.19e-02  0.5608401824  1.376735e-01 0.9
1  2.29e-02  0.5608114798  1.376735e-01 0.9
1  2.40e-02  0.560781322  1.376735e-01 0.9
1  2.51e-02  0.56074987  1.376735e-01 0.9
1  2.63e-02  0.5607168619  1.376735e-01 0.9
1  2.75e-02  0.5606822602  1.376735e-01 0.9
1  2.88e-02  0.5606459389  1.376735e-01 0.9
1  3.02e-02  0.5606080871  1.376735e-01 0.9
1  3.16e-02  0.5605682361  1.376735e-01 0.9
1  3.31e-02  0.5605266373  1.376735e-01 0.9
1  3.47e-02  0.5604830529  1.376735e-01 0.9
1  3.63e-02  0.5604373346  1.376735e-01 0.9
1  3.80e-02  0.5603895723  1.376735e-01 0.9
1  3.98e-02  0.5603393861  1.376735e-01 0.9
1  4.17e-02  0.5602870159  1.376735e-01 0.9
1  4.37e-02  0.560231914  1.376735e-01 0.9
1  4.57e-02  0.5601743601  1.376735e-01 0.9
1  4.79e-02  0.5601141087  1.376735e-01 0.9
1  5.01e-02  0.5600508699  1.376735e-01 0.9
1  5.25e-02  0.5599846265  1.376735e-01 0.9
1  5.50e-02  0.5599151067  1.376735e-01 0.9
1  5.75e-02  0.5598424085  1.376735e-01 0.9
1  6.03e-02  0.5597662625  1.376735e-01 0.9
1  6.31e-02  0.5596867502  1.376735e-01 0.9
1  6.61e-02  0.5596030689  1.376735e-01 0.9
1  6.92e-02  0.5595156119  1.376735e-01 0.9
1  7.24e-02  0.5594236927  1.376735e-01 0.9
1  7.59e-02  0.5593276451  1.376735e-01 0.9
1  7.94e-02  0.5592267951  1.376735e-01 0.9
1  8.32e-02  0.5591213516  1.376735e-01 0.9
1  8.71e-02  0.5590105635  1.376735e-01 0.9
1  9.12e-02  0.558894744  1.376735e-01 0.9
1  9.55e-02  0.5587735259  1.376735e-01 0.9
1  1.00e-01  0.5586459306  1.376735e-01 0.9
1  1.05e-01  0.5585124676  1.376735e-01 0.9
1  1.10e-01  0.5583730035  1.376735e-01 0.9
1  1.15e-01  0.5582264541  1.376735e-01 0.9
1  1.20e-01  0.5580726777  1.376735e-01 0.9
1  1.26e-01  0.5579115063  1.376735e-01 0.9
1  1.32e-01  0.5577425605  1.376735e-01 0.9
1  1.38e-01  0.557565957  1.376735e-01 0.9
1  1.45e-01  0.5573803963  1.376735e-01 0.9
1  1.51e-01  0.5571859846  1.376735e-01 0.9
1  1.58e-01  0.5569817592  1.376735e-01 0.9
1  1.66e-01  0.5567685201  1.376735e-01 0.9
1  1.74e-01  0.5565438369  1.376735e-01 0.9
1  1.82e-01  0.5563092244  1.376735e-01 0.9
1  1.91e-01  0.5560625609  1.376735e-01 0.9
1  2.00e-01  0.5558033491  1.376735e-01 0.9
1  2.09e-01  0.5555326254  1.376735e-01 0.9
1  2.19e-01  0.5552477218  1.376735e-01 0.9
1  2.29e-01  0.5549497881  1.376735e-01 0.9
1  2.40e-01  0.5546361564  1.376735e-01 0.9
1  2.51e-01  0.5543083488  1.376735e-01 0.9
1  2.63e-01  0.5539627932  1.376735e-01 0.9
1  2.75e-01  0.5536009296  1.376735e-01 0.9
1  2.88e-01  0.553222173  1.376735e-01 0.9
1  3.02e-01  0.5528239326  1.376735e-01 0.9
1  3.16e-01  0.552404439  1.376735e-01 0.9
1  3.31e-01  0.5519666436  1.376735e-01 0.9
1  3.47e-01  0.5515046233  1.376735e-01 0.9
1  3.63e-01  0.551020972  1.376735e-01 0.9
1  3.80e-01  0.5505119137  1.376735e-01 0.9
1  3.98e-01  0.5499796204  1.376735e-01 0.9
1  4.17e-01  0.5494188313  1.376735e-01 0.9
1  4.37e-01  0.5488292851  1.376735e-01 0.9
1  4.57e-01  0.548210518  1.376735e-01 0.9
1  4.79e-01  0.5475610545  1.376735e-01 0.9
1  5.01e-01  0.5468762183  1.376735e-01 0.9
1  5.25e-01  0.5461587426  1.376735e-01 0.9
1  5.50e-01  0.5454045913  1.376735e-01 0.9
1  5.75e-01  0.5446090238  1.376735e-01 0.9
1  6.03e-01  0.5437761331  1.376735e-01 0.9
1  6.31e-01  0.5428995004  1.376735e-01 0.9
1  6.61e-01  0.5419748404  1.376735e-01 0.9
1  6.92e-01  0.5410035768  1.376735e-01 0.9
1  7.24e-01  0.5399850923  1.376735e-01 0.9
1  7.59e-01  0.5389105634  1.376735e-01 0.9
1  7.94e-01  0.537776785  1.376735e-01 0.9
1  8.32e-01  0.536589186  1.376735e-01 0.9
1  8.71e-01  0.5353355809  1.376735e-01 0.9
1  9.12e-01  0.5340199613  1.376735e-01 0.9
1  9.55e-01  0.5326285826  1.376735e-01 0.9
1  1.00e+00  0.5311669154  1.376735e-01 0.9
1  1.05e+00  0.5296324285  1.376735e-01 0.9
1  1.10e+00  0.5280123181  1.376735e-01 0.9
1  1.15e+00  0.5263055756  1.376735e-01 0.9
1  1.20e+00  0.524509551  1.376735e-01 0.9
1  1.26e+00  0.5226145384  1.376735e-01 0.9
1  1.32e+00  0.5206199667  1.376735e-01 0.9
1  1.38e+00  0.5185249681  1.376735e-01 0.9
1  1.45e+00  0.5163176245  1.376735e-01 0.9
1  1.51e+00  0.5139922842  1.376735e-01 0.9
1  1.58e+00  0.5115379612  1.376735e-01 0.9
1  1.66e+00  0.5089648892  1.376735e-01 0.9
1  1.74e+00  0.506255557  1.376735e-01 0.9
1  1.82e+00  0.5034100085  1.376735e-01 0.9
1  1.91e+00  0.5004130316  1.376735e-01 0.9
1  2.00e+00  0.4972651822  1.376735e-01 0.9
1  2.09e+00  0.4939644332  1.376735e-01 0.9
1  2.19e+00  0.4904998279  1.376735e-01 0.9
1  2.29e+00  0.4868807753  1.376735e-01 0.9
1  2.40e+00  0.4830734265  1.376735e-01 0.9
1  2.51e+00  0.4791067363  1.376735e-01 0.9
1  2.63e+00  0.4749657966  1.376735e-01 0.9
1  2.75e+00  0.4706474566  1.376735e-01 0.9
1  2.88e+00  0.4661435581  1.376735e-01 0.9
1  3.02e+00  0.4614695116  1.376735e-01 0.9
1  3.16e+00  0.4566356561  1.376735e-01 0.9
1  3.31e+00  0.451639796  1.376735e-01 0.9
1  3.47e+00  0.4464816865  1.376735e-01 0.9
1  3.63e+00  0.4411749406  1.376735e-01 0.9
1  3.80e+00  0.4357588124  1.376735e-01 0.9
1  3.98e+00  0.4302179022  1.376735e-01 0.9
1  4.17e+00  0.4245622243  1.376735e-01 0.9
1  4.37e+00  0.4188607078  1.376735e-01 0.9
1  4.57e+00  0.4130850363  1.376735e-01 0.9
1  4.79e+00  0.4073127534  1.376735e-01 0.9
1  5.01e+00  0.4015121443  1.376735e-01 0.9
1  5.25e+00  0.3957564657  1.376735e-01 0.9
1  5.50e+00  0.3900654797  1.376735e-01 0.9
1  5.75e+00  0.3844372673  1.376735e-01 0.9
1  6.03e+00  0.3789257239  1.376735e-01 0.9
1  6.31e+00  0.3735521806  1.376735e-01 0.9
1  6.61e+00  0.3683526952  1.376735e-01 0.9
1  6.92e+00  0.3633233561  1.376735e-01 0.9
1  7.24e+00  0.3585021012  1.376735e-01 0.9
1  7.59e+00  0.3538915825  1.376735e-01 0.9
1  7.94e+00  0.3494871071  1.376735e-01 0.9
1  8.32e+00  0.3453173248  1.376735e-01 0.9
1  8.71e+00  0.3413847649  1.376735e-01 0.9
1  9.12e+00  0.3377138511  1.376735e-01 0.9
1  9.55e+00  0.334245462  1.376735e-01 0.9
1  1.00e+01  0.3310278055  1.376735e-01 0.9
1  1.05e+01  0.3280120484  1.376735e-01 0.9
1  1.10e+01  0.3252505073  1.376735e-01 0.9
1  1.15e+01  0.3226590239  1.376735e-01 0.9
1  1.20e+01  0.3202868405  1.376735e-01 0.9
1  1.26e+01  0.3180396036  1.376735e-01 0.9
1  1.32e+01  0.3161124993  1.376735e-01 0.9
1  1.38e+01  0.3141812095  1.376735e-01 0.9
1  1.45e+01  0.3124990672  1.376735e-01 0.9
1  1.51e+01  0.3109415235  1.376735e-01 0.9
1  1.58e+01  0.3095155965  1.376735e-01 0.9
1  1.66e+01  0.3081793052  1.376735e-01 0.9
1  1.74e+01  0.3069794581  1.376735e-01 0.9
1  1.82e+01  0.3058941608  1.376735e-01 0.9
1  1.91e+01  0.3048639981  1.376735e-01 0.9
1  2.00e+01  0.303925089  1.376735e-01 0.9
1  2.09e+01  0.3030887276  1.376735e-01 0.9
1  2.19e+01  0.3022909891  1.376735e-01 0.9
1  2.29e+01  0.3015688546  1.376735e-01 0.9
1  2.40e+01  0.300883769  1.376735e-01 0.9
1  2.51e+01  0.3002740074  1.376735e-01 0.9
1  2.63e+01  0.2996692507  1.376735e-01 0.9
1  2.75e+01  0.2991400294  1.376735e-01 0.9
1  2.88e+01  0.2986130984  1.376735e-01 0.9
1  3.02e+01  0.2981470536  1.376735e-01 0.9
1  3.16e+01  0.297671372  1.376735e-01 0.9
1  3.31e+01  0.2972311192  1.376735e-01 0.9
1  3.47e+01  0.2968181134  1.376735e-01 0.9
1  3.63e+01  0.2964195217  1.376735e-01 0.9
1  3.80e+01  0.2960089351  1.376735e-01 0.9
1  3.98e+01  0.2955996656  1.376735e-01 0.9
1  4.17e+01  0.2952070959  1.376735e-01 0.9
1  4.37e+01  0.2948136515  1.376735e-01 0.9
1  4.57e+01  0.2944139605  1.376735e-01 0.9
1  4.79e+01  0.2940290613  1.376735e-01 0.9
1  5.01e+01  0.2935839954  1.376735e-01 0.9
1  5.25e+01  0.2931472959  1.376735e-01 0.9
1  5.50e+01  0.2926892682  1.376735e-01 0.9
1  5.75e+01  0.292212021  1.376735e-01 0.9
1  6.03e+01  0.2916920421  1.376735e-01 0.9
1  6.31e+01  0.2911136554  1.376735e-01 0.9
1  6.61e+01  0.290500806  1.376735e-01 0.9
1  6.92e+01  0.2898448391  1.376735e-01 0.9
1  7.24e+01  0.2890939885  1.376735e-01 0.9
1  7.59e+01  0.2882917334  1.376735e-01 0.9
1  7.94e+01  0.2873686751  1.376735e-01 0.9
1  8.32e+01  0.2863006211  1.376735e-01 0.9
1  8.71e+01  0.2851195179  1.376735e-01 0.9
1  9.12e+01  0.2837482682  1.376735e-01 0.9
1  9.55e+01  0.2821909042  1.376735e-01 0.9
1  1.00e+02  0.2803460964  1.376735e-01 0.9
1  1.05e+02  0.2781642359  1.376735e-01 0.9
1  1.10e+02  0.2755549025  1.376735e-01 0.9
1  1.15e+02  0.2724402876  1.376735e-01 0.9
1  1.20e+02  0.2686524637  1.376735e-01 0.9
1  1.26e+02  0.2639926501  1.376735e-01 0.9
1  1.32e+02  0.258248433  1.376735e-01 0.9
1  1.38e+02  0.2510221308  1.376735e-01 0.9
1  1.45e+02  0.2419846821  1.376735e-01 0.9
1  1.51e+02  0.2306110635  1.376735e-01 0.9
1  1.58e+02  0.2164325947  1.376735e-01 0.9
1  1.66e+02  0.1991357407  1.376735e-01 0.9
1  1.74e+02  0.1788206698  1.376735e-01 0.9
1  1.82e+02  0.1562872144  1.376735e-01 0.9
1  1.91e+02  0.1330686526  1.376735e-01 0.9
1  2.00e+02  0.1110109537  1.376735e-01 0.9
1  2.09e+02  0.09162353083  1.376735e-01 0.9
1  2.19e+02  0.07563098275  1.376735e-01 0.9
1  2.29e+02  0.06298244019  1.376735e-01 0.9
1  2.40e+02  0.05324364303  1.376735e-01 0.9
1  2.51e+02  0.04583707287  1.376735e-01 0.9
1  2.63e+02  0.04021301224  1.376735e-01 0.9
1  2.75e+02  0.03591848431  1.376735e-01 0.9
1  2.88e+02  0.03262978415  1.376735e-01 0.9
1  3.02e+02  0.03007890388  1.376735e-01 0.9
1  3.16e+02  0.02807998807  1.376735e-01 0.9
1  3.31e+02  0.02650163883  1.376735e-01 0.9
1  3.47e+02  0.02524303378  1.376735e-01 0.9
1  3.63e+02  0.0242318497  1.376735e-01 0.9
1  3.80e+02  0.0234109544  1.376735e-01 0.9
1  3.98e+02  0.02273773148  1.376735e-01 0.9
1  4.17e+02  0.02217925722  1.376735e-01 0.9
1  4.37e+02  0.0217185835  1.376735e-01 0.9
1  4.57e+02  0.02133574955  1.376735e-01 0.9
1  4.79e+02  0.02101379667  1.376735e-01 0.9
1  5.01e+02  0.02073811386  1.376735e-01 0.9
1  5.25e+02  0.02050585732  1.376735e-01 0.9
1  5.50e+02  0.02030877227  1.376735e-01 0.9
1  5.75e+02  0.02014005015  1.376735e-01 0.9
1  6.03e+02  0.01999437078  1.376735e-01 0.9
1  6.31e+02  0.01986842201  1.376735e-01 0.9
1  6.61e+02  0.01975991604  1.376735e-01 0.9
1  6.92e+02  0.01966619922  1.376735e-01 0.9
1  7.24e+02  0.01958455985  1.376735e-01 0.9
1  7.59e+02  0.01951307317  1.376735e-01 0.9
1  7.94e+02  0.01945135932  1.376735e-01 0.9
1  8.32e+02  0.01939457534  1.376735e-01 0.9
1  8.71e+02  0.01934680378  1.376735e-01 0.9
1  9.12e+02  0.01930443487  1.376735e-01 0.9
1  9.55e+02  0.01926659448  1.376735e-01 0.9
1  1.00e+03  0.01923375714  1.376735e-01 0.9
1  1.05e+03  0.01920430119  1.376735e-01 0.9
1  1.10e+03  0.01917837034  1.376735e-01 0.9
1  1.15e+03  0.01915549562  1.376735e-01 0.9
1  1.20e+03  0.01913407753  1.376735e-01 0.9
1  1.26e+03  0.01911554157  1.376735e-01 0.9
1  1.32e+03  0.01909969406  1.376735e-01 0.9
1  1.38e+03  0.01908455136  1.376735e-01 0.9
1  1.45e+03  0.01907167995  1.376735e-01 0.9
1  1.51e+03  0.01905962553  1.376735e-01 0.9
1  1.58e+03  0.01904998077  1.376735e-01 0.9
1  1.66e+03  0.01904008143  1.376735e-01 0.9
1  1.74e+03  0.01903250877  1.376735e-01 0.9
1  1.82e+03  0.01902384664  1.376735e-01 0.9
1  1.91e+03  0.01901711969  1.376735e-01 0.9
1  2.00e+03  0.0190119406  1.376735e-01 0.9
1  2.09e+03  0.01900542461  1.376735e-01 0.9
1  2.19e+03  0.01900136714  1.376735e-01 0.9
1  2.29e+03  0.01899678096  1.376735e-01 0.9
1  2.40e+03  0.01899319303  1.376735e-01 0.9
1  2.51e+03  0.01898884708  1.376735e-01 0.9
1  2.63e+03  0.01898590657  1.376735e-01 0.9
1  2.75e+03  0.01898160415  1.376735e-01 0.9
1  2.88e+03  0.01898069913  1.376735e-01 0.9
1  3.02e+03  0.01897924514  1.376735e-01 0.9
1  3.16e+03  0.0189742486  1.376735e-01 0.9
1  3.31e+03  0.01897879266  1.376735e-01 0.9
1  3.47e+03  0.0189697176  1.376735e-01 0.9
1  3.63e+03  0.01896852425  1.376735e-01 0.9
1  3.80e+03  0.01897416175  1.376735e-01 0.9
1  3.98e+03  0.01897085472  1.376735e-01 0.9
1  4.17e+03  0.01896009319  1.376735e-01 0.9
1  4.37e+03  0.01895711146  1.376735e-01 0.9
1  4.57e+03  0.01895482748  1.376735e-01 0.9
1  4.79e+03  0.01895796381  1.376735e-01 0.9
1  5.01e+03  0.0189745684  1.376735e-01 0.9
1  5.25e+03  0.01900919401  1.376735e-01 0.9
1  5.50e+03  0.01903414242  1.376735e-01 0.9
1  5.75e+03  0.01899301543  1.376735e-01 0.9
1  6.03e+03  0.01903879701  1.376735e-01 0.9
1  6.31e+03  0.01913036759  1.376735e-01 0.9
1  6.61e+03  0.01908627696  1.376735e-01 0.9
1  6.92e+03  0.0192767089  1.376735e-01 0.9
1  7.24e+03  0.01925732769  1.376735e-01 0.9
1  7.59e+03  0.01946726505  1.376735e-01 0.9
1  7.94e+03  0.01964188243  1.376735e-01 0.9
1  8.32e+03  0.01971460015  1.376735e-01 0.9
1  8.71e+03  0.02009159905  1.376735e-01 0.9
1  9.12e+03  0.02053500222  1.376735e-01 0.9
1  9.55e+03  0.02088960889  1.376735e-01 0.9
1  1.00e+04  0.02131246823  1.376735e-01 0.9
1  1.05e+04  0.02187581975  1.376735e-01 0.9
1  1.10e+04  0.02266819183  1.376735e-01 0.9
1  1.15e+04  0.02361456636  1.376735e-01 0.9
1  1.20e+04  0.02479279109  1.376735e-01 0.9
1  1.26e+04  0.02601362454  1.376735e-01 0.9
1  1.32e+04  0.02751102762  1.376735e-01 0.9
1  1.38e+04  0.02942207882  1.376735e-01 0.9
1  1.45e+04  0.03175787569  1.376735e-01 0.9
1  1.51e+04  0.03436877653  1.376735e-01 0.9
1  1.58e+04  0.03699742885  1.376735e-01 0.9
1  1.66e+04  0.03968127324  1.376735e-01 0.9
1  1.74e+04  0.04281795227  1.376735e-01 0.9
1  1.82e+04  0.04665739176  1.376735e-01 0.9
1  1.91e+04  0.05076529777  1.376735e-01 0.9
1  2.00e+04  0.05498444941  1.376735e-01 0.9
1  2.09e+04  0.0602212399  1.376735e-01 0.9
1  2.19e+04  0.06502899797  1.376735e-01 0.9
1  2.29e+04  0.07037158997  1.376735e-01 0.9
1  2.40e+04  0.07706088625  1.376735e-01 0.9
1  2.51e+04  0.08216154615  1.376735e-01 0.9
1  2.63e+04  0.09006693608  1.376735e-01 0.9
1  2.75e+04  0.09567664485  1.376735e-01 0.9
1  2.88e+04  0.1042745767  1.376735e-01 0.9
1  3.02e+04  0.1105375839  1.376735e-01 0.9
1  3.16e+04  0.1194852036  1.376735e-01 0.9
1  3.31e+04  0.1269971102  1.376735e-01 0.9
1  3.47e+04  0.135122728  1.376735e-01 0.9
1  3.63e+04  0.1446405594  1.376735e-01 0.9
1  3.80e+04  0.1525509987  1.376735e-01 0.9
1  3.98e+04  0.1610840579  1.376735e-01 0.9
1  4.17e+04  0.1717267722  1.376735e-01 0.9
1  4.37e+04  0.1802096242  1.376735e-01 0.9
1  4.57e+04  0.1878564902  1.376735e-01 0.9
1  4.79e+04  0.1989415604  1.376735e-01 0.9
1  5.01e+04  0.2096841769  1.376735e-01 0.9
1  5.25e+04  0.2171692038  1.376735e-01 0.9
1  5.50e+04  0.2252512807  1.376735e-01 0.9
1  5.75e+04  0.2360668532  1.376735e-01 0.9
1  6.03e+04  0.2471930292  1.376735e-01 0.9
1  6.31e+04  0.2565825073  1.376735e-01 0.9
1  6.61e+04  0.2644832916  1.376735e-01 0.9
1  6.92e+04  0.2721537194  1.376735e-01 0.9
1  7.24e+04  0.2808411946  1.376735e-01 0.9
1  7.59e+04  0.2910396611  1.376735e-01 0.9
1  7.94e+04  0.3019176907  1.376735e-01 0.9
1  8.32e+04  0.3119254614  1.376735e-01 0.9
1  8.71e+04  0.320148694  1.376735e-01 0.9
1  9.12e+04  0.326913305  1.376735e-01 0.9
1  9.55e+04  0.3332647861  1.376735e-01 0.9
1  1.00e+05  0.3401169662  1.376735e-01 0.9
1  1.05e+05  0.3478265121  1.376735e-01 0.9
1  1.10e+05  0.3562815709  1.376735e-01 0.9
1  1.15e+05  0.3651626764  1.376735e-01 0.9
1  1.20e+05  0.3741080762  1.376735e-01 0.9
1  1.26e+05  0.38276979  1.376735e-01 0.9
1  1.32e+05  0.3908485833  1.376735e-01 0.9
1  1.38e+05  0.3981432817  1.376735e-01 0.9
1  1.45e+05  0.4045893562  1.376735e-01 0.9
1  1.51e+05  0.4102588063  1.376735e-01 0.9
1  1.58e+05  0.4153211641  1.376735e-01 0.9
1  1.66e+05  0.4199863279  1.376735e-01 0.9
1  1.74e+05  0.4244525867  1.376735e-01 0.9
1  1.82e+05  0.4288740112  1.376735e-01 0.9
1  1.91e+05  0.4333496868  1.376735e-01 0.9
1  2.00e+05  0.4379290646  1.376735e-01 0.9
1  2.09e+05  0.44262489  1.376735e-01 0.9
1  2.19e+05  0.4474266415  1.376735e-01 0.9
1  2.29e+05  0.4523107367  1.376735e-01 0.9
1  2.40e+05  0.4572468145  1.376735e-01 0.9
1  2.51e+05  0.4622011167  1.376735e-01 0.9
1  2.63e+05  0.46713839  1.376735e-01 0.9
1  2.75e+05  0.4720233402  1.376735e-01 0.9
1  2.88e+05  0.4768220834  1.376735e-01 0.9
1  3.02e+05  0.4815035925  1.376735e-01 0.9
1  3.16e+05  0.4860409461  1.376735e-01 0.9
1  3.31e+05  0.4904121894  1.376735e-01 0.9
1  3.47e+05  0.4946007185  1.376735e-01 0.9
1  3.63e+05  0.4985952097  1.376735e-01 0.9
1  3.80e+05  0.5023891936  1.376735e-01 0.9
1  3.98e+05  0.505980403  1.376735e-01 0.9
1  4.17e+05  0.5093700219  1.376735e-01 0.9
1  4.37e+05  0.5125619303  1.376735e-01 0.9
1  4.57e+05  0.5155620129  1.376735e-01 0.9
1  4.79e+05  0.5183775641  1.376735e-01 0.9
1  5.01e+05  0.5210168016  1.376735e-01 0.9
1  5.25e+05  0.5234884832  1.376735e-01 0.9
1  5.50e+05  0.5258016158  1.376735e-01 0.9
1  5.75e+05  0.5279652391  1.376735e-01 0.9
1  6.03e+05  0.5299882703  1.376735e-01 0.9
1  6.31e+05  0.5318793941  1.376735e-01 0.9
1  6.61e+05  0.5336469884  1.376735e-01 0.9
1  6.92e+05  0.5352990751  1.376735e-01 0.9
1  7.24e+05  0.53684329  1.376735e-01 0.9
1  7.59e+05  0.5382868668  1.376735e-01 0.9
1  7.94e+05  0.5396366315  1.376735e-01 0.9
1  8.32e+05  0.5408990036  1.376735e-01 0.9
1  8.71e+05  0.5420800038  1.376735e-01 0.9
1  9.12e+05  0.543185265  1.376735e-01 0.9
1  9.55e+05  0.5442200466  1.376735e-01 0.9
1  1.00e+06  0.5451892503  1.376735e-01 0.9
1  1.05e+06  0.546097438  1.376735e-01 0.9
1  1.10e+06  0.5469488501  1.376735e-01 0.9
1  1.15e+06  0.5477474235  1.376735e-01 0.9
1  1.20e+06  0.5484968109  1.376735e-01 0.9
1  1.26e+06  0.5492003988  1.376735e-01 0.9
1  1.32e+06  0.5498613252  1.376735e-01 0.9
1  1.38e+06  0.5504824974  1.376735e-01 0.9
1  1.45e+06  0.5510666075  1.376735e-01 0.9
1  1.51e+06  0.551616149  1.376735e-01 0.9
1  1.58e+06  0.552133431  1.376735e-01 0.9
1  1.66e+06  0.552620592  1.376735e-01 0.9
1  1.74e+06  0.5530796135  1.376735e-01 0.9
1  1.82e+06  0.5535123313  1.376735e-01 0.9
1  1.91e+06  0.5539204501  1.376735e-01 0.9
1  2.00e+06  0.5543055448  1.376735e-01 0.9
1  2.09e+06  0.5546690793  1.376735e-01 0.9
1  2.19e+06  0.5550124134  1.376735e-01 0.9
1  2.29e+06  0.5553368091  1.376735e-01 0.9
1  2.40e+06  0.5556434394  1.376735e-01 0.9
1  2.51e+06  0.5559333947  1.376735e-01 0.9
1  2.63e+06  0.55620769  1.376735e-01 0.9
1  2.75e+06  0.5564672697  1.376735e-01 0.9
1  2.88e+06  0.5567130137  1.376735e-01 0.9
1  3.02e+06  0.5569457421  1.376735e-01 0.9
1  3.16e+06  0.5571662201  1.376735e-01 0.9
1  3.31e+06  0.5573751614  1.376735e-01 0.9
1  3.47e+06  0.5575732332  1.376735e-01 0.9
1  3.63e+06  0.5577610583  1.376735e-01 0.9
1  3.80e+06  0.5579392196  1.376735e-01 0.9
1  3.98e+06  0.5581082624  1.376735e-01 0.9
1  4.17e+06  0.5582686973  1.376735e-01 0.9
1  4.37e+06  0.5584210027  1.376735e-01 0.9
1  4.57e+06  0.5585656272  1.376735e-01 0.9
1  4.79e+06  0.5587029913  1.376735e-01 0.9
1  5.01e+06  0.5588334901  1.376735e-01 0.9
1  5.25e+06  0.5589574944  1.376735e-01 0.9
1  5.50e+06  0.5590753527  1.376735e-01 0.9
1  5.75e+06  0.5591873927  1.376735e-01 0.9
1  6.03e+06  0.5592939227  1.376735e-01 0.9
1  6.31e+06  0.559395233  1.376735e-01 0.9
1  6.61e+06  0.5594915967  1.376735e-01 0.9
1  6.92e+06  0.5595832714  1.376735e-01 0.9
1  7.24e+06  0.5596704996  1.376735e-01 0.9
1  7.59e+06  0.5597535106  1.376735e-01 0.9
1  7.94e+06  0.5598325201  1.376735e-01 0.9
1  8.32e+06  0.5599077321  1.376735e-01 0.9
1  8.71e+06  0.5599793392  1.376735e-01 0.9
1  9.12e+06  0.5600475233  1.376735e-01 0.9
1  9.55e+06  0.5601124565  1.376735e-01 0.9
1  1.00e+07  0.5601743013  1.376735e-01 0.9
