1  1.00e-03  0.5572163766  1.604355e-01 1.0488
1  1.05e-03  0.5572151673  1.604355e-01 1.0488
1  1.10e-03  0.5572137289  1.604355e-01 1.0488
1  1.15e-03  0.5572124286  1.604355e-01 1.0488
1  1.20e-03  0.5572108581  1.604355e-01 1.0488
1  1.26e-03  0.5572093546  1.604355e-01 1.0488
1  1.32e-03  0.5572076473  1.604355e-01 1.0488
1  1.38e-03  0.5572058792  1.604355e-01 1.0488
1  1.45e-03  0.5572040852  1.604355e-01 1.0488
1  1.51e-03  0.5572023288  1.604355e-01 1.0488
1  1.58e-03  0.5572002561  1.604355e-01 1.0488
1  1.66e-03  0.5571982545  1.604355e-01 1.0488
1  1.74e-03  0.5571961139  1.604355e-01 1.0488
1  1.82e-03  0.5571938317  1.604355e-01 1.0488
1  1.91e-03  0.5571914761  1.604355e-01 1.0488
1  2.00e-03  0.5571889767  1.604355e-01 1.0488
1  2.09e-03  0.55718634  1.604355e-01 1.0488
1  2.19e-03  0.5571836516  1.604355e-01 1.0488
1  2.29e-03  0.557180849  1.604355e-01 1.0488
1  2.40e-03  0.5571778965  1.604355e-01 1.0488
1  2.51e-03  0.5571747252  1.604355e-01 1.0488
1  2.63e-03  0.5571714812  1.604355e-01 1.0488
1  2.75e-03  0.5571680631  1.604355e-01 1.0488
1  2.88e-03  0.5571644981  1.604355e-01 1.0488
1  3.02e-03  0.5571607277  1.604355e-01 1.0488
1  3.16e-03  0.5571568421  1.604355e-01 1.0488
1  3.31e-03  0.5571527015  1.604355e-01 1.0488
1  3.47e-03  0.5571484065  1.604355e-01 1.0488
1  3.63e-03  0.5571439132  1.604355e-01 1.0488
1  3.80e-03  0.5571392108  1.604355e-01 1.0488
1  3.98e-03  0.557134239  1.604355e-01 1.0488
1  4.17e-03  0.5571290799  1.604355e-01 1.0488
1  4.37e-03  0.5571236657  1.604355e-01 1.0488
1  4.57e-03  0.5571179832  1.604355e-01 1.0488
1  4.79e-03  0.5571120573  1.604355e-01 1.0488
1  5.01e-03  0.5571058302  1.604355e-01 1.0488
1  5.25e-03  0.5570993103  1.604355e-01 1.0488
1  5.50e-03  0.5570925034  1.604355e-01 1.0488
1  5.75e-03  0.5570853571  1.604355e-01 1.0488
1  6.03e-03  0.5570778647  1.604355e-01 1.0488
1  6.31e-03  0.5570700537  1.604355e-01 1.0488
1  6.61e-03  0.5570618196  1.604355e-01 1.0488
1  6.92e-03  0.5570532531  1.604355e-01 1.0488
1  7.24e-03  0.5570442479  1.604355e-01 1.0488
1  7.59e-03  0.5570348139  1.604355e-01 1.0488
1  7.94e-03  0.5570249767  1.604355e-01 1.0488
1  8.32e-03  0.5570146144  1.604355e-01 1.0488
1  8.71e-03  0.5570038183  1.604355e-01 1.0488
1  9.12e-03  0.5569924651  1.604355e-01 1.0488
1  9.55e-03  0.5569806027  1.604355e-01 1.0488
1  1.00e-02  0.5569682043  1.604355e-01 1.0488
1  1.05e-02  0.5569551708  1.604355e-01 1.0488
1  1.10e-02  0.5569415302  1.604355e-01 1.0488
1  1.15e-02  0.5569272768  1.604355e-01 1.0488
1  1.20e-02  0.5569123293  1.604355e-01 1.0488
1  1.26e-02  0.5568967068  1.604355e-01 1.0488
1  1.32e-02  0.5568802637  1.604355e-01 1.0488
1  1.38e-02  0.5568631076  1.604355e-01 1.0488
1  1.45e-02  0.5568451187  1.604355e-01 1.0488
1  1.51e-02  0.556826302  1.604355e-01 1.0488
1  1.58e-02  0.5568065747  1.604355e-01 1.0488
1  1.66e-02  0.5567859267  1.604355e-01 1.0488
1  1.74e-02  0.5567643585  1.604355e-01 1.0488
1  1.82e-02  0.5567416495  1.604355e-01 1.0488
1  1.91e-02  0.5567179936  1.604355e-01 1.0488
1  2.00e-02  0.5566930857  1.604355e-01 1.0488
1  2.09e-02  0.5566671377  1.604355e-01 1.0488
1  2.19e-02  0.5566398458  1.604355e-01 1.0488
1  2.29e-02  0.556611352  1.604355e-01 1.0488
1  2.40e-02  0.5565813776  1.604355e-01 1.0488
1  2.51e-02  0.5565501743  1.604355e-01 1.0488
1  2.63e-02  0.5565173827  1.604355e-01 1.0488
1  2.75e-02  0.556483007  1.604355e-01 1.0488
1  2.88e-02  0.5564469695  1.604355e-01 1.0488
1  3.02e-02  0.5564094183  1.604355e-01 1.0488
1  3.16e-02  0.5563698635  1.604355e-01 1.0488
1  3.31e-02  0.5563285819  1.604355e-01 1.0488
1  3.47e-02  0.5562853138  1.604355e-01 1.0488
1  3.63e-02  0.5562399238  1.604355e-01 1.0488
1  3.80e-02  0.5561925042  1.604355e-01 1.0488
1  3.98e-02  0.5561426098  1.604355e-01 1.0488
1  4.17e-02  0.5560906089  1.604355e-01 1.0488
1  4.37e-02  0.556036005  1.604355e-01 1.0488
1  4.57e-02  0.5559788655  1.604355e-01 1.0488
1  4.79e-02  0.5559189794  1.604355e-01 1.0488
1  5.01e-02  0.5558561545  1.604355e-01 1.0488
1  5.25e-02  0.5557903826  1.604355e-01 1.0488
1  5.50e-02  0.5557214228  1.604355e-01 1.0488
1  5.75e-02  0.5556492874  1.604355e-01 1.0488
1  6.03e-02  0.5555736936  1.604355e-01 1.0488
1  6.31e-02  0.5554947125  1.604355e-01 1.0488
1  6.61e-02  0.5554115787  1.604355e-01 1.0488
1  6.92e-02  0.5553248485  1.604355e-01 1.0488
1  7.24e-02  0.5552336999  1.604355e-01 1.0488
1  7.59e-02  0.5551383348  1.604355e-01 1.0488
1  7.94e-02  0.555038057  1.604355e-01 1.0488
1  8.32e-02  0.5549333495  1.604355e-01 1.0488
1  8.71e-02  0.5548234452  1.604355e-01 1.0488
1  9.12e-02  0.5547086472  1.604355e-01 1.0488
1  9.55e-02  0.5545881073  1.604355e-01 1.0488
1  1.00e-01  0.5544614368  1.604355e-01 1.0488
1  1.05e-01  0.5543291832  1.604355e-01 1.0488
1  1.10e-01  0.5541904798  1.604355e-01 1.0488
1  1.15e-01  0.5540449967  1.604355e-01 1.0488
1  1.20e-01  0.5538923179  1.604355e-01 1.0488
1  1.26e-01  0.5537323832  1.604355e-01 1.0488
1  1.32e-01  0.5535648927  1.604355e-01 1.0488
1  1.38e-01  0.5533893076  1.604355e-01 1.0488
1  1.45e-01  0.5532051233  1.604355e-01 1.0488
1  1.51e-01  0.5530125587  1.604355e-01 1.0488
1  1.58e-01  0.5528095703  1.604355e-01 1.0488
1  1.66e-01  0.5525977989  1.604355e-01 1.0488
1  1.74e-01  0.5523748147  1.604355e-01 1.0488
1  1.82e-01  0.552141884  1.604355e-01 1.0488
1  1.91e-01  0.5518974888  1.604355e-01 1.0488
1  2.00e-01  0.5516402817  1.604355e-01 1.0488
1  2.09e-01  0.5513716296  1.604355e-01 1.0488
1  2.19e-01  0.5510889622  1.604355e-01 1.0488
1  2.29e-01  0.5507931261  1.604355e-01 1.0488
1  2.40e-01  0.5504820683  1.604355e-01 1.0488
1  2.51e-01  0.5501559697  1.604355e-01 1.0488
1  2.63e-01  0.5498138524  1.604355e-01 1.0488
1  2.75e-01  0.5494547233  1.604355e-01 1.0488
1  2.88e-01  0.5490786229  1.604355e-01 1.0488
1  3.02e-01  0.5486828449  1.604355e-01 1.0488
1  3.16e-01  0.5482669705  1.604355e-01 1.0488
1  3.31e-01  0.5478320389  1.604355e-01 1.0488
1  3.47e-01  0.5473747504  1.604355e-01 1.0488
1  3.63e-01  0.5468948016  1.604355e-01 1.0488
1  3.80e-01  0.5463896248  1.604355e-01 1.0488
1  3.98e-01  0.5458601817  1.604355e-01 1.0488
1  4.17e-01  0.5453036339  1.604355e-01 1.0488
1  4.37e-01  0.5447186852  1.604355e-01 1.0488
1  4.57e-01  0.5441064255  1.604355e-01 1.0488
1  4.79e-01  0.5434612137  1.604355e-01 1.0488
1  5.01e-01  0.5427830687  1.604355e-01 1.0488
1  5.25e-01  0.5420711326  1.604355e-01 1.0488
1  5.50e-01  0.5413223105  1.604355e-01 1.0488
1  5.75e-01  0.5405331543  1.604355e-01 1.0488
1  6.03e-01  0.5397075375  1.604355e-01 1.0488
1  6.31e-01  0.5388355333  1.604355e-01 1.0488
1  6.61e-01  0.5379190912  1.604355e-01 1.0488
1  6.92e-01  0.5369565193  1.604355e-01 1.0488
1  7.24e-01  0.5359446248  1.604355e-01 1.0488
1  7.59e-01  0.5348802077  1.604355e-01 1.0488
1  7.94e-01  0.5337577531  1.604355e-01 1.0488
1  8.32e-01  0.5325761362  1.604355e-01 1.0488
1  8.71e-01  0.531334074  1.604355e-01 1.0488
1  9.12e-01  0.5300283576  1.604355e-01 1.0488
1  9.55e-01  0.528650828  1.604355e-01 1.0488
1  1.00e+00  0.5272022338  1.604355e-01 1.0488
1  1.05e+00  0.5256767633  1.604355e-01 1.0488
1  1.10e+00  0.5240701516  1.604355e-01 1.0488
1  1.15e+00  0.5223768626  1.604355e-01 1.0488
1  1.20e+00  0.5205963605  1.604355e-01 1.0488
1  1.26e+00  0.5187189251  1.604355e-01 1.0488
1  1.32e+00  0.5167449934  1.604355e-01 1.0488
1  1.38e+00  0.5146670667  1.604355e-01 1.0488
1  1.45e+00  0.5124741926  1.604355e-01 1.0488
1  1.51e+00  0.5101660734  1.604355e-01 1.0488
1  1.58e+00  0.5077436689  1.604355e-01 1.0488
1  1.66e+00  0.5051866557  1.604355e-01 1.0488
1  1.74e+00  0.5025040635  1.604355e-01 1.0488
1  1.82e+00  0.4996753524  1.604355e-01 1.0488
1  1.91e+00  0.4967088221  1.604355e-01 1.0488
1  2.00e+00  0.4935906494  1.604355e-01 1.0488
1  2.09e+00  0.4903168497  1.604355e-01 1.0488
1  2.19e+00  0.486884131  1.604355e-01 1.0488
1  2.29e+00  0.4832754501  1.604355e-01 1.0488
1  2.40e+00  0.479516158  1.604355e-01 1.0488
1  2.51e+00  0.4755755068  1.604355e-01 1.0488
1  2.63e+00  0.4714517361  1.604355e-01 1.0488
1  2.75e+00  0.4671618268  1.604355e-01 1.0488
1  2.88e+00  0.4627083688  1.604355e-01 1.0488
1  3.02e+00  0.4580651048  1.604355e-01 1.0488
1  3.16e+00  0.453263271  1.604355e-01 1.0488
1  3.31e+00  0.4482915387  1.604355e-01 1.0488
1  3.47e+00  0.4431503977  1.604355e-01 1.0488
1  3.63e+00  0.4378798301  1.604355e-01 1.0488
1  3.80e+00  0.432489424  1.604355e-01 1.0488
1  3.98e+00  0.4269645407  1.604355e-01 1.0488
1  4.17e+00  0.4213469665  1.604355e-01 1.0488
1  4.37e+00  0.4156486878  1.604355e-01 1.0488
1  4.57e+00  0.4098840687  1.604355e-01 1.0488
1  4.79e+00  0.4041215205  1.604355e-01 1.0488
1  5.01e+00  0.3983298733  1.604355e-01 1.0488
1  5.25e+00  0.3925600671  1.604355e-01 1.0488
1  5.50e+00  0.3868652869  1.604355e-01 1.0488
1  5.75e+00  0.3812237736  1.604355e-01 1.0488
1  6.03e+00  0.3757071063  1.604355e-01 1.0488
1  6.31e+00  0.3703382795  1.604355e-01 1.0488
1  6.61e+00  0.365091831  1.604355e-01 1.0488
1  6.92e+00  0.3600518851  1.604355e-01 1.0488
1  7.24e+00  0.3551817752  1.604355e-01 1.0488
1  7.59e+00  0.3505270423  1.604355e-01 1.0488
1  7.94e+00  0.3461198762  1.604355e-01 1.0488
1  8.32e+00  0.3419276533  1.604355e-01 1.0488
1  8.71e+00  0.3379569016  1.604355e-01 1.0488
1  9.12e+00  0.3342135248  1.604355e-01 1.0488
1  9.55e+00  0.3307163096  1.604355e-01 1.0488
1  1.00e+01  0.3274770135  1.604355e-01 1.0488
1  1.05e+01  0.3244131958  1.604355e-01 1.0488
1  1.10e+01  0.3216167495  1.604355e-01 1.0488
1  1.15e+01  0.3189458299  1.604355e-01 1.0488
1  1.20e+01  0.3165491861  1.604355e-01 1.0488
1  1.26e+01  0.3143349643  1.604355e-01 1.0488
1  1.32e+01  0.3123050772  1.604355e-01 1.0488
1  1.38e+01  0.3103829399  1.604355e-01 1.0488
1  1.45e+01  0.3086708868  1.604355e-01 1.0488
1  1.51e+01  0.3070492764  1.604355e-01 1.0488
1  1.58e+01  0.3055814088  1.604355e-01 1.0488
1  1.66e+01  0.3042576201  1.604355e-01 1.0488
1  1.74e+01  0.3030165973  1.604355e-01 1.0488
1  1.82e+01  0.3018625758  1.604355e-01 1.0488
1  1.91e+01  0.3008369159  1.604355e-01 1.0488
1  2.00e+01  0.2998720641  1.604355e-01 1.0488
1  2.09e+01  0.2989636087  1.604355e-01 1.0488
1  2.19e+01  0.2981665522  1.604355e-01 1.0488
1  2.29e+01  0.2973802013  1.604355e-01 1.0488
1  2.40e+01  0.296671668  1.604355e-01 1.0488
1  2.51e+01  0.2960213048  1.604355e-01 1.0488
1  2.63e+01  0.2953909959  1.604355e-01 1.0488
1  2.75e+01  0.2948162456  1.604355e-01 1.0488
1  2.88e+01  0.2942559131  1.604355e-01 1.0488
1  3.02e+01  0.293755395  1.604355e-01 1.0488
1  3.16e+01  0.2932349628  1.604355e-01 1.0488
1  3.31e+01  0.2927462877  1.604355e-01 1.0488
1  3.47e+01  0.2922812653  1.604355e-01 1.0488
1  3.63e+01  0.2918320983  1.604355e-01 1.0488
1  3.80e+01  0.2913768403  1.604355e-01 1.0488
1  3.98e+01  0.2909102901  1.604355e-01 1.0488
1  4.17e+01  0.2904473402  1.604355e-01 1.0488
1  4.37e+01  0.2899861133  1.604355e-01 1.0488
1  4.57e+01  0.2895277942  1.604355e-01 1.0488
1  4.79e+01  0.2890379406  1.604355e-01 1.0488
1  5.01e+01  0.2885363161  1.604355e-01 1.0488
1  5.25e+01  0.2879999535  1.604355e-01 1.0488
1  5.50e+01  0.2874473532  1.604355e-01 1.0488
1  5.75e+01  0.2868294328  1.604355e-01 1.0488
1  6.03e+01  0.2861870737  1.604355e-01 1.0488
1  6.31e+01  0.2855067265  1.604355e-01 1.0488
1  6.61e+01  0.2847523964  1.604355e-01 1.0488
1  6.92e+01  0.2838986359  1.604355e-01 1.0488
1  7.24e+01  0.2829878979  1.604355e-01 1.0488
1  7.59e+01  0.2819685546  1.604355e-01 1.0488
1  7.94e+01  0.2808266251  1.604355e-01 1.0488
1  8.32e+01  0.2795347449  1.604355e-01 1.0488
1  8.71e+01  0.2780679153  1.604355e-01 1.0488
1  9.12e+01  0.2764005635  1.604355e-01 1.0488
1  9.55e+01  0.2744995339  1.604355e-01 1.0488
1  1.00e+02  0.2722725746  1.604355e-01 1.0488
1  1.05e+02  0.2696723158  1.604355e-01 1.0488
1  1.10e+02  0.2665886665  1.604355e-01 1.0488
1  1.15e+02  0.2629791534  1.604355e-01 1.0488
1  1.20e+02  0.2586374723  1.604355e-01 1.0488
1  1.26e+02  0.2534202194  1.604355e-01 1.0488
1  1.32e+02  0.2470927765  1.604355e-01 1.0488
1  1.38e+02  0.2394350349  1.604355e-01 1.0488
1  1.45e+02  0.230132581  1.604355e-01 1.0488
1  1.51e+02  0.2189240606  1.604355e-01 1.0488
1  1.58e+02  0.2055363711  1.604355e-01 1.0488
1  1.66e+02  0.1899338785  1.604355e-01 1.0488
1  1.74e+02  0.1723673018  1.604355e-01 1.0488
1  1.82e+02  0.1534904191  1.604355e-01 1.0488
1  1.91e+02  0.1343138508  1.604355e-01 1.0488
1  2.00e+02  0.115953336  1.604355e-01 1.0488
1  2.09e+02  0.09937039009  1.604355e-01 1.0488
1  2.19e+02  0.08514665901  1.604355e-01 1.0488
1  2.29e+02  0.07337899719  1.604355e-01 1.0488
1  2.40e+02  0.06389348009  1.604355e-01 1.0488
1  2.51e+02  0.05637252905  1.604355e-01 1.0488
1  2.63e+02  0.05045076568  1.604355e-01 1.0488
1  2.75e+02  0.04578795506  1.604355e-01 1.0488
1  2.88e+02  0.04212552539  1.604355e-01 1.0488
1  3.02e+02  0.03921870066  1.604355e-01 1.0488
1  3.16e+02  0.03690096278  1.604355e-01 1.0488
1  3.31e+02  0.03504303213  1.604355e-01 1.0488
1  3.47e+02  0.03354456189  1.604355e-01 1.0488
1  3.63e+02  0.03232188553  1.604355e-01 1.0488
1  3.80e+02  0.03132247751  1.604355e-01 1.0488
1  3.98e+02  0.03049708315  1.604355e-01 1.0488
1  4.17e+02  0.02981342194  1.604355e-01 1.0488
1  4.37e+02  0.02924228022  1.604355e-01 1.0488
1  4.57e+02  0.02876301624  1.604355e-01 1.0488
1  4.79e+02  0.02836027133  1.604355e-01 1.0488
1  5.01e+02  0.02801688157  1.604355e-01 1.0488
1  5.25e+02  0.02772499511  1.604355e-01 1.0488
1  5.50e+02  0.02747334016  1.604355e-01 1.0488
1  5.75e+02  0.02726076155  1.604355e-01 1.0488
1  6.03e+02  0.02707627476  1.604355e-01 1.0488
1  6.31e+02  0.02691606505  1.604355e-01 1.0488
1  6.61e+02  0.02677643154  1.604355e-01 1.0488
1  6.92e+02  0.02665582045  1.604355e-01 1.0488
1  7.24e+02  0.02655114333  1.604355e-01 1.0488
1  7.59e+02  0.02645853053  1.604355e-01 1.0488
1  7.94e+02  0.0263788255  1.604355e-01 1.0488
1  8.32e+02  0.02630902197  1.604355e-01 1.0488
1  8.71e+02  0.02624576304  1.604355e-01 1.0488
1  9.12e+02  0.0261919383  1.604355e-01 1.0488
1  9.55e+02  0.02614408682  1.604355e-01 1.0488
1  1.00e+03  0.02610081766  1.604355e-01 1.0488
1  1.05e+03  0.02606210422  1.604355e-01 1.0488
1  1.10e+03  0.02602934009  1.604355e-01 1.0488
1  1.15e+03  0.02600063493  1.604355e-01 1.0488
1  1.20e+03  0.02597259773  1.604355e-01 1.0488
1  1.26e+03  0.0259489781  1.604355e-01 1.0488
1  1.32e+03  0.02592788632  1.604355e-01 1.0488
1  1.38e+03  0.02590940271  1.604355e-01 1.0488
1  1.45e+03  0.02589267662  1.604355e-01 1.0488
1  1.51e+03  0.02587819017  1.604355e-01 1.0488
1  1.58e+03  0.02586301422  1.604355e-01 1.0488
1  1.66e+03  0.02585073255  1.604355e-01 1.0488
1  1.74e+03  0.02584044925  1.604355e-01 1.0488
1  1.82e+03  0.02583019422  1.604355e-01 1.0488
1  1.91e+03  0.02582195654  1.604355e-01 1.0488
1  2.00e+03  0.0258132347  1.604355e-01 1.0488
1  2.09e+03  0.02580654332  1.604355e-01 1.0488
1  2.19e+03  0.02579980256  1.604355e-01 1.0488
1  2.29e+03  0.02579546422  1.604355e-01 1.0488
1  2.40e+03  0.02578995754  1.604355e-01 1.0488
1  2.51e+03  0.02578402108  1.604355e-01 1.0488
1  2.63e+03  0.02578007577  1.604355e-01 1.0488
1  2.75e+03  0.02577604972  1.604355e-01 1.0488
1  2.88e+03  0.02577407547  1.604355e-01 1.0488
1  3.02e+03  0.02576948342  1.604355e-01 1.0488
1  3.16e+03  0.0257668826  1.604355e-01 1.0488
1  3.31e+03  0.02576521901  1.604355e-01 1.0488
1  3.47e+03  0.02576225258  1.604355e-01 1.0488
1  3.63e+03  0.02576234975  1.604355e-01 1.0488
1  3.80e+03  0.0257614478  1.604355e-01 1.0488
1  3.98e+03  0.02575775494  1.604355e-01 1.0488
1  4.17e+03  0.02575170818  1.604355e-01 1.0488
1  4.37e+03  0.0257520933  1.604355e-01 1.0488
1  4.57e+03  0.02575111293  1.604355e-01 1.0488
1  4.79e+03  0.02574790954  1.604355e-01 1.0488
1  5.01e+03  0.02575256843  1.604355e-01 1.0488
1  5.25e+03  0.02575796983  1.604355e-01 1.0488
1  5.50e+03  0.02574898058  1.604355e-01 1.0488
1  5.75e+03  0.02574218151  1.604355e-01 1.0488
1  6.03e+03  0.0257664481  1.604355e-01 1.0488
1  6.31e+03  0.02574567601  1.604355e-01 1.0488
1  6.61e+03  0.02576846382  1.604355e-01 1.0488
1  6.92e+03  0.02575213245  1.604355e-01 1.0488
1  7.24e+03  0.02580143571  1.604355e-01 1.0488
1  7.59e+03  0.02576133192  1.604355e-01 1.0488
1  7.94e+03  0.02582093155  1.604355e-01 1.0488
1  8.32e+03  0.02587711851  1.604355e-01 1.0488
1  8.71e+03  0.02586388075  1.604355e-01 1.0488
1  9.12e+03  0.02590106128  1.604355e-01 1.0488
1  9.55e+03  0.02602620733  1.604355e-01 1.0488
1  1.00e+04  0.02620872412  1.604355e-01 1.0488
1  1.05e+04  0.02637417309  1.604355e-01 1.0488
1  1.10e+04  0.02660261409  1.604355e-01 1.0488
1  1.15e+04  0.02683464895  1.604355e-01 1.0488
1  1.20e+04  0.0272167731  1.604355e-01 1.0488
1  1.26e+04  0.02763534762  1.604355e-01 1.0488
1  1.32e+04  0.02810797685  1.604355e-01 1.0488
1  1.38e+04  0.02867041107  1.604355e-01 1.0488
1  1.45e+04  0.029340284  1.604355e-01 1.0488
1  1.51e+04  0.03028164852  1.604355e-01 1.0488
1  1.58e+04  0.0315833036  1.604355e-01 1.0488
1  1.66e+04  0.03302329592  1.604355e-01 1.0488
1  1.74e+04  0.03434750377  1.604355e-01 1.0488
1  1.82e+04  0.03583120958  1.604355e-01 1.0488
1  1.91e+04  0.03819043244  1.604355e-01 1.0488
1  2.00e+04  0.04084569104  1.604355e-01 1.0488
1  2.09e+04  0.04302321414  1.604355e-01 1.0488
1  2.19e+04  0.04609436116  1.604355e-01 1.0488
1  2.29e+04  0.04950164953  1.604355e-01 1.0488
1  2.40e+04  0.05304178194  1.604355e-01 1.0488
1  2.51e+04  0.05696939532  1.604355e-01 1.0488
1  2.63e+04  0.06152356782  1.604355e-01 1.0488
1  2.75e+04  0.06590903361  1.604355e-01 1.0488
1  2.88e+04  0.07137416895  1.604355e-01 1.0488
1  3.02e+04  0.07644347258  1.604355e-01 1.0488
1  3.16e+04  0.0823940533  1.604355e-01 1.0488
1  3.31e+04  0.08885329297  1.604355e-01 1.0488
1  3.47e+04  0.09438152608  1.604355e-01 1.0488
1  3.63e+04  0.1024912794  1.604355e-01 1.0488
1  3.80e+04  0.1089318477  1.604355e-01 1.0488
1  3.98e+04  0.1154149977  1.604355e-01 1.0488
1  4.17e+04  0.1251837982  1.604355e-01 1.0488
1  4.37e+04  0.1322993562  1.604355e-01 1.0488
1  4.57e+04  0.1386604709  1.604355e-01 1.0488
1  4.79e+04  0.1489259955  1.604355e-01 1.0488
1  5.01e+04  0.158795835  1.604355e-01 1.0488
1  5.25e+04  0.1657070033  1.604355e-01 1.0488
1  5.50e+04  0.1732565334  1.604355e-01 1.0488
1  5.75e+04  0.1833415273  1.604355e-01 1.0488
1  6.03e+04  0.1942064899  1.604355e-01 1.0488
1  6.31e+04  0.2038787158  1.604355e-01 1.0488
1  6.61e+04  0.2118415307  1.604355e-01 1.0488
1  6.92e+04  0.2191586324  1.604355e-01 1.0488
1  7.24e+04  0.2276831639  1.604355e-01 1.0488
1  7.59e+04  0.2383071665  1.604355e-01 1.0488
1  7.94e+04  0.2499656757  1.604355e-01 1.0488
1  8.32e+04  0.260714451  1.604355e-01 1.0488
1  8.71e+04  0.2694946199  1.604355e-01 1.0488
1  9.12e+04  0.2767014423  1.604355e-01 1.0488
1  9.55e+04  0.2834843556  1.604355e-01 1.0488
1  1.00e+05  0.2908309157  1.604355e-01 1.0488
1  1.05e+05  0.2991682686  1.604355e-01 1.0488
1  1.10e+05  0.3084566919  1.604355e-01 1.0488
1  1.15e+05  0.3184077079  1.604355e-01 1.0488
1  1.20e+05  0.328614998  1.604355e-01 1.0488
1  1.26e+05  0.3386251664  1.604355e-01 1.0488
1  1.32e+05  0.3480214562  1.604355e-01 1.0488
1  1.38e+05  0.3565177043  1.604355e-01 1.0488
1  1.45e+05  0.3640152275  1.604355e-01 1.0488
1  1.51e+05  0.3705962421  1.604355e-01 1.0488
1  1.58e+05  0.3764666365  1.604355e-01 1.0488
1  1.66e+05  0.3818807492  1.604355e-01 1.0488
1  1.74e+05  0.38707746  1.604355e-01 1.0488
1  1.82e+05  0.3922423842  1.604355e-01 1.0488
1  1.91e+05  0.3974965272  1.604355e-01 1.0488
1  2.00e+05  0.4029031016  1.604355e-01 1.0488
1  2.09e+05  0.4084821862  1.604355e-01 1.0488
1  2.19e+05  0.4142254252  1.604355e-01 1.0488
1  2.29e+05  0.420107035  1.604355e-01 1.0488
1  2.40e+05  0.4260907193  1.604355e-01 1.0488
1  2.51e+05  0.4321337717  1.604355e-01 1.0488
1  2.63e+05  0.4381898697  1.604355e-01 1.0488
1  2.75e+05  0.4442115279  1.604355e-01 1.0488
1  2.88e+05  0.4501525203  1.604355e-01 1.0488
1  3.02e+05  0.4559701464  1.604355e-01 1.0488
1  3.16e+05  0.4616270705  1.604355e-01 1.0488
1  3.31e+05  0.4670925297  1.604355e-01 1.0488
1  3.47e+05  0.4723428459  1.604355e-01 1.0488
1  3.63e+05  0.4773613177  1.604355e-01 1.0488
1  3.80e+05  0.482137648  1.604355e-01 1.0488
1  3.98e+05  0.486667088  1.604355e-01 1.0488
1  4.17e+05  0.4909494617  1.604355e-01 1.0488
1  4.37e+05  0.4949881954  1.604355e-01 1.0488
1  4.57e+05  0.49878943  1.604355e-01 1.0488
1  4.79e+05  0.5023612591  1.604355e-01 1.0488
1  5.01e+05  0.5057131031  1.604355e-01 1.0488
1  5.25e+05  0.5088552136  1.604355e-01 1.0488
1  5.50e+05  0.5117982924  1.604355e-01 1.0488
1  5.75e+05  0.5145532044  1.604355e-01 1.0488
1  6.03e+05  0.5171307668  1.604355e-01 1.0488
1  6.31e+05  0.5195415963  1.604355e-01 1.0488
1  6.61e+05  0.5217960011  1.604355e-01 1.0488
1  6.92e+05  0.5239039068  1.604355e-01 1.0488
1  7.24e+05  0.5258748064  1.604355e-01 1.0488
1  7.59e+05  0.5277177307  1.604355e-01 1.0488
1  7.94e+05  0.5294412319  1.604355e-01 1.0488
1  8.32e+05  0.5310533787  1.604355e-01 1.0488
1  8.71e+05  0.5325617589  1.604355e-01 1.0488
1  9.12e+05  0.5339734883  1.604355e-01 1.0488
1  9.55e+05  0.535295225  1.604355e-01 1.0488
1  1.00e+06  0.5365331855  1.604355e-01 1.0488
1  1.05e+06  0.5376931646  1.604355e-01 1.0488
1  1.10e+06  0.5387805557  1.604355e-01 1.0488
1  1.15e+06  0.5398003733  1.604355e-01 1.0488
1  1.20e+06  0.540757274  1.604355e-01 1.0488
1  1.26e+06  0.5416555794  1.604355e-01 1.0488
1  1.32e+06  0.5424992975  1.604355e-01 1.0488
1  1.38e+06  0.5432921438  1.604355e-01 1.0488
1  1.45e+06  0.5440375615  1.604355e-01 1.0488
1  1.51e+06  0.5447387409  1.604355e-01 1.0488
1  1.58e+06  0.545398638  1.604355e-01 1.0488
1  1.66e+06  0.5460199918  1.604355e-01 1.0488
1  1.74e+06  0.5466053403  1.604355e-01 1.0488
1  1.82e+06  0.5471570368  1.604355e-01 1.0488
1  1.91e+06  0.5476772637  1.604355e-01 1.0488
1  2.00e+06  0.548168042  1.604355e-01 1.0488
1  2.09e+06  0.5486312487  1.604355e-01 1.0488
1  2.19e+06  0.5490686261  1.604355e-01 1.0488
1  2.29e+06  0.5494817932  1.604355e-01 1.0488
1  2.40e+06  0.5498722538  1.604355e-01 1.0488
1  2.51e+06  0.5502414061  1.604355e-01 1.0488
1  2.63e+06  0.550590551  1.604355e-01 1.0488
1  2.75e+06  0.5509208997  1.604355e-01 1.0488
1  2.88e+06  0.5512335798  1.604355e-01 1.0488
1  3.02e+06  0.5515296426  1.604355e-01 1.0488
1  3.16e+06  0.5518100682  1.604355e-01 1.0488
1  3.31e+06  0.5520757718  1.604355e-01 1.0488
1  3.47e+06  0.5523276075  1.604355e-01 1.0488
1  3.63e+06  0.5525663733  1.604355e-01 1.0488
1  3.80e+06  0.5527928155  1.604355e-01 1.0488
1  3.98e+06  0.5530076322  1.604355e-01 1.0488
1  4.17e+06  0.553211477  1.604355e-01 1.0488
1  4.37e+06  0.5534049621  1.604355e-01 1.0488
1  4.57e+06  0.5535886612  1.604355e-01 1.0488
1  4.79e+06  0.5537631124  1.604355e-01 1.0488
1  5.01e+06  0.5539288206  1.604355e-01 1.0488
1  5.25e+06  0.5540862601  1.604355e-01 1.0488
1  5.50e+06  0.5542358761  1.604355e-01 1.0488
1  5.75e+06  0.5543780875  1.604355e-01 1.0488
1  6.03e+06  0.554513288  1.604355e-01 1.0488
1  6.31e+06  0.554641848  1.604355e-01 1.0488
1  6.61e+06  0.5547641165  1.604355e-01 1.0488
1  6.92e+06  0.5548804222  1.604355e-01 1.0488
1  7.24e+06  0.5549910747  1.604355e-01 1.0488
1  7.59e+06  0.5550963661  1.604355e-01 1.0488
1  7.94e+06  0.5551965718  1.604355e-01 1.0488
1  8.32e+06  0.5552919519  1.604355e-01 1.0488
1  8.71e+06  0.5553827517  1.604355e-01 1.0488
1  9.12e+06  0.5554692033  1.604355e-01 1.0488
1  9.55e+06  0.5555515257  1.604355e-01 1.0488
1  1.00e+07  0.555629926  1.604355e-01 1.0488
