1  1.00e-03  0.5565863148  1.636173e-01 1.0696
1  1.05e-03  0.5565851072  1.636173e-01 1.0696
1  1.10e-03  0.5565836733  1.636173e-01 1.0696
1  1.15e-03  0.5565823772  1.636173e-01 1.0696
1  1.20e-03  0.556580804  1.636173e-01 1.0696
1  1.26e-03  0.5565793041  1.636173e-01 1.0696
1  1.32e-03  0.5565775975  1.636173e-01 1.0696
1  1.38e-03  0.5565758315  1.636173e-01 1.0696
1  1.45e-03  0.5565740426  1.636173e-01 1.0696
1  1.51e-03  0.5565722842  1.636173e-01 1.0696
1  1.58e-03  0.5565702127  1.636173e-01 1.0696
1  1.66e-03  0.5565682199  1.636173e-01 1.0696
1  1.74e-03  0.5565660816  1.636173e-01 1.0696
1  1.82e-03  0.5565638023  1.636173e-01 1.0696
1  1.91e-03  0.556561443  1.636173e-01 1.0696
1  2.00e-03  0.5565589451  1.636173e-01 1.0696
1  2.09e-03  0.5565563117  1.636173e-01 1.0696
1  2.19e-03  0.55655363  1.636173e-01 1.0696
1  2.29e-03  0.5565508282  1.636173e-01 1.0696
1  2.40e-03  0.5565478865  1.636173e-01 1.0696
1  2.51e-03  0.5565447158  1.636173e-01 1.0696
1  2.63e-03  0.5565414793  1.636173e-01 1.0696
1  2.75e-03  0.5565380558  1.636173e-01 1.0696
1  2.88e-03  0.5565344944  1.636173e-01 1.0696
1  3.02e-03  0.5565307299  1.636173e-01 1.0696
1  3.16e-03  0.5565268469  1.636173e-01 1.0696
1  3.31e-03  0.5565227171  1.636173e-01 1.0696
1  3.47e-03  0.55651842  1.636173e-01 1.0696
1  3.63e-03  0.5565139327  1.636173e-01 1.0696
1  3.80e-03  0.5565092347  1.636173e-01 1.0696
1  3.98e-03  0.5565042737  1.636173e-01 1.0696
1  4.17e-03  0.5564991251  1.636173e-01 1.0696
1  4.37e-03  0.5564937186  1.636173e-01 1.0696
1  4.57e-03  0.5564880394  1.636173e-01 1.0696
1  4.79e-03  0.5564821132  1.636173e-01 1.0696
1  5.01e-03  0.5564758915  1.636173e-01 1.0696
1  5.25e-03  0.5564693906  1.636173e-01 1.0696
1  5.50e-03  0.5564625885  1.636173e-01 1.0696
1  5.75e-03  0.5564554523  1.636173e-01 1.0696
1  6.03e-03  0.5564479692  1.636173e-01 1.0696
1  6.31e-03  0.5564401544  1.636173e-01 1.0696
1  6.61e-03  0.5564319407  1.636173e-01 1.0696
1  6.92e-03  0.5564233868  1.636173e-01 1.0696
1  7.24e-03  0.5564143955  1.636173e-01 1.0696
1  7.59e-03  0.5564049588  1.636173e-01 1.0696
1  7.94e-03  0.5563951364  1.636173e-01 1.0696
1  8.32e-03  0.5563847853  1.636173e-01 1.0696
1  8.71e-03  0.5563739835  1.636173e-01 1.0696
1  9.12e-03  0.5563626657  1.636173e-01 1.0696
1  9.55e-03  0.5563508242  1.636173e-01 1.0696
1  1.00e-02  0.5563384066  1.636173e-01 1.0696
1  1.05e-02  0.5563254234  1.636173e-01 1.0696
1  1.10e-02  0.5563117806  1.636173e-01 1.0696
1  1.15e-02  0.556297561  1.636173e-01 1.0696
1  1.20e-02  0.5562826308  1.636173e-01 1.0696
1  1.26e-02  0.5562669892  1.636173e-01 1.0696
1  1.32e-02  0.5562505921  1.636173e-01 1.0696
1  1.38e-02  0.5562334663  1.636173e-01 1.0696
1  1.45e-02  0.5562154825  1.636173e-01 1.0696
1  1.51e-02  0.5561966657  1.636173e-01 1.0696
1  1.58e-02  0.556176974  1.636173e-01 1.0696
1  1.66e-02  0.5561563736  1.636173e-01 1.0696
1  1.74e-02  0.5561347768  1.636173e-01 1.0696
1  1.82e-02  0.5561121195  1.636173e-01 1.0696
1  1.91e-02  0.5560884987  1.636173e-01 1.0696
1  2.00e-02  0.5560636408  1.636173e-01 1.0696
1  2.09e-02  0.5560376597  1.636173e-01 1.0696
1  2.19e-02  0.5560104006  1.636173e-01 1.0696
1  2.29e-02  0.5559819306  1.636173e-01 1.0696
1  2.40e-02  0.5559520421  1.636173e-01 1.0696
1  2.51e-02  0.5559208354  1.636173e-01 1.0696
1  2.63e-02  0.5558881079  1.636173e-01 1.0696
1  2.75e-02  0.5558538047  1.636173e-01 1.0696
1  2.88e-02  0.5558177865  1.636173e-01 1.0696
1  3.02e-02  0.5557802302  1.636173e-01 1.0696
1  3.16e-02  0.5557407183  1.636173e-01 1.0696
1  3.31e-02  0.555699457  1.636173e-01 1.0696
1  3.47e-02  0.5556562328  1.636173e-01 1.0696
1  3.63e-02  0.5556109017  1.636173e-01 1.0696
1  3.80e-02  0.5555635311  1.636173e-01 1.0696
1  3.98e-02  0.5555137952  1.636173e-01 1.0696
1  4.17e-02  0.5554618545  1.636173e-01 1.0696
1  4.37e-02  0.5554071885  1.636173e-01 1.0696
1  4.57e-02  0.5553501123  1.636173e-01 1.0696
1  4.79e-02  0.5552903806  1.636173e-01 1.0696
1  5.01e-02  0.555227687  1.636173e-01 1.0696
1  5.25e-02  0.5551620043  1.636173e-01 1.0696
1  5.50e-02  0.5550930615  1.636173e-01 1.0696
1  5.75e-02  0.5550209625  1.636173e-01 1.0696
1  6.03e-02  0.5549454556  1.636173e-01 1.0696
1  6.31e-02  0.5548666035  1.636173e-01 1.0696
1  6.61e-02  0.5547836502  1.636173e-01 1.0696
1  6.92e-02  0.5546968938  1.636173e-01 1.0696
1  7.24e-02  0.5546057325  1.636173e-01 1.0696
1  7.59e-02  0.5545104932  1.636173e-01 1.0696
1  7.94e-02  0.5544105449  1.636173e-01 1.0696
1  8.32e-02  0.5543059901  1.636173e-01 1.0696
1  8.71e-02  0.554196129  1.636173e-01 1.0696
1  9.12e-02  0.5540812414  1.636173e-01 1.0696
1  9.55e-02  0.5539610807  1.636173e-01 1.0696
1  1.00e-01  0.5538345833  1.636173e-01 1.0696
1  1.05e-01  0.553702207  1.636173e-01 1.0696
1  1.10e-01  0.5535639549  1.636173e-01 1.0696
1  1.15e-01  0.5534186505  1.636173e-01 1.0696
1  1.20e-01  0.5532661955  1.636173e-01 1.0696
1  1.26e-01  0.553106396  1.636173e-01 1.0696
1  1.32e-01  0.5529388631  1.636173e-01 1.0696
1  1.38e-01  0.5527637926  1.636173e-01 1.0696
1  1.45e-01  0.5525798135  1.636173e-01 1.0696
1  1.51e-01  0.5523870155  1.636173e-01 1.0696
1  1.58e-01  0.5521845834  1.636173e-01 1.0696
1  1.66e-01  0.5519731632  1.636173e-01 1.0696
1  1.74e-01  0.5517504243  1.636173e-01 1.0696
1  1.82e-01  0.551517818  1.636173e-01 1.0696
1  1.91e-01  0.551273268  1.636173e-01 1.0696
1  2.00e-01  0.551016303  1.636173e-01 1.0696
1  2.09e-01  0.5507479219  1.636173e-01 1.0696
1  2.19e-01  0.5504655  1.636173e-01 1.0696
1  2.29e-01  0.5501701645  1.636173e-01 1.0696
1  2.40e-01  0.5498592671  1.636173e-01 1.0696
1  2.51e-01  0.5495343028  1.636173e-01 1.0696
1  2.63e-01  0.5491918066  1.636173e-01 1.0696
1  2.75e-01  0.5488331182  1.636173e-01 1.0696
1  2.88e-01  0.5484577146  1.636173e-01 1.0696
1  3.02e-01  0.5480629201  1.636173e-01 1.0696
1  3.16e-01  0.5476471322  1.636173e-01 1.0696
1  3.31e-01  0.5472132088  1.636173e-01 1.0696
1  3.47e-01  0.5467554506  1.636173e-01 1.0696
1  3.63e-01  0.546276143  1.636173e-01 1.0696
1  3.80e-01  0.5457715695  1.636173e-01 1.0696
1  3.98e-01  0.5452438578  1.636173e-01 1.0696
1  4.17e-01  0.5446880684  1.636173e-01 1.0696
1  4.37e-01  0.5441037625  1.636173e-01 1.0696
1  4.57e-01  0.5434911491  1.636173e-01 1.0696
1  4.79e-01  0.5428474156  1.636173e-01 1.0696
1  5.01e-01  0.5421690874  1.636173e-01 1.0696
1  5.25e-01  0.5414582493  1.636173e-01 1.0696
1  5.50e-01  0.5407109067  1.636173e-01 1.0696
1  5.75e-01  0.5399223161  1.636173e-01 1.0696
1  6.03e-01  0.539097766  1.636173e-01 1.0696
1  6.31e-01  0.5382282342  1.636173e-01 1.0696
1  6.61e-01  0.5373121156  1.636173e-01 1.0696
1  6.92e-01  0.5363502335  1.636173e-01 1.0696
1  7.24e-01  0.5353410353  1.636173e-01 1.0696
1  7.59e-01  0.5342774897  1.636173e-01 1.0696
1  7.94e-01  0.5331547272  1.636173e-01 1.0696
1  8.32e-01  0.5319765584  1.636173e-01 1.0696
1  8.71e-01  0.5307352374  1.636173e-01 1.0696
1  9.12e-01  0.5294325198  1.636173e-01 1.0696
1  9.55e-01  0.5280547336  1.636173e-01 1.0696
1  1.00e+00  0.5266076727  1.636173e-01 1.0696
1  1.05e+00  0.5250867894  1.636173e-01 1.0696
1  1.10e+00  0.5234823228  1.636173e-01 1.0696
1  1.15e+00  0.5217908429  1.636173e-01 1.0696
1  1.20e+00  0.5200131553  1.636173e-01 1.0696
1  1.26e+00  0.5181361536  1.636173e-01 1.0696
1  1.32e+00  0.5161635857  1.636173e-01 1.0696
1  1.38e+00  0.5140910858  1.636173e-01 1.0696
1  1.45e+00  0.5119018771  1.636173e-01 1.0696
1  1.51e+00  0.5095961972  1.636173e-01 1.0696
1  1.58e+00  0.5071736154  1.636173e-01 1.0696
1  1.66e+00  0.5046203461  1.636173e-01 1.0696
1  1.74e+00  0.5019440835  1.636173e-01 1.0696
1  1.82e+00  0.4991199794  1.636173e-01 1.0696
1  1.91e+00  0.4961568693  1.636173e-01 1.0696
1  2.00e+00  0.4930387083  1.636173e-01 1.0696
1  2.09e+00  0.4897727261  1.636173e-01 1.0696
1  2.19e+00  0.4863432431  1.636173e-01 1.0696
1  2.29e+00  0.482739672  1.636173e-01 1.0696
1  2.40e+00  0.4789848227  1.636173e-01 1.0696
1  2.51e+00  0.4750457311  1.636173e-01 1.0696
1  2.63e+00  0.4709298332  1.636173e-01 1.0696
1  2.75e+00  0.4666428909  1.636173e-01 1.0696
1  2.88e+00  0.4621939434  1.636173e-01 1.0696
1  3.02e+00  0.4575583436  1.636173e-01 1.0696
1  3.16e+00  0.4527591187  1.636173e-01 1.0696
1  3.31e+00  0.44779108  1.636173e-01 1.0696
1  3.47e+00  0.4426551485  1.636173e-01 1.0696
1  3.63e+00  0.4373899876  1.636173e-01 1.0696
1  3.80e+00  0.4320021551  1.636173e-01 1.0696
1  3.98e+00  0.4264802547  1.636173e-01 1.0696
1  4.17e+00  0.4208441038  1.636173e-01 1.0696
1  4.37e+00  0.4151711335  1.636173e-01 1.0696
1  4.57e+00  0.4094082558  1.636173e-01 1.0696
1  4.79e+00  0.4036472538  1.636173e-01 1.0696
1  5.01e+00  0.3978570503  1.636173e-01 1.0696
1  5.25e+00  0.3920857849  1.636173e-01 1.0696
1  5.50e+00  0.3863893559  1.636173e-01 1.0696
1  5.75e+00  0.3807484289  1.636173e-01 1.0696
1  6.03e+00  0.3752321374  1.636173e-01 1.0696
1  6.31e+00  0.3698596605  1.636173e-01 1.0696
1  6.61e+00  0.3646127025  1.636173e-01 1.0696
1  6.92e+00  0.3595604561  1.636173e-01 1.0696
1  7.24e+00  0.3546960409  1.636173e-01 1.0696
1  7.59e+00  0.3500324746  1.636173e-01 1.0696
1  7.94e+00  0.345623391  1.636173e-01 1.0696
1  8.32e+00  0.3414193164  1.636173e-01 1.0696
1  8.71e+00  0.337436998  1.636173e-01 1.0696
1  9.12e+00  0.3337043644  1.636173e-01 1.0696
1  9.55e+00  0.3301977662  1.636173e-01 1.0696
1  1.00e+01  0.3269402851  1.636173e-01 1.0696
1  1.05e+01  0.323885012  1.636173e-01 1.0696
1  1.10e+01  0.321074417  1.636173e-01 1.0696
1  1.15e+01  0.3184947581  1.636173e-01 1.0696
1  1.20e+01  0.316048091  1.636173e-01 1.0696
1  1.26e+01  0.3137925937  1.636173e-01 1.0696
1  1.32e+01  0.311723523  1.636173e-01 1.0696
1  1.38e+01  0.3098276658  1.636173e-01 1.0696
1  1.45e+01  0.308093175  1.636173e-01 1.0696
1  1.51e+01  0.3064872323  1.636173e-01 1.0696
1  1.58e+01  0.3050104705  1.636173e-01 1.0696
1  1.66e+01  0.3036737257  1.636173e-01 1.0696
1  1.74e+01  0.3024338131  1.636173e-01 1.0696
1  1.82e+01  0.3012724189  1.636173e-01 1.0696
1  1.91e+01  0.3002405062  1.636173e-01 1.0696
1  2.00e+01  0.2992496624  1.636173e-01 1.0696
1  2.09e+01  0.2983670477  1.636173e-01 1.0696
1  2.19e+01  0.2975465731  1.636173e-01 1.0696
1  2.29e+01  0.2967784939  1.636173e-01 1.0696
1  2.40e+01  0.2960577582  1.636173e-01 1.0696
1  2.51e+01  0.2954070786  1.636173e-01 1.0696
1  2.63e+01  0.2947673267  1.636173e-01 1.0696
1  2.75e+01  0.2941933436  1.636173e-01 1.0696
1  2.88e+01  0.2936294832  1.636173e-01 1.0696
1  3.02e+01  0.2930834712  1.636173e-01 1.0696
1  3.16e+01  0.2925725743  1.636173e-01 1.0696
1  3.31e+01  0.2920845946  1.636173e-01 1.0696
1  3.47e+01  0.2916011974  1.636173e-01 1.0696
1  3.63e+01  0.2911317691  1.636173e-01 1.0696
1  3.80e+01  0.2906817197  1.636173e-01 1.0696
1  3.98e+01  0.2902294344  1.636173e-01 1.0696
1  4.17e+01  0.2897648395  1.636173e-01 1.0696
1  4.37e+01  0.2892934897  1.636173e-01 1.0696
1  4.57e+01  0.2888047136  1.636173e-01 1.0696
1  4.79e+01  0.2882881337  1.636173e-01 1.0696
1  5.01e+01  0.2877839059  1.636173e-01 1.0696
1  5.25e+01  0.2872443824  1.636173e-01 1.0696
1  5.50e+01  0.2866497146  1.636173e-01 1.0696
1  5.75e+01  0.286058728  1.636173e-01 1.0696
1  6.03e+01  0.2853978244  1.636173e-01 1.0696
1  6.31e+01  0.2846594276  1.636173e-01 1.0696
1  6.61e+01  0.2838841577  1.636173e-01 1.0696
1  6.92e+01  0.283043501  1.636173e-01 1.0696
1  7.24e+01  0.2820940685  1.636173e-01 1.0696
1  7.59e+01  0.281059523  1.636173e-01 1.0696
1  7.94e+01  0.279886805  1.636173e-01 1.0696
1  8.32e+01  0.2785595404  1.636173e-01 1.0696
1  8.71e+01  0.2770742555  1.636173e-01 1.0696
1  9.12e+01  0.2753580852  1.636173e-01 1.0696
1  9.55e+01  0.2733808135  1.636173e-01 1.0696
1  1.00e+02  0.271099996  1.636173e-01 1.0696
1  1.05e+02  0.2684450449  1.636173e-01 1.0696
1  1.10e+02  0.2653475363  1.636173e-01 1.0696
1  1.15e+02  0.2616340401  1.636173e-01 1.0696
1  1.20e+02  0.2572323809  1.636173e-01 1.0696
1  1.26e+02  0.2519524539  1.636173e-01 1.0696
1  1.32e+02  0.2455985035  1.636173e-01 1.0696
1  1.38e+02  0.2379103709  1.636173e-01 1.0696
1  1.45e+02  0.2286102195  1.636173e-01 1.0696
1  1.51e+02  0.2174313072  1.636173e-01 1.0696
1  1.58e+02  0.2042020086  1.636173e-01 1.0696
1  1.66e+02  0.1888583312  1.636173e-01 1.0696
1  1.74e+02  0.1716494449  1.636173e-01 1.0696
1  1.82e+02  0.1532095708  1.636173e-01 1.0696
1  1.91e+02  0.1345007071  1.636173e-01 1.0696
1  2.00e+02  0.116604353  1.636173e-01 1.0696
1  2.09e+02  0.1003806515  1.636173e-01 1.0696
1  2.19e+02  0.08639449558  1.636173e-01 1.0696
1  2.29e+02  0.07475882118  1.636173e-01 1.0696
1  2.40e+02  0.06534068358  1.636173e-01 1.0696
1  2.51e+02  0.05783498814  1.636173e-01 1.0696
1  2.63e+02  0.05189845309  1.636173e-01 1.0696
1  2.75e+02  0.04720656972  1.636173e-01 1.0696
1  2.88e+02  0.04349971535  1.636173e-01 1.0696
1  3.02e+02  0.04054939769  1.636173e-01 1.0696
1  3.16e+02  0.03820030383  1.636173e-01 1.0696
1  3.31e+02  0.0363118431  1.636173e-01 1.0696
1  3.47e+02  0.03478120325  1.636173e-01 1.0696
1  3.63e+02  0.0335345262  1.636173e-01 1.0696
1  3.80e+02  0.03251132641  1.636173e-01 1.0696
1  3.98e+02  0.0316662144  1.636173e-01 1.0696
1  4.17e+02  0.03096169577  1.636173e-01 1.0696
1  4.37e+02  0.03037572887  1.636173e-01 1.0696
1  4.57e+02  0.02988123648  1.636173e-01 1.0696
1  4.79e+02  0.0294671041  1.636173e-01 1.0696
1  5.01e+02  0.02911375815  1.636173e-01 1.0696
1  5.25e+02  0.02881428047  1.636173e-01 1.0696
1  5.50e+02  0.02855620761  1.636173e-01 1.0696
1  5.75e+02  0.02833669246  1.636173e-01 1.0696
1  6.03e+02  0.02814674761  1.636173e-01 1.0696
1  6.31e+02  0.02798301597  1.636173e-01 1.0696
1  6.61e+02  0.02784142958  1.636173e-01 1.0696
1  6.92e+02  0.02771581126  1.636173e-01 1.0696
1  7.24e+02  0.0276078962  1.636173e-01 1.0696
1  7.59e+02  0.02751303358  1.636173e-01 1.0696
1  7.94e+02  0.02743040868  1.636173e-01 1.0696
1  8.32e+02  0.02735736015  1.636173e-01 1.0696
1  8.71e+02  0.02729363843  1.636173e-01 1.0696
1  9.12e+02  0.02723708806  1.636173e-01 1.0696
1  9.55e+02  0.02718839121  1.636173e-01 1.0696
1  1.00e+03  0.02714332965  1.636173e-01 1.0696
1  1.05e+03  0.02710571955  1.636173e-01 1.0696
1  1.10e+03  0.02707017321  1.636173e-01 1.0696
1  1.15e+03  0.02703804551  1.636173e-01 1.0696
1  1.20e+03  0.02701145018  1.636173e-01 1.0696
1  1.26e+03  0.02698716715  1.636173e-01 1.0696
1  1.32e+03  0.0269645119  1.636173e-01 1.0696
1  1.38e+03  0.02694551912  1.636173e-01 1.0696
1  1.45e+03  0.02692796854  1.636173e-01 1.0696
1  1.51e+03  0.0269120089  1.636173e-01 1.0696
1  1.58e+03  0.02689921859  1.636173e-01 1.0696
1  1.66e+03  0.02688719468  1.636173e-01 1.0696
1  1.74e+03  0.02687446579  1.636173e-01 1.0696
1  1.82e+03  0.02686476169  1.636173e-01 1.0696
1  1.91e+03  0.02685519631  1.636173e-01 1.0696
1  2.00e+03  0.02684765945  1.636173e-01 1.0696
1  2.09e+03  0.0268399854  1.636173e-01 1.0696
1  2.19e+03  0.02683413325  1.636173e-01 1.0696
1  2.29e+03  0.02682689532  1.636173e-01 1.0696
1  2.40e+03  0.02682153181  1.636173e-01 1.0696
1  2.51e+03  0.02681759359  1.636173e-01 1.0696
1  2.63e+03  0.02681236534  1.636173e-01 1.0696
1  2.75e+03  0.02680891947  1.636173e-01 1.0696
1  2.88e+03  0.02680602333  1.636173e-01 1.0696
1  3.02e+03  0.02680248182  1.636173e-01 1.0696
1  3.16e+03  0.02679993062  1.636173e-01 1.0696
1  3.31e+03  0.02679690972  1.636173e-01 1.0696
1  3.47e+03  0.02679406939  1.636173e-01 1.0696
1  3.63e+03  0.02679296759  1.636173e-01 1.0696
1  3.80e+03  0.0267912262  1.636173e-01 1.0696
1  3.98e+03  0.02678851864  1.636173e-01 1.0696
1  4.17e+03  0.02678508618  1.636173e-01 1.0696
1  4.37e+03  0.02678243602  1.636173e-01 1.0696
1  4.57e+03  0.02678427352  1.636173e-01 1.0696
1  4.79e+03  0.02677910996  1.636173e-01 1.0696
1  5.01e+03  0.02678179819  1.636173e-01 1.0696
1  5.25e+03  0.0267844704  1.636173e-01 1.0696
1  5.50e+03  0.02678455129  1.636173e-01 1.0696
1  5.75e+03  0.02677404997  1.636173e-01 1.0696
1  6.03e+03  0.02678672985  1.636173e-01 1.0696
1  6.31e+03  0.02678362064  1.636173e-01 1.0696
1  6.61e+03  0.02678215822  1.636173e-01 1.0696
1  6.92e+03  0.0267880678  1.636173e-01 1.0696
1  7.24e+03  0.02680582879  1.636173e-01 1.0696
1  7.59e+03  0.02678592575  1.636173e-01 1.0696
1  7.94e+03  0.02684828615  1.636173e-01 1.0696
1  8.32e+03  0.02686310332  1.636173e-01 1.0696
1  8.71e+03  0.02684585881  1.636173e-01 1.0696
1  9.12e+03  0.0269000412  1.636173e-01 1.0696
1  9.55e+03  0.02702170136  1.636173e-01 1.0696
1  1.00e+04  0.02715378827  1.636173e-01 1.0696
1  1.05e+04  0.02727606272  1.636173e-01 1.0696
1  1.10e+04  0.02745335938  1.636173e-01 1.0696
1  1.15e+04  0.02763287345  1.636173e-01 1.0696
1  1.20e+04  0.02795028079  1.636173e-01 1.0696
1  1.26e+04  0.02831457723  1.636173e-01 1.0696
1  1.32e+04  0.02873157108  1.636173e-01 1.0696
1  1.38e+04  0.02922668902  1.636173e-01 1.0696
1  1.45e+04  0.02978236686  1.636173e-01 1.0696
1  1.51e+04  0.03053974707  1.636173e-01 1.0696
1  1.58e+04  0.03164726975  1.636173e-01 1.0696
1  1.66e+04  0.03295683958  1.636173e-01 1.0696
1  1.74e+04  0.03417348772  1.636173e-01 1.0696
1  1.82e+04  0.03544162348  1.636173e-01 1.0696
1  1.91e+04  0.03752410536  1.636173e-01 1.0696
1  2.00e+04  0.04003179882  1.636173e-01 1.0696
1  2.09e+04  0.04193061233  1.636173e-01 1.0696
1  2.19e+04  0.04469901452  1.636173e-01 1.0696
1  2.29e+04  0.04795767199  1.636173e-01 1.0696
1  2.40e+04  0.051067154  1.636173e-01 1.0696
1  2.51e+04  0.05485520244  1.636173e-01 1.0696
1  2.63e+04  0.05899081071  1.636173e-01 1.0696
1  2.75e+04  0.06318746539  1.636173e-01 1.0696
1  2.88e+04  0.06825491673  1.636173e-01 1.0696
1  3.02e+04  0.07313050958  1.636173e-01 1.0696
1  3.16e+04  0.07867417426  1.636173e-01 1.0696
1  3.31e+04  0.08496105702  1.636173e-01 1.0696
1  3.47e+04  0.09010496374  1.636173e-01 1.0696
1  3.63e+04  0.09800357744  1.636173e-01 1.0696
1  3.80e+04  0.1041751913  1.636173e-01 1.0696
1  3.98e+04  0.1103753875  1.636173e-01 1.0696
1  4.17e+04  0.1199442969  1.636173e-01 1.0696
1  4.37e+04  0.1268194185  1.636173e-01 1.0696
1  4.57e+04  0.1329922037  1.636173e-01 1.0696
1  4.79e+04  0.1430536892  1.636173e-01 1.0696
1  5.01e+04  0.1527302011  1.636173e-01 1.0696
1  5.25e+04  0.1595435869  1.636173e-01 1.0696
1  5.50e+04  0.1669628409  1.636173e-01 1.0696
1  5.75e+04  0.1768594448  1.636173e-01 1.0696
1  6.03e+04  0.187627122  1.636173e-01 1.0696
1  6.31e+04  0.1972937998  1.636173e-01 1.0696
1  6.61e+04  0.205212175  1.636173e-01 1.0696
1  6.92e+04  0.2124247638  1.636173e-01 1.0696
1  7.24e+04  0.2208746973  1.636173e-01 1.0696
1  7.59e+04  0.2315007472  1.636173e-01 1.0696
1  7.94e+04  0.2432043079  1.636173e-01 1.0696
1  8.32e+04  0.2539989506  1.636173e-01 1.0696
1  8.71e+04  0.262814902  1.636173e-01 1.0696
1  9.12e+04  0.2700524462  1.636173e-01 1.0696
1  9.55e+04  0.2768642057  1.636173e-01 1.0696
1  1.00e+05  0.2842414719  1.636173e-01 1.0696
1  1.05e+05  0.2926228196  1.636173e-01 1.0696
1  1.10e+05  0.3019839528  1.636173e-01 1.0696
1  1.15e+05  0.3120446875  1.636173e-01 1.0696
1  1.20e+05  0.3223934984  1.636173e-01 1.0696
1  1.26e+05  0.3325616215  1.636173e-01 1.0696
1  1.32e+05  0.3421151509  1.636173e-01 1.0696
1  1.38e+05  0.3507557727  1.636173e-01 1.0696
1  1.45e+05  0.358379941  1.636173e-01 1.0696
1  1.51e+05  0.3650710016  1.636173e-01 1.0696
1  1.58e+05  0.3710392955  1.636173e-01 1.0696
1  1.66e+05  0.3765445688  1.636173e-01 1.0696
1  1.74e+05  0.3818306509  1.636173e-01 1.0696
1  1.82e+05  0.3870871149  1.636173e-01 1.0696
1  1.91e+05  0.3924379052  1.636173e-01 1.0696
1  2.00e+05  0.3979482941  1.636173e-01 1.0696
1  2.09e+05  0.4036396582  1.636173e-01 1.0696
1  2.19e+05  0.4095042325  1.636173e-01 1.0696
1  2.29e+05  0.4155161481  1.636173e-01 1.0696
1  2.40e+05  0.4216384025  1.636173e-01 1.0696
1  2.51e+05  0.4278270666  1.636173e-01 1.0696
1  2.63e+05  0.4340342271  1.636173e-01 1.0696
1  2.75e+05  0.4402106068  1.636173e-01 1.0696
1  2.88e+05  0.4463081468  1.636173e-01 1.0696
1  3.02e+05  0.4522824017  1.636173e-01 1.0696
1  3.16e+05  0.4580944712  1.636173e-01 1.0696
1  3.31e+05  0.4637122584  1.636173e-01 1.0696
1  3.47e+05  0.4691110012  1.636173e-01 1.0696
1  3.63e+05  0.4742731579  1.636173e-01 1.0696
1  3.80e+05  0.479187814  1.636173e-01 1.0696
1  3.98e+05  0.4838497974  1.636173e-01 1.0696
1  4.17e+05  0.4882586717  1.636173e-01 1.0696
1  4.37e+05  0.4924177353  1.636173e-01 1.0696
1  4.57e+05  0.4963331073  1.636173e-01 1.0696
1  4.79e+05  0.500012942  1.636173e-01 1.0696
1  5.01e+05  0.5034667834  1.636173e-01 1.0696
1  5.25e+05  0.5067050538  1.636173e-01 1.0696
1  5.50e+05  0.5097386599  1.636173e-01 1.0696
1  5.75e+05  0.512578695  1.636173e-01 1.0696
1  6.03e+05  0.5152362205  1.636173e-01 1.0696
1  6.31e+05  0.5177221059  1.636173e-01 1.0696
1  6.61e+05  0.5200469159  1.636173e-01 1.0696
1  6.92e+05  0.5222208317  1.636173e-01 1.0696
1  7.24e+05  0.5242535984  1.636173e-01 1.0696
1  7.59e+05  0.5261544928  1.636173e-01 1.0696
1  7.94e+05  0.5279323049  1.636173e-01 1.0696
1  8.32e+05  0.529595332  1.636173e-01 1.0696
1  8.71e+05  0.5311513799  1.636173e-01 1.0696
1  9.12e+05  0.5326077723  1.636173e-01 1.0696
1  9.55e+05  0.5339713634  1.636173e-01 1.0696
1  1.00e+06  0.5352485552  1.636173e-01 1.0696
1  1.05e+06  0.5364453166  1.636173e-01 1.0696
1  1.10e+06  0.5375672047  1.636173e-01 1.0696
1  1.15e+06  0.5386193869  1.636173e-01 1.0696
1  1.20e+06  0.5396066628  1.636173e-01 1.0696
1  1.26e+06  0.5405334877  1.636173e-01 1.0696
1  1.32e+06  0.5414039938  1.636173e-01 1.0696
1  1.38e+06  0.5422220124  1.636173e-01 1.0696
1  1.45e+06  0.5429910944  1.636173e-01 1.0696
1  1.51e+06  0.5437145304  1.636173e-01 1.0696
1  1.58e+06  0.5443953695  1.636173e-01 1.0696
1  1.66e+06  0.5450364371  1.636173e-01 1.0696
1  1.74e+06  0.5456403515  1.636173e-01 1.0696
1  1.82e+06  0.5462095408  1.636173e-01 1.0696
1  1.91e+06  0.5467462567  1.636173e-01 1.0696
1  2.00e+06  0.5472525845  1.636173e-01 1.0696
1  2.09e+06  0.5477304611  1.636173e-01 1.0696
1  2.19e+06  0.5481816847  1.636173e-01 1.0696
1  2.29e+06  0.5486079253  1.636173e-01 1.0696
1  2.40e+06  0.5490107354  1.636173e-01 1.0696
1  2.51e+06  0.549391558  1.636173e-01 1.0696
1  2.63e+06  0.5497517355  1.636173e-01 1.0696
1  2.75e+06  0.5500925176  1.636173e-01 1.0696
1  2.88e+06  0.5504150686  1.636173e-01 1.0696
1  3.02e+06  0.5507204731  1.636173e-01 1.0696
1  3.16e+06  0.5510097431  1.636173e-01 1.0696
1  3.31e+06  0.5512838224  1.636173e-01 1.0696
1  3.47e+06  0.5515435931  1.636173e-01 1.0696
1  3.63e+06  0.5517898786  1.636173e-01 1.0696
1  3.80e+06  0.5520234491  1.636173e-01 1.0696
1  3.98e+06  0.5522450251  1.636173e-01 1.0696
1  4.17e+06  0.5524552812  1.636173e-01 1.0696
1  4.37e+06  0.552654849  1.636173e-01 1.0696
1  4.57e+06  0.5528443207  1.636173e-01 1.0696
1  4.79e+06  0.5530242516  1.636173e-01 1.0696
1  5.01e+06  0.5531951629  1.636173e-01 1.0696
1  5.25e+06  0.5533575438  1.636173e-01 1.0696
1  5.50e+06  0.5535118539  1.636173e-01 1.0696
1  5.75e+06  0.5536585254  1.636173e-01 1.0696
1  6.03e+06  0.5537979645  1.636173e-01 1.0696
1  6.31e+06  0.5539305536  1.636173e-01 1.0696
1  6.61e+06  0.5540566527  1.636173e-01 1.0696
1  6.92e+06  0.5541766009  1.636173e-01 1.0696
1  7.24e+06  0.5542907178  1.636173e-01 1.0696
1  7.59e+06  0.5543993047  1.636173e-01 1.0696
1  7.94e+06  0.5545026458  1.636173e-01 1.0696
1  8.32e+06  0.5546010094  1.636173e-01 1.0696
1  8.71e+06  0.5546946487  1.636173e-01 1.0696
1  9.12e+06  0.554783803  1.636173e-01 1.0696
1  9.55e+06  0.5548686983  1.636173e-01 1.0696
1  1.00e+07  0.5549495484  1.636173e-01 1.0696
