1  1.00e-03  0.558793058  1.522363e-01 0.9952000000000001
1  1.05e-03  0.5587918545  1.522363e-01 0.9952000000000001
1  1.10e-03  0.5587904054  1.522363e-01 0.9952000000000001
1  1.15e-03  0.5587891  1.522363e-01 0.9952000000000001
1  1.20e-03  0.5587875313  1.522363e-01 0.9952000000000001
1  1.26e-03  0.5587860144  1.522363e-01 0.9952000000000001
1  1.32e-03  0.5587843029  1.522363e-01 0.9952000000000001
1  1.38e-03  0.5587825343  1.522363e-01 0.9952000000000001
1  1.45e-03  0.5587807275  1.522363e-01 0.9952000000000001
1  1.51e-03  0.5587789742  1.522363e-01 0.9952000000000001
1  1.58e-03  0.5587768893  1.522363e-01 0.9952000000000001
1  1.66e-03  0.5587748824  1.522363e-01 0.9952000000000001
1  1.74e-03  0.5587727309  1.522363e-01 0.9952000000000001
1  1.82e-03  0.5587704442  1.522363e-01 0.9952000000000001
1  1.91e-03  0.5587680964  1.522363e-01 0.9952000000000001
1  2.00e-03  0.5587655864  1.522363e-01 0.9952000000000001
1  2.09e-03  0.5587629391  1.522363e-01 0.9952000000000001
1  2.19e-03  0.5587602298  1.522363e-01 0.9952000000000001
1  2.29e-03  0.5587574275  1.522363e-01 0.9952000000000001
1  2.40e-03  0.5587544632  1.522363e-01 0.9952000000000001
1  2.51e-03  0.5587512765  1.522363e-01 0.9952000000000001
1  2.63e-03  0.558748032  1.522363e-01 0.9952000000000001
1  2.75e-03  0.5587446056  1.522363e-01 0.9952000000000001
1  2.88e-03  0.5587410275  1.522363e-01 0.9952000000000001
1  3.02e-03  0.5587372578  1.522363e-01 0.9952000000000001
1  3.16e-03  0.5587333618  1.522363e-01 0.9952000000000001
1  3.31e-03  0.5587291877  1.522363e-01 0.9952000000000001
1  3.47e-03  0.5587248963  1.522363e-01 0.9952000000000001
1  3.63e-03  0.5587203807  1.522363e-01 0.9952000000000001
1  3.80e-03  0.5587156665  1.522363e-01 0.9952000000000001
1  3.98e-03  0.5587107011  1.522363e-01 0.9952000000000001
1  4.17e-03  0.558705502  1.522363e-01 0.9952000000000001
1  4.37e-03  0.5587000936  1.522363e-01 0.9952000000000001
1  4.57e-03  0.5586944013  1.522363e-01 0.9952000000000001
1  4.79e-03  0.558688429  1.522363e-01 0.9952000000000001
1  5.01e-03  0.5586822155  1.522363e-01 0.9952000000000001
1  5.25e-03  0.5586756756  1.522363e-01 0.9952000000000001
1  5.50e-03  0.5586688161  1.522363e-01 0.9952000000000001
1  5.75e-03  0.5586616512  1.522363e-01 0.9952000000000001
1  6.03e-03  0.5586541732  1.522363e-01 0.9952000000000001
1  6.31e-03  0.5586463064  1.522363e-01 0.9952000000000001
1  6.61e-03  0.5586380881  1.522363e-01 0.9952000000000001
1  6.92e-03  0.558629458  1.522363e-01 0.9952000000000001
1  7.24e-03  0.5586204398  1.522363e-01 0.9952000000000001
1  7.59e-03  0.5586110158  1.522363e-01 0.9952000000000001
1  7.94e-03  0.5586010956  1.522363e-01 0.9952000000000001
1  8.32e-03  0.558590763  1.522363e-01 0.9952000000000001
1  8.71e-03  0.5585799145  1.522363e-01 0.9952000000000001
1  9.12e-03  0.5585685507  1.522363e-01 0.9952000000000001
1  9.55e-03  0.5585566387  1.522363e-01 0.9952000000000001
1  1.00e-02  0.5585441907  1.522363e-01 0.9952000000000001
1  1.05e-02  0.5585311194  1.522363e-01 0.9952000000000001
1  1.10e-02  0.5585174875  1.522363e-01 0.9952000000000001
1  1.15e-02  0.5585031406  1.522363e-01 0.9952000000000001
1  1.20e-02  0.5584881526  1.522363e-01 0.9952000000000001
1  1.26e-02  0.5584724725  1.522363e-01 0.9952000000000001
1  1.32e-02  0.5584560538  1.522363e-01 0.9952000000000001
1  1.38e-02  0.5584388231  1.522363e-01 0.9952000000000001
1  1.45e-02  0.5584208201  1.522363e-01 0.9952000000000001
1  1.51e-02  0.5584019528  1.522363e-01 0.9952000000000001
1  1.58e-02  0.5583821794  1.522363e-01 0.9952000000000001
1  1.66e-02  0.5583614441  1.522363e-01 0.9952000000000001
1  1.74e-02  0.5583397676  1.522363e-01 0.9952000000000001
1  1.82e-02  0.5583170842  1.522363e-01 0.9952000000000001
1  1.91e-02  0.5582932274  1.522363e-01 0.9952000000000001
1  2.00e-02  0.5582683536  1.522363e-01 0.9952000000000001
1  2.09e-02  0.5582422704  1.522363e-01 0.9952000000000001
1  2.19e-02  0.5582149884  1.522363e-01 0.9952000000000001
1  2.29e-02  0.5581863375  1.522363e-01 0.9952000000000001
1  2.40e-02  0.558156383  1.522363e-01 0.9952000000000001
1  2.51e-02  0.5581249416  1.522363e-01 0.9952000000000001
1  2.63e-02  0.5580920362  1.522363e-01 0.9952000000000001
1  2.75e-02  0.5580575979  1.522363e-01 0.9952000000000001
1  2.88e-02  0.5580216214  1.522363e-01 0.9952000000000001
1  3.02e-02  0.5579837838  1.522363e-01 0.9952000000000001
1  3.16e-02  0.5579443081  1.522363e-01 0.9952000000000001
1  3.31e-02  0.5579028485  1.522363e-01 0.9952000000000001
1  3.47e-02  0.5578594229  1.522363e-01 0.9952000000000001
1  3.63e-02  0.55781399  1.522363e-01 0.9952000000000001
1  3.80e-02  0.5577662953  1.522363e-01 0.9952000000000001
1  3.98e-02  0.5577164242  1.522363e-01 0.9952000000000001
1  4.17e-02  0.5576640597  1.522363e-01 0.9952000000000001
1  4.37e-02  0.5576094698  1.522363e-01 0.9952000000000001
1  4.57e-02  0.557552087  1.522363e-01 0.9952000000000001
1  4.79e-02  0.5574919012  1.522363e-01 0.9952000000000001
1  5.01e-02  0.55742897  1.522363e-01 0.9952000000000001
1  5.25e-02  0.5573630649  1.522363e-01 0.9952000000000001
1  5.50e-02  0.5572941573  1.522363e-01 0.9952000000000001
1  5.75e-02  0.5572218443  1.522363e-01 0.9952000000000001
1  6.03e-02  0.5571460511  1.522363e-01 0.9952000000000001
1  6.31e-02  0.5570664027  1.522363e-01 0.9952000000000001
1  6.61e-02  0.5569832523  1.522363e-01 0.9952000000000001
1  6.92e-02  0.5568960439  1.522363e-01 0.9952000000000001
1  7.24e-02  0.5568049031  1.522363e-01 0.9952000000000001
1  7.59e-02  0.5567091252  1.522363e-01 0.9952000000000001
1  7.94e-02  0.5566088583  1.522363e-01 0.9952000000000001
1  8.32e-02  0.5565036799  1.522363e-01 0.9952000000000001
1  8.71e-02  0.5563937658  1.522363e-01 0.9952000000000001
1  9.12e-02  0.5562784035  1.522363e-01 0.9952000000000001
1  9.55e-02  0.5561571812  1.522363e-01 0.9952000000000001
1  1.00e-01  0.5560307074  1.522363e-01 0.9952000000000001
1  1.05e-01  0.5558980631  1.522363e-01 0.9952000000000001
1  1.10e-01  0.5557584532  1.522363e-01 0.9952000000000001
1  1.15e-01  0.5556125632  1.522363e-01 0.9952000000000001
1  1.20e-01  0.5554597771  1.522363e-01 0.9952000000000001
1  1.26e-01  0.5552996507  1.522363e-01 0.9952000000000001
1  1.32e-01  0.5551318656  1.522363e-01 0.9952000000000001
1  1.38e-01  0.5549553283  1.522363e-01 0.9952000000000001
1  1.45e-01  0.5547707373  1.522363e-01 0.9952000000000001
1  1.51e-01  0.5545772675  1.522363e-01 0.9952000000000001
1  1.58e-01  0.5543744493  1.522363e-01 0.9952000000000001
1  1.66e-01  0.5541611087  1.522363e-01 0.9952000000000001
1  1.74e-01  0.5539383708  1.522363e-01 0.9952000000000001
1  1.82e-01  0.5537039109  1.522363e-01 0.9952000000000001
1  1.91e-01  0.553458734  1.522363e-01 0.9952000000000001
1  2.00e-01  0.5532018809  1.522363e-01 0.9952000000000001
1  2.09e-01  0.5529314827  1.522363e-01 0.9952000000000001
1  2.19e-01  0.5526486581  1.522363e-01 0.9952000000000001
1  2.29e-01  0.5523510828  1.522363e-01 0.9952000000000001
1  2.40e-01  0.5520399238  1.522363e-01 0.9952000000000001
1  2.51e-01  0.5517120835  1.522363e-01 0.9952000000000001
1  2.63e-01  0.5513699429  1.522363e-01 0.9952000000000001
1  2.75e-01  0.5510100035  1.522363e-01 0.9952000000000001
1  2.88e-01  0.5506313231  1.522363e-01 0.9952000000000001
1  3.02e-01  0.5502344159  1.522363e-01 0.9952000000000001
1  3.16e-01  0.5498193449  1.522363e-01 0.9952000000000001
1  3.31e-01  0.5493811231  1.522363e-01 0.9952000000000001
1  3.47e-01  0.5489235184  1.522363e-01 0.9952000000000001
1  3.63e-01  0.5484414577  1.522363e-01 0.9952000000000001
1  3.80e-01  0.5479363034  1.522363e-01 0.9952000000000001
1  3.98e-01  0.5474034713  1.522363e-01 0.9952000000000001
1  4.17e-01  0.5468455606  1.522363e-01 0.9952000000000001
1  4.37e-01  0.5462599268  1.522363e-01 0.9952000000000001
1  4.57e-01  0.5456442596  1.522363e-01 0.9952000000000001
1  4.79e-01  0.5449964339  1.522363e-01 0.9952000000000001
1  5.01e-01  0.5443180452  1.522363e-01 0.9952000000000001
1  5.25e-01  0.5436027576  1.522363e-01 0.9952000000000001
1  5.50e-01  0.5428508549  1.522363e-01 0.9952000000000001
1  5.75e-01  0.5420631299  1.522363e-01 0.9952000000000001
1  6.03e-01  0.5412313221  1.522363e-01 0.9952000000000001
1  6.31e-01  0.5403574792  1.522363e-01 0.9952000000000001
1  6.61e-01  0.5394411305  1.522363e-01 0.9952000000000001
1  6.92e-01  0.5384758838  1.522363e-01 0.9952000000000001
1  7.24e-01  0.5374571708  1.522363e-01 0.9952000000000001
1  7.59e-01  0.5363881375  1.522363e-01 0.9952000000000001
1  7.94e-01  0.5352665286  1.522363e-01 0.9952000000000001
1  8.32e-01  0.5340808566  1.522363e-01 0.9952000000000001
1  8.71e-01  0.5328361675  1.522363e-01 0.9952000000000001
1  9.12e-01  0.531521656  1.522363e-01 0.9952000000000001
1  9.55e-01  0.5301446909  1.522363e-01 0.9952000000000001
1  1.00e+00  0.5286913467  1.522363e-01 0.9952000000000001
1  1.05e+00  0.5271565036  1.522363e-01 0.9952000000000001
1  1.10e+00  0.525544634  1.522363e-01 0.9952000000000001
1  1.15e+00  0.5238485673  1.522363e-01 0.9952000000000001
1  1.20e+00  0.5220599168  1.522363e-01 0.9952000000000001
1  1.26e+00  0.5201814802  1.522363e-01 0.9952000000000001
1  1.32e+00  0.5182008018  1.522363e-01 0.9952000000000001
1  1.38e+00  0.5161083118  1.522363e-01 0.9952000000000001
1  1.45e+00  0.5139101694  1.522363e-01 0.9952000000000001
1  1.51e+00  0.5115982044  1.522363e-01 0.9952000000000001
1  1.58e+00  0.5091684102  1.522363e-01 0.9952000000000001
1  1.66e+00  0.5066060409  1.522363e-01 0.9952000000000001
1  1.74e+00  0.5039051625  1.522363e-01 0.9952000000000001
1  1.82e+00  0.5010695818  1.522363e-01 0.9952000000000001
1  1.91e+00  0.4980914086  1.522363e-01 0.9952000000000001
1  2.00e+00  0.4949705326  1.522363e-01 0.9952000000000001
1  2.09e+00  0.4916789582  1.522363e-01 0.9952000000000001
1  2.19e+00  0.4882363865  1.522363e-01 0.9952000000000001
1  2.29e+00  0.4846225688  1.522363e-01 0.9952000000000001
1  2.40e+00  0.4808456182  1.522363e-01 0.9952000000000001
1  2.51e+00  0.4769006361  1.522363e-01 0.9952000000000001
1  2.63e+00  0.4727638278  1.522363e-01 0.9952000000000001
1  2.75e+00  0.46846575  1.522363e-01 0.9952000000000001
1  2.88e+00  0.4639957355  1.522363e-01 0.9952000000000001
1  3.02e+00  0.4593363594  1.522363e-01 0.9952000000000001
1  3.16e+00  0.4545256924  1.522363e-01 0.9952000000000001
1  3.31e+00  0.4495452081  1.522363e-01 0.9952000000000001
1  3.47e+00  0.4443945575  1.522363e-01 0.9952000000000001
1  3.63e+00  0.4391100131  1.522363e-01 0.9952000000000001
1  3.80e+00  0.4337117725  1.522363e-01 0.9952000000000001
1  3.98e+00  0.4281803559  1.522363e-01 0.9952000000000001
1  4.17e+00  0.4225393149  1.522363e-01 0.9952000000000001
1  4.37e+00  0.4168481295  1.522363e-01 0.9952000000000001
1  4.57e+00  0.4110791999  1.522363e-01 0.9952000000000001
1  4.79e+00  0.4053129942  1.522363e-01 0.9952000000000001
1  5.01e+00  0.3995176111  1.522363e-01 0.9952000000000001
1  5.25e+00  0.3937523913  1.522363e-01 0.9952000000000001
1  5.50e+00  0.3880607812  1.522363e-01 0.9952000000000001
1  5.75e+00  0.3824207609  1.522363e-01 0.9952000000000001
1  6.03e+00  0.3769038768  1.522363e-01 0.9952000000000001
1  6.31e+00  0.371537423  1.522363e-01 0.9952000000000001
1  6.61e+00  0.3663010782  1.522363e-01 0.9952000000000001
1  6.92e+00  0.3612810067  1.522363e-01 0.9952000000000001
1  7.24e+00  0.3564097657  1.522363e-01 0.9952000000000001
1  7.59e+00  0.351783076  1.522363e-01 0.9952000000000001
1  7.94e+00  0.3473624151  1.522363e-01 0.9952000000000001
1  8.32e+00  0.3431874441  1.522363e-01 0.9952000000000001
1  8.71e+00  0.3392479545  1.522363e-01 0.9952000000000001
1  9.12e+00  0.3355171334  1.522363e-01 0.9952000000000001
1  9.55e+00  0.332046921  1.522363e-01 0.9952000000000001
1  1.00e+01  0.3287935135  1.522363e-01 0.9952000000000001
1  1.05e+01  0.3257746177  1.522363e-01 0.9952000000000001
1  1.10e+01  0.3229524305  1.522363e-01 0.9952000000000001
1  1.15e+01  0.3203501172  1.522363e-01 0.9952000000000001
1  1.20e+01  0.3179030224  1.522363e-01 0.9952000000000001
1  1.26e+01  0.3157334013  1.522363e-01 0.9952000000000001
1  1.32e+01  0.3136937286  1.522363e-01 0.9952000000000001
1  1.38e+01  0.3118188438  1.522363e-01 0.9952000000000001
1  1.45e+01  0.310080067  1.522363e-01 0.9952000000000001
1  1.51e+01  0.3085207481  1.522363e-01 0.9952000000000001
1  1.58e+01  0.3070682359  1.522363e-01 0.9952000000000001
1  1.66e+01  0.3057132428  1.522363e-01 0.9952000000000001
1  1.74e+01  0.3044946658  1.522363e-01 0.9952000000000001
1  1.82e+01  0.3033794296  1.522363e-01 0.9952000000000001
1  1.91e+01  0.3023351236  1.522363e-01 0.9952000000000001
1  2.00e+01  0.3013730758  1.522363e-01 0.9952000000000001
1  2.09e+01  0.3005177815  1.522363e-01 0.9952000000000001
1  2.19e+01  0.2996947565  1.522363e-01 0.9952000000000001
1  2.29e+01  0.2989593114  1.522363e-01 0.9952000000000001
1  2.40e+01  0.2982560398  1.522363e-01 0.9952000000000001
1  2.51e+01  0.2976170136  1.522363e-01 0.9952000000000001
1  2.63e+01  0.2969990641  1.522363e-01 0.9952000000000001
1  2.75e+01  0.2964422602  1.522363e-01 0.9952000000000001
1  2.88e+01  0.2958979314  1.522363e-01 0.9952000000000001
1  3.02e+01  0.2953753874  1.522363e-01 0.9952000000000001
1  3.16e+01  0.2948828662  1.522363e-01 0.9952000000000001
1  3.31e+01  0.2944160402  1.522363e-01 0.9952000000000001
1  3.47e+01  0.2939597173  1.522363e-01 0.9952000000000001
1  3.63e+01  0.293524707  1.522363e-01 0.9952000000000001
1  3.80e+01  0.2931046974  1.522363e-01 0.9952000000000001
1  3.98e+01  0.2926730659  1.522363e-01 0.9952000000000001
1  4.17e+01  0.292233074  1.522363e-01 0.9952000000000001
1  4.37e+01  0.2917958833  1.522363e-01 0.9952000000000001
1  4.57e+01  0.2913589144  1.522363e-01 0.9952000000000001
1  4.79e+01  0.2908806718  1.522363e-01 0.9952000000000001
1  5.01e+01  0.2904250812  1.522363e-01 0.9952000000000001
1  5.25e+01  0.2899247624  1.522363e-01 0.9952000000000001
1  5.50e+01  0.2893978741  1.522363e-01 0.9952000000000001
1  5.75e+01  0.288829606  1.522363e-01 0.9952000000000001
1  6.03e+01  0.2882296629  1.522363e-01 0.9952000000000001
1  6.31e+01  0.287589631  1.522363e-01 0.9952000000000001
1  6.61e+01  0.2868899026  1.522363e-01 0.9952000000000001
1  6.92e+01  0.2860937108  1.522363e-01 0.9952000000000001
1  7.24e+01  0.2852470191  1.522363e-01 0.9952000000000001
1  7.59e+01  0.2842962995  1.522363e-01 0.9952000000000001
1  7.94e+01  0.2832307547  1.522363e-01 0.9952000000000001
1  8.32e+01  0.2820328695  1.522363e-01 0.9952000000000001
1  8.71e+01  0.2806569253  1.522363e-01 0.9952000000000001
1  9.12e+01  0.2791040964  1.522363e-01 0.9952000000000001
1  9.55e+01  0.2773056482  1.522363e-01 0.9952000000000001
1  1.00e+02  0.2752195295  1.522363e-01 0.9952000000000001
1  1.05e+02  0.272755454  1.522363e-01 0.9952000000000001
1  1.10e+02  0.2698376459  1.522363e-01 0.9952000000000001
1  1.15e+02  0.2663820535  1.522363e-01 0.9952000000000001
1  1.20e+02  0.2622280739  1.522363e-01 0.9952000000000001
1  1.26e+02  0.2571774271  1.522363e-01 0.9952000000000001
1  1.32e+02  0.25102142  1.522363e-01 0.9952000000000001
1  1.38e+02  0.243496217  1.522363e-01 0.9952000000000001
1  1.45e+02  0.2342260255  1.522363e-01 0.9952000000000001
1  1.51e+02  0.2228781817  1.522363e-01 0.9952000000000001
1  1.58e+02  0.2091664822  1.522363e-01 0.9952000000000001
1  1.66e+02  0.1929510526  1.522363e-01 0.9952000000000001
1  1.74e+02  0.1744438934  1.522363e-01 0.9952000000000001
1  1.82e+02  0.1543489684  1.522363e-01 0.9952000000000001
1  1.91e+02  0.1338337187  1.522363e-01 0.9952000000000001
1  2.00e+02  0.1142416108  1.522363e-01 0.9952000000000001
1  2.09e+02  0.09671228489  1.522363e-01 0.9952000000000001
1  2.19e+02  0.08183922887  1.522363e-01 0.9952000000000001
1  2.29e+02  0.06972948386  1.522363e-01 0.9952000000000001
1  2.40e+02  0.06010975072  1.522363e-01 0.9952000000000001
1  2.51e+02  0.05258657184  1.522363e-01 0.9952000000000001
1  2.63e+02  0.04673234993  1.522363e-01 0.9952000000000001
1  2.75e+02  0.0421816102  1.522363e-01 0.9952000000000001
1  2.88e+02  0.03863142758  1.522363e-01 0.9952000000000001
1  3.02e+02  0.03583944957  1.522363e-01 0.9952000000000001
1  3.16e+02  0.03362654395  1.522363e-01 0.9952000000000001
1  3.31e+02  0.03186293075  1.522363e-01 0.9952000000000001
1  3.47e+02  0.03044337942  1.522363e-01 0.9952000000000001
1  3.63e+02  0.02929598771  1.522363e-01 0.9952000000000001
1  3.80e+02  0.02835650963  1.522363e-01 0.9952000000000001
1  3.98e+02  0.02758558244  1.522363e-01 0.9952000000000001
1  4.17e+02  0.02694881217  1.522363e-01 0.9952000000000001
1  4.37e+02  0.02641349992  1.522363e-01 0.9952000000000001
1  4.57e+02  0.02596675372  1.522363e-01 0.9952000000000001
1  4.79e+02  0.02559166233  1.522363e-01 0.9952000000000001
1  5.01e+02  0.02527293738  1.522363e-01 0.9952000000000001
1  5.25e+02  0.02500306999  1.522363e-01 0.9952000000000001
1  5.50e+02  0.02477294543  1.522363e-01 0.9952000000000001
1  5.75e+02  0.02457387798  1.522363e-01 0.9952000000000001
1  6.03e+02  0.02440312026  1.522363e-01 0.9952000000000001
1  6.31e+02  0.02425555759  1.522363e-01 0.9952000000000001
1  6.61e+02  0.02412790428  1.522363e-01 0.9952000000000001
1  6.92e+02  0.02401778106  1.522363e-01 0.9952000000000001
1  7.24e+02  0.0239221836  1.522363e-01 0.9952000000000001
1  7.59e+02  0.02383617037  1.522363e-01 0.9952000000000001
1  7.94e+02  0.02376290708  1.522363e-01 0.9952000000000001
1  8.32e+02  0.02369869761  1.522363e-01 0.9952000000000001
1  8.71e+02  0.02364085053  1.522363e-01 0.9952000000000001
1  9.12e+02  0.02359180596  1.522363e-01 0.9952000000000001
1  9.55e+02  0.02354646601  1.522363e-01 0.9952000000000001
1  1.00e+03  0.0235085075  1.522363e-01 0.9952000000000001
1  1.05e+03  0.02347280632  1.522363e-01 0.9952000000000001
1  1.10e+03  0.02344094882  1.522363e-01 0.9952000000000001
1  1.15e+03  0.02341366026  1.522363e-01 0.9952000000000001
1  1.20e+03  0.02339017003  1.522363e-01 0.9952000000000001
1  1.26e+03  0.02336812034  1.522363e-01 0.9952000000000001
1  1.32e+03  0.02334801531  1.522363e-01 0.9952000000000001
1  1.38e+03  0.02333166751  1.522363e-01 0.9952000000000001
1  1.45e+03  0.02331613084  1.522363e-01 0.9952000000000001
1  1.51e+03  0.02330147564  1.522363e-01 0.9952000000000001
1  1.58e+03  0.02328970948  1.522363e-01 0.9952000000000001
1  1.66e+03  0.02327825171  1.522363e-01 0.9952000000000001
1  1.74e+03  0.02326938804  1.522363e-01 0.9952000000000001
1  1.82e+03  0.02325887919  1.522363e-01 0.9952000000000001
1  1.91e+03  0.02325173803  1.522363e-01 0.9952000000000001
1  2.00e+03  0.02324352383  1.522363e-01 0.9952000000000001
1  2.09e+03  0.0232374966  1.522363e-01 0.9952000000000001
1  2.19e+03  0.02323103734  1.522363e-01 0.9952000000000001
1  2.29e+03  0.02322616595  1.522363e-01 0.9952000000000001
1  2.40e+03  0.02322122067  1.522363e-01 0.9952000000000001
1  2.51e+03  0.02321762537  1.522363e-01 0.9952000000000001
1  2.63e+03  0.02321302721  1.522363e-01 0.9952000000000001
1  2.75e+03  0.02320981828  1.522363e-01 0.9952000000000001
1  2.88e+03  0.02320699754  1.522363e-01 0.9952000000000001
1  3.02e+03  0.02320477522  1.522363e-01 0.9952000000000001
1  3.16e+03  0.02320191257  1.522363e-01 0.9952000000000001
1  3.31e+03  0.02319999544  1.522363e-01 0.9952000000000001
1  3.47e+03  0.02319839422  1.522363e-01 0.9952000000000001
1  3.63e+03  0.02319482468  1.522363e-01 0.9952000000000001
1  3.80e+03  0.02319383356  1.522363e-01 0.9952000000000001
1  3.98e+03  0.0231921085  1.522363e-01 0.9952000000000001
1  4.17e+03  0.02319414655  1.522363e-01 0.9952000000000001
1  4.37e+03  0.02319361742  1.522363e-01 0.9952000000000001
1  4.57e+03  0.02319176334  1.522363e-01 0.9952000000000001
1  4.79e+03  0.02319641274  1.522363e-01 0.9952000000000001
1  5.01e+03  0.02319482895  1.522363e-01 0.9952000000000001
1  5.25e+03  0.02318171884  1.522363e-01 0.9952000000000001
1  5.50e+03  0.02317789335  1.522363e-01 0.9952000000000001
1  5.75e+03  0.02320811352  1.522363e-01 0.9952000000000001
1  6.03e+03  0.02320058449  1.522363e-01 0.9952000000000001
1  6.31e+03  0.02319072005  1.522363e-01 0.9952000000000001
1  6.61e+03  0.02324296398  1.522363e-01 0.9952000000000001
1  6.92e+03  0.02320727922  1.522363e-01 0.9952000000000001
1  7.24e+03  0.02327714165  1.522363e-01 0.9952000000000001
1  7.59e+03  0.02330544622  1.522363e-01 0.9952000000000001
1  7.94e+03  0.02329733886  1.522363e-01 0.9952000000000001
1  8.32e+03  0.02344703931  1.522363e-01 0.9952000000000001
1  8.71e+03  0.02354491651  1.522363e-01 0.9952000000000001
1  9.12e+03  0.02358188475  1.522363e-01 0.9952000000000001
1  9.55e+03  0.0236951935  1.522363e-01 0.9952000000000001
1  1.00e+04  0.02394167467  1.522363e-01 0.9952000000000001
1  1.05e+04  0.02424151889  1.522363e-01 0.9952000000000001
1  1.10e+04  0.0246403443  1.522363e-01 0.9952000000000001
1  1.15e+04  0.02506261682  1.522363e-01 0.9952000000000001
1  1.20e+04  0.02565533499  1.522363e-01 0.9952000000000001
1  1.26e+04  0.02625704154  1.522363e-01 0.9952000000000001
1  1.32e+04  0.02694316059  1.522363e-01 0.9952000000000001
1  1.38e+04  0.02780159891  1.522363e-01 0.9952000000000001
1  1.45e+04  0.02892488839  1.522363e-01 0.9952000000000001
1  1.51e+04  0.03043946967  1.522363e-01 0.9952000000000001
1  1.58e+04  0.03223352473  1.522363e-01 0.9952000000000001
1  1.66e+04  0.0340102304  1.522363e-01 0.9952000000000001
1  1.74e+04  0.03575012161  1.522363e-01 0.9952000000000001
1  1.82e+04  0.0379597065  1.522363e-01 0.9952000000000001
1  1.91e+04  0.04100960921  1.522363e-01 0.9952000000000001
1  2.00e+04  0.04407735946  1.522363e-01 0.9952000000000001
1  2.09e+04  0.04718523635  1.522363e-01 0.9952000000000001
1  2.19e+04  0.05097391351  1.522363e-01 0.9952000000000001
1  2.29e+04  0.05487820178  1.522363e-01 0.9952000000000001
1  2.40e+04  0.05959221027  1.522363e-01 0.9952000000000001
1  2.51e+04  0.06387147058  1.522363e-01 0.9952000000000001
1  2.63e+04  0.06960960412  1.522363e-01 0.9952000000000001
1  2.75e+04  0.07443975352  1.522363e-01 0.9952000000000001
1  2.88e+04  0.0810141087  1.522363e-01 0.9952000000000001
1  3.02e+04  0.08653821353  1.522363e-01 0.9952000000000001
1  3.16e+04  0.09358595874  1.522363e-01 0.9952000000000001
1  3.31e+04  0.100450353  1.522363e-01 0.9952000000000001
1  3.47e+04  0.1069734321  1.522363e-01 0.9952000000000001
1  3.63e+04  0.1156114918  1.522363e-01 0.9952000000000001
1  3.80e+04  0.1226839052  1.522363e-01 0.9952000000000001
1  3.98e+04  0.1299179102  1.522363e-01 0.9952000000000001
1  4.17e+04  0.1401119832  1.522363e-01 0.9952000000000001
1  4.37e+04  0.1478062225  1.522363e-01 0.9952000000000001
1  4.57e+04  0.1546515191  1.522363e-01 0.9952000000000001
1  4.79e+04  0.1653428971  1.522363e-01 0.9952000000000001
1  5.01e+04  0.1756408712  1.522363e-01 0.9952000000000001
1  5.25e+04  0.1827901248  1.522363e-01 0.9952000000000001
1  5.50e+04  0.1906127771  1.522363e-01 0.9952000000000001
1  5.75e+04  0.2010918854  1.522363e-01 0.9952000000000001
1  6.03e+04  0.2121451687  1.522363e-01 0.9952000000000001
1  6.31e+04  0.2217808708  1.522363e-01 0.9952000000000001
1  6.61e+04  0.2297977945  1.522363e-01 0.9952000000000001
1  6.92e+04  0.2373254368  1.522363e-01 0.9952000000000001
1  7.24e+04  0.2459873335  1.522363e-01 0.9952000000000001
1  7.59e+04  0.2565413685  1.522363e-01 0.9952000000000001
1  7.94e+04  0.2680096086  1.522363e-01 0.9952000000000001
1  8.32e+04  0.2785739813  1.522363e-01 0.9952000000000001
1  8.71e+04  0.2872146826  1.522363e-01 0.9952000000000001
1  9.12e+04  0.2943075157  1.522363e-01 0.9952000000000001
1  9.55e+04  0.3009800564  1.522363e-01 0.9952000000000001
1  1.00e+05  0.3082029851  1.522363e-01 0.9952000000000001
1  1.05e+05  0.3163762447  1.522363e-01 0.9952000000000001
1  1.10e+05  0.325426507  1.522363e-01 0.9952000000000001
1  1.15e+05  0.3350481948  1.522363e-01 0.9952000000000001
1  1.20e+05  0.3448494181  1.522363e-01 0.9952000000000001
1  1.26e+05  0.3544157764  1.522363e-01 0.9952000000000001
1  1.32e+05  0.3633741604  1.522363e-01 0.9952000000000001
1  1.38e+05  0.3714696604  1.522363e-01 0.9952000000000001
1  1.45e+05  0.378616133  1.522363e-01 0.9952000000000001
1  1.51e+05  0.3848925129  1.522363e-01 0.9952000000000001
1  1.58e+05  0.390492391  1.522363e-01 0.9952000000000001
1  1.66e+05  0.3956551409  1.522363e-01 0.9952000000000001
1  1.74e+05  0.4006059803  1.522363e-01 0.9952000000000001
1  1.82e+05  0.4055197721  1.522363e-01 0.9952000000000001
1  1.91e+05  0.4105097997  1.522363e-01 0.9952000000000001
1  2.00e+05  0.4156341346  1.522363e-01 0.9952000000000001
1  2.09e+05  0.4209098384  1.522363e-01 0.9952000000000001
1  2.19e+05  0.4263273758  1.522363e-01 0.9952000000000001
1  2.29e+05  0.4318614483  1.522363e-01 0.9952000000000001
1  2.40e+05  0.4374777299  1.522363e-01 0.9952000000000001
1  2.51e+05  0.4431367068  1.522363e-01 0.9952000000000001
1  2.63e+05  0.4487961166  1.522363e-01 0.9952000000000001
1  2.75e+05  0.454413002  1.522363e-01 0.9952000000000001
1  2.88e+05  0.4599457488  1.522363e-01 0.9952000000000001
1  3.02e+05  0.4653560335  1.522363e-01 0.9952000000000001
1  3.16e+05  0.4706104376  1.522363e-01 0.9952000000000001
1  3.31e+05  0.4756815247  1.522363e-01 0.9952000000000001
1  3.47e+05  0.4805483062  1.522363e-01 0.9952000000000001
1  3.63e+05  0.4851961473  1.522363e-01 0.9952000000000001
1  3.80e+05  0.4896162483  1.522363e-01 0.9952000000000001
1  3.98e+05  0.4938048633  1.522363e-01 0.9952000000000001
1  4.17e+05  0.4977624052  1.522363e-01 0.9952000000000001
1  4.37e+05  0.501492553  1.522363e-01 0.9952000000000001
1  4.57e+05  0.5050014352  1.522363e-01 0.9952000000000001
1  4.79e+05  0.5082969272  1.522363e-01 0.9952000000000001
1  5.01e+05  0.5113880764  1.522363e-01 0.9952000000000001
1  5.25e+05  0.5142846475  1.522363e-01 0.9952000000000001
1  5.50e+05  0.5169967742  1.522363e-01 0.9952000000000001
1  5.75e+05  0.5195346987  1.522363e-01 0.9952000000000001
1  6.03e+05  0.5219085817  1.522363e-01 0.9952000000000001
1  6.31e+05  0.5241283659  1.522363e-01 0.9952000000000001
1  6.61e+05  0.5262036807  1.522363e-01 0.9952000000000001
1  6.92e+05  0.528143778  1.522363e-01 0.9952000000000001
1  7.24e+05  0.5299574904  1.522363e-01 0.9952000000000001
1  7.59e+05  0.531653207  1.522363e-01 0.9952000000000001
1  7.94e+05  0.533238861  1.522363e-01 0.9952000000000001
1  8.32e+05  0.5347219282  1.522363e-01 0.9952000000000001
1  8.71e+05  0.5361094313  1.522363e-01 0.9952000000000001
1  9.12e+05  0.5374079503  1.522363e-01 0.9952000000000001
1  9.55e+05  0.5386236364  1.522363e-01 0.9952000000000001
1  1.00e+06  0.5397622294  1.522363e-01 0.9952000000000001
1  1.05e+06  0.5408290759  1.522363e-01 0.9952000000000001
1  1.10e+06  0.5418291496  1.522363e-01 0.9952000000000001
1  1.15e+06  0.5427670724  1.522363e-01 0.9952000000000001
1  1.20e+06  0.5436471345  1.522363e-01 0.9952000000000001
1  1.26e+06  0.544473316  1.522363e-01 0.9952000000000001
1  1.32e+06  0.5452493067  1.522363e-01 0.9952000000000001
1  1.38e+06  0.5459785263  1.522363e-01 0.9952000000000001
1  1.45e+06  0.5466641429  1.522363e-01 0.9952000000000001
1  1.51e+06  0.5473090913  1.522363e-01 0.9952000000000001
1  1.58e+06  0.5479160901  1.522363e-01 0.9952000000000001
1  1.66e+06  0.5484876578  1.522363e-01 0.9952000000000001
1  1.74e+06  0.549026128  1.522363e-01 0.9952000000000001
1  1.82e+06  0.5495336635  1.522363e-01 0.9952000000000001
1  1.91e+06  0.5500122716  1.522363e-01 0.9952000000000001
1  2.00e+06  0.5504638083  1.522363e-01 0.9952000000000001
1  2.09e+06  0.5508899986  1.522363e-01 0.9952000000000001
1  2.19e+06  0.5512924444  1.522363e-01 0.9952000000000001
1  2.29e+06  0.5516726326  1.522363e-01 0.9952000000000001
1  2.40e+06  0.5520319447  1.522363e-01 0.9952000000000001
1  2.51e+06  0.5523716662  1.522363e-01 0.9952000000000001
1  2.63e+06  0.5526929918  1.522363e-01 0.9952000000000001
1  2.75e+06  0.5529970343  1.522363e-01 0.9952000000000001
1  2.88e+06  0.5532848297  1.522363e-01 0.9952000000000001
1  3.02e+06  0.5535573441  1.522363e-01 0.9952000000000001
1  3.16e+06  0.553815478  1.522363e-01 0.9952000000000001
1  3.31e+06  0.554060072  1.522363e-01 0.9952000000000001
1  3.47e+06  0.5542919109  1.522363e-01 0.9952000000000001
1  3.63e+06  0.5545117283  1.522363e-01 0.9952000000000001
1  3.80e+06  0.5547202098  1.522363e-01 0.9952000000000001
1  3.98e+06  0.5549179969  1.522363e-01 0.9952000000000001
1  4.17e+06  0.5551056901  1.522363e-01 0.9952000000000001
1  4.37e+06  0.5552838522  1.522363e-01 0.9952000000000001
1  4.57e+06  0.5554530104  1.522363e-01 0.9952000000000001
1  4.79e+06  0.5556136594  1.522363e-01 0.9952000000000001
1  5.01e+06  0.5557662632  1.522363e-01 0.9952000000000001
1  5.25e+06  0.5559112578  1.522363e-01 0.9952000000000001
1  5.50e+06  0.5560490527  1.522363e-01 0.9952000000000001
1  5.75e+06  0.5561800326  1.522363e-01 0.9952000000000001
1  6.03e+06  0.5563045597  1.522363e-01 0.9952000000000001
1  6.31e+06  0.5564229748  1.522363e-01 0.9952000000000001
1  6.61e+06  0.5565355985  1.522363e-01 0.9952000000000001
1  6.92e+06  0.5566427332  1.522363e-01 0.9952000000000001
1  7.24e+06  0.5567446637  1.522363e-01 0.9952000000000001
1  7.59e+06  0.5568416585  1.522363e-01 0.9952000000000001
1  7.94e+06  0.556933971  1.522363e-01 0.9952000000000001
1  8.32e+06  0.5570218405  1.522363e-01 0.9952000000000001
1  8.71e+06  0.5571054927  1.522363e-01 0.9952000000000001
1  9.12e+06  0.5571851409  1.522363e-01 0.9952000000000001
1  9.55e+06  0.5572609868  1.522363e-01 0.9952000000000001
1  1.00e+07  0.5573332209  1.522363e-01 0.9952000000000001
