1  1.00e-03  0.5595892369  1.479532e-01 0.9672000000000001
1  1.05e-03  0.5595880331  1.479532e-01 0.9672000000000001
1  1.10e-03  0.5595865822  1.479532e-01 0.9672000000000001
1  1.15e-03  0.5595852716  1.479532e-01 0.9672000000000001
1  1.20e-03  0.5595837058  1.479532e-01 0.9672000000000001
1  1.26e-03  0.559582184  1.479532e-01 0.9672000000000001
1  1.32e-03  0.5595804642  1.479532e-01 0.9672000000000001
1  1.38e-03  0.5595786958  1.479532e-01 0.9672000000000001
1  1.45e-03  0.5595768899  1.479532e-01 0.9672000000000001
1  1.51e-03  0.559575131  1.479532e-01 0.9672000000000001
1  1.58e-03  0.5595730417  1.479532e-01 0.9672000000000001
1  1.66e-03  0.5595710363  1.479532e-01 0.9672000000000001
1  1.74e-03  0.5595688825  1.479532e-01 0.9672000000000001
1  1.82e-03  0.5595665921  1.479532e-01 0.9672000000000001
1  1.91e-03  0.559564238  1.479532e-01 0.9672000000000001
1  2.00e-03  0.5595617227  1.479532e-01 0.9672000000000001
1  2.09e-03  0.5595590698  1.479532e-01 0.9672000000000001
1  2.19e-03  0.5595563582  1.479532e-01 0.9672000000000001
1  2.29e-03  0.559553549  1.479532e-01 0.9672000000000001
1  2.40e-03  0.5595505905  1.479532e-01 0.9672000000000001
1  2.51e-03  0.5595473944  1.479532e-01 0.9672000000000001
1  2.63e-03  0.55954415  1.479532e-01 0.9672000000000001
1  2.75e-03  0.5595407075  1.479532e-01 0.9672000000000001
1  2.88e-03  0.5595371244  1.479532e-01 0.9672000000000001
1  3.02e-03  0.559533351  1.479532e-01 0.9672000000000001
1  3.16e-03  0.5595294499  1.479532e-01 0.9672000000000001
1  3.31e-03  0.5595252736  1.479532e-01 0.9672000000000001
1  3.47e-03  0.5595209698  1.479532e-01 0.9672000000000001
1  3.63e-03  0.5595164495  1.479532e-01 0.9672000000000001
1  3.80e-03  0.559511729  1.479532e-01 0.9672000000000001
1  3.98e-03  0.5595067619  1.479532e-01 0.9672000000000001
1  4.17e-03  0.5595015618  1.479532e-01 0.9672000000000001
1  4.37e-03  0.5594961483  1.479532e-01 0.9672000000000001
1  4.57e-03  0.5594904441  1.479532e-01 0.9672000000000001
1  4.79e-03  0.5594844541  1.479532e-01 0.9672000000000001
1  5.01e-03  0.5594782315  1.479532e-01 0.9672000000000001
1  5.25e-03  0.5594716971  1.479532e-01 0.9672000000000001
1  5.50e-03  0.559464823  1.479532e-01 0.9672000000000001
1  5.75e-03  0.5594576516  1.479532e-01 0.9672000000000001
1  6.03e-03  0.5594501655  1.479532e-01 0.9672000000000001
1  6.31e-03  0.5594422712  1.479532e-01 0.9672000000000001
1  6.61e-03  0.559434056  1.479532e-01 0.9672000000000001
1  6.92e-03  0.5594254175  1.479532e-01 0.9672000000000001
1  7.24e-03  0.5594163917  1.479532e-01 0.9672000000000001
1  7.59e-03  0.5594069392  1.479532e-01 0.9672000000000001
1  7.94e-03  0.5593970094  1.479532e-01 0.9672000000000001
1  8.32e-03  0.5593866638  1.479532e-01 0.9672000000000001
1  8.71e-03  0.5593757778  1.479532e-01 0.9672000000000001
1  9.12e-03  0.5593644271  1.479532e-01 0.9672000000000001
1  9.55e-03  0.5593525079  1.479532e-01 0.9672000000000001
1  1.00e-02  0.5593400025  1.479532e-01 0.9672000000000001
1  1.05e-02  0.5593269565  1.479532e-01 0.9672000000000001
1  1.10e-02  0.559313286  1.479532e-01 0.9672000000000001
1  1.15e-02  0.5592989406  1.479532e-01 0.9672000000000001
1  1.20e-02  0.5592839331  1.479532e-01 0.9672000000000001
1  1.26e-02  0.5592681863  1.479532e-01 0.9672000000000001
1  1.32e-02  0.55925178  1.479532e-01 0.9672000000000001
1  1.38e-02  0.5592345397  1.479532e-01 0.9672000000000001
1  1.45e-02  0.5592164947  1.479532e-01 0.9672000000000001
1  1.51e-02  0.5591975756  1.479532e-01 0.9672000000000001
1  1.58e-02  0.5591777913  1.479532e-01 0.9672000000000001
1  1.66e-02  0.5591570573  1.479532e-01 0.9672000000000001
1  1.74e-02  0.5591352857  1.479532e-01 0.9672000000000001
1  1.82e-02  0.5591126057  1.479532e-01 0.9672000000000001
1  1.91e-02  0.5590887248  1.479532e-01 0.9672000000000001
1  2.00e-02  0.5590638458  1.479532e-01 0.9672000000000001
1  2.09e-02  0.5590376491  1.479532e-01 0.9672000000000001
1  2.19e-02  0.5590103354  1.479532e-01 0.9672000000000001
1  2.29e-02  0.5589816335  1.479532e-01 0.9672000000000001
1  2.40e-02  0.5589517051  1.479532e-01 0.9672000000000001
1  2.51e-02  0.558920169  1.479532e-01 0.9672000000000001
1  2.63e-02  0.5588872532  1.479532e-01 0.9672000000000001
1  2.75e-02  0.5588528104  1.479532e-01 0.9672000000000001
1  2.88e-02  0.5588167618  1.479532e-01 0.9672000000000001
1  3.02e-02  0.5587788096  1.479532e-01 0.9672000000000001
1  3.16e-02  0.5587392828  1.479532e-01 0.9672000000000001
1  3.31e-02  0.5586977339  1.479532e-01 0.9672000000000001
1  3.47e-02  0.5586542423  1.479532e-01 0.9672000000000001
1  3.63e-02  0.5586087579  1.479532e-01 0.9672000000000001
1  3.80e-02  0.5585609885  1.479532e-01 0.9672000000000001
1  3.98e-02  0.5585111807  1.479532e-01 0.9672000000000001
1  4.17e-02  0.5584587401  1.479532e-01 0.9672000000000001
1  4.37e-02  0.5584039281  1.479532e-01 0.9672000000000001
1  4.57e-02  0.558346463  1.479532e-01 0.9672000000000001
1  4.79e-02  0.5582862973  1.479532e-01 0.9672000000000001
1  5.01e-02  0.5582233583  1.479532e-01 0.9672000000000001
1  5.25e-02  0.5581573807  1.479532e-01 0.9672000000000001
1  5.50e-02  0.5580883123  1.479532e-01 0.9672000000000001
1  5.75e-02  0.5580158465  1.479532e-01 0.9672000000000001
1  6.03e-02  0.557939951  1.479532e-01 0.9672000000000001
1  6.31e-02  0.5578602255  1.479532e-01 0.9672000000000001
1  6.61e-02  0.5577770749  1.479532e-01 0.9672000000000001
1  6.92e-02  0.5576895845  1.479532e-01 0.9672000000000001
1  7.24e-02  0.557598185  1.479532e-01 0.9672000000000001
1  7.59e-02  0.5575022879  1.479532e-01 0.9672000000000001
1  7.94e-02  0.5574021625  1.479532e-01 0.9672000000000001
1  8.32e-02  0.5572968723  1.479532e-01 0.9672000000000001
1  8.71e-02  0.5571867189  1.479532e-01 0.9672000000000001
1  9.12e-02  0.5570709126  1.479532e-01 0.9672000000000001
1  9.55e-02  0.556949806  1.479532e-01 0.9672000000000001
1  1.00e-01  0.5568232229  1.479532e-01 0.9672000000000001
1  1.05e-01  0.5566900518  1.479532e-01 0.9672000000000001
1  1.10e-01  0.5565505882  1.479532e-01 0.9672000000000001
1  1.15e-01  0.5564045091  1.479532e-01 0.9672000000000001
1  1.20e-01  0.5562515888  1.479532e-01 0.9672000000000001
1  1.26e-01  0.5560911906  1.479532e-01 0.9672000000000001
1  1.32e-01  0.5559228882  1.479532e-01 0.9672000000000001
1  1.38e-01  0.5557464684  1.479532e-01 0.9672000000000001
1  1.45e-01  0.5555616192  1.479532e-01 0.9672000000000001
1  1.51e-01  0.5553672919  1.479532e-01 0.9672000000000001
1  1.58e-01  0.5551646305  1.479532e-01 0.9672000000000001
1  1.66e-01  0.5549510613  1.479532e-01 0.9672000000000001
1  1.74e-01  0.5547280501  1.479532e-01 0.9672000000000001
1  1.82e-01  0.554493271  1.479532e-01 0.9672000000000001
1  1.91e-01  0.5542471875  1.479532e-01 0.9672000000000001
1  2.00e-01  0.5539899891  1.479532e-01 0.9672000000000001
1  2.09e-01  0.5537190773  1.479532e-01 0.9672000000000001
1  2.19e-01  0.5534357913  1.479532e-01 0.9672000000000001
1  2.29e-01  0.5531379022  1.479532e-01 0.9672000000000001
1  2.40e-01  0.5528261276  1.479532e-01 0.9672000000000001
1  2.51e-01  0.5524986609  1.479532e-01 0.9672000000000001
1  2.63e-01  0.5521551662  1.479532e-01 0.9672000000000001
1  2.75e-01  0.5517947518  1.479532e-01 0.9672000000000001
1  2.88e-01  0.5514156634  1.479532e-01 0.9672000000000001
1  3.02e-01  0.5510188241  1.479532e-01 0.9672000000000001
1  3.16e-01  0.5506028826  1.479532e-01 0.9672000000000001
1  3.31e-01  0.5501643804  1.479532e-01 0.9672000000000001
1  3.47e-01  0.5497049647  1.479532e-01 0.9672000000000001
1  3.63e-01  0.5492222006  1.479532e-01 0.9672000000000001
1  3.80e-01  0.5487164975  1.479532e-01 0.9672000000000001
1  3.98e-01  0.5481840039  1.479532e-01 0.9672000000000001
1  4.17e-01  0.5476253966  1.479532e-01 0.9672000000000001
1  4.37e-01  0.5470389897  1.479532e-01 0.9672000000000001
1  4.57e-01  0.5464207627  1.479532e-01 0.9672000000000001
1  4.79e-01  0.5457726955  1.479532e-01 0.9672000000000001
1  5.01e-01  0.5450923287  1.479532e-01 0.9672000000000001
1  5.25e-01  0.5443760268  1.479532e-01 0.9672000000000001
1  5.50e-01  0.5436234991  1.479532e-01 0.9672000000000001
1  5.75e-01  0.542834846  1.479532e-01 0.9672000000000001
1  6.03e-01  0.5420010498  1.479532e-01 0.9672000000000001
1  6.31e-01  0.5411277804  1.479532e-01 0.9672000000000001
1  6.61e-01  0.5402096875  1.479532e-01 0.9672000000000001
1  6.92e-01  0.539242377  1.479532e-01 0.9672000000000001
1  7.24e-01  0.5382229924  1.479532e-01 0.9672000000000001
1  7.59e-01  0.5371512862  1.479532e-01 0.9672000000000001
1  7.94e-01  0.5360269687  1.479532e-01 0.9672000000000001
1  8.32e-01  0.5348417947  1.479532e-01 0.9672000000000001
1  8.71e-01  0.5335944932  1.479532e-01 0.9672000000000001
1  9.12e-01  0.532278166  1.479532e-01 0.9672000000000001
1  9.55e-01  0.5308980802  1.479532e-01 0.9672000000000001
1  1.00e+00  0.5294419314  1.479532e-01 0.9672000000000001
1  1.05e+00  0.5279063656  1.479532e-01 0.9672000000000001
1  1.10e+00  0.5262919459  1.479532e-01 0.9672000000000001
1  1.15e+00  0.5245937329  1.479532e-01 0.9672000000000001
1  1.20e+00  0.5228018333  1.479532e-01 0.9672000000000001
1  1.26e+00  0.5209199554  1.479532e-01 0.9672000000000001
1  1.32e+00  0.5189343933  1.479532e-01 0.9672000000000001
1  1.38e+00  0.516838378  1.479532e-01 0.9672000000000001
1  1.45e+00  0.5146384807  1.479532e-01 0.9672000000000001
1  1.51e+00  0.5123239053  1.479532e-01 0.9672000000000001
1  1.58e+00  0.5098860638  1.479532e-01 0.9672000000000001
1  1.66e+00  0.5073218098  1.479532e-01 0.9672000000000001
1  1.74e+00  0.5046147186  1.479532e-01 0.9672000000000001
1  1.82e+00  0.5017770393  1.479532e-01 0.9672000000000001
1  1.91e+00  0.4987923056  1.479532e-01 0.9672000000000001
1  2.00e+00  0.4956658281  1.479532e-01 0.9672000000000001
1  2.09e+00  0.492368778  1.479532e-01 0.9672000000000001
1  2.19e+00  0.4889199483  1.479532e-01 0.9672000000000001
1  2.29e+00  0.4853102478  1.479532e-01 0.9672000000000001
1  2.40e+00  0.4815183059  1.479532e-01 0.9672000000000001
1  2.51e+00  0.4775690328  1.479532e-01 0.9672000000000001
1  2.63e+00  0.4734295226  1.479532e-01 0.9672000000000001
1  2.75e+00  0.4691262234  1.479532e-01 0.9672000000000001
1  2.88e+00  0.4646458217  1.479532e-01 0.9672000000000001
1  3.02e+00  0.4599804833  1.479532e-01 0.9672000000000001
1  3.16e+00  0.4551639768  1.479532e-01 0.9672000000000001
1  3.31e+00  0.4501791259  1.479532e-01 0.9672000000000001
1  3.47e+00  0.4450252881  1.479532e-01 0.9672000000000001
1  3.63e+00  0.4397337432  1.479532e-01 0.9672000000000001
1  3.80e+00  0.4343306957  1.479532e-01 0.9672000000000001
1  3.98e+00  0.4287961735  1.479532e-01 0.9672000000000001
1  4.17e+00  0.4231386342  1.479532e-01 0.9672000000000001
1  4.37e+00  0.4174561187  1.479532e-01 0.9672000000000001
1  4.57e+00  0.4116851139  1.479532e-01 0.9672000000000001
1  4.79e+00  0.4059170162  1.479532e-01 0.9672000000000001
1  5.01e+00  0.4001199771  1.479532e-01 0.9672000000000001
1  5.25e+00  0.3943574742  1.479532e-01 0.9672000000000001
1  5.50e+00  0.3886666581  1.479532e-01 0.9672000000000001
1  5.75e+00  0.3830291044  1.479532e-01 0.9672000000000001
1  6.03e+00  0.3775129024  1.479532e-01 0.9672000000000001
1  6.31e+00  0.372144951  1.479532e-01 0.9672000000000001
1  6.61e+00  0.3669181525  1.479532e-01 0.9672000000000001
1  6.92e+00  0.3618999124  1.479532e-01 0.9672000000000001
1  7.24e+00  0.3570387027  1.479532e-01 0.9672000000000001
1  7.59e+00  0.3524232084  1.479532e-01 0.9672000000000001
1  7.94e+00  0.3479975453  1.479532e-01 0.9672000000000001
1  8.32e+00  0.3438237305  1.479532e-01 0.9672000000000001
1  8.71e+00  0.3398916677  1.479532e-01 0.9672000000000001
1  9.12e+00  0.336187634  1.479532e-01 0.9672000000000001
1  9.55e+00  0.3327217565  1.479532e-01 0.9672000000000001
1  1.00e+01  0.3294558822  1.479532e-01 0.9672000000000001
1  1.05e+01  0.3264622416  1.479532e-01 0.9672000000000001
1  1.10e+01  0.3236348574  1.479532e-01 0.9672000000000001
1  1.15e+01  0.3210592568  1.479532e-01 0.9672000000000001
1  1.20e+01  0.3186947809  1.479532e-01 0.9672000000000001
1  1.26e+01  0.316495847  1.479532e-01 0.9672000000000001
1  1.32e+01  0.3143785123  1.479532e-01 0.9672000000000001
1  1.38e+01  0.3125481183  1.479532e-01 0.9672000000000001
1  1.45e+01  0.3108196105  1.479532e-01 0.9672000000000001
1  1.51e+01  0.3092496259  1.479532e-01 0.9672000000000001
1  1.58e+01  0.307793425  1.479532e-01 0.9672000000000001
1  1.66e+01  0.306479026  1.479532e-01 0.9672000000000001
1  1.74e+01  0.3052612924  1.479532e-01 0.9672000000000001
1  1.82e+01  0.3041173704  1.479532e-01 0.9672000000000001
1  1.91e+01  0.3031142208  1.479532e-01 0.9672000000000001
1  2.00e+01  0.3021540194  1.479532e-01 0.9672000000000001
1  2.09e+01  0.3012727921  1.479532e-01 0.9672000000000001
1  2.19e+01  0.3004943042  1.479532e-01 0.9672000000000001
1  2.29e+01  0.2997260246  1.479532e-01 0.9672000000000001
1  2.40e+01  0.2990355682  1.479532e-01 0.9672000000000001
1  2.51e+01  0.2984034683  1.479532e-01 0.9672000000000001
1  2.63e+01  0.297796296  1.479532e-01 0.9672000000000001
1  2.75e+01  0.2972370585  1.479532e-01 0.9672000000000001
1  2.88e+01  0.2967027797  1.479532e-01 0.9672000000000001
1  3.02e+01  0.2962260429  1.479532e-01 0.9672000000000001
1  3.16e+01  0.2957390847  1.479532e-01 0.9672000000000001
1  3.31e+01  0.2952768084  1.479532e-01 0.9672000000000001
1  3.47e+01  0.2948402171  1.479532e-01 0.9672000000000001
1  3.63e+01  0.2944093127  1.479532e-01 0.9672000000000001
1  3.80e+01  0.2939686413  1.479532e-01 0.9672000000000001
1  3.98e+01  0.2935384566  1.479532e-01 0.9672000000000001
1  4.17e+01  0.29312109  1.479532e-01 0.9672000000000001
1  4.37e+01  0.2926966528  1.479532e-01 0.9672000000000001
1  4.57e+01  0.2922618167  1.479532e-01 0.9672000000000001
1  4.79e+01  0.2918418639  1.479532e-01 0.9672000000000001
1  5.01e+01  0.2913589821  1.479532e-01 0.9672000000000001
1  5.25e+01  0.2908793243  1.479532e-01 0.9672000000000001
1  5.50e+01  0.2903797391  1.479532e-01 0.9672000000000001
1  5.75e+01  0.2898450679  1.479532e-01 0.9672000000000001
1  6.03e+01  0.2892688442  1.479532e-01 0.9672000000000001
1  6.31e+01  0.2886418865  1.479532e-01 0.9672000000000001
1  6.61e+01  0.2879576406  1.479532e-01 0.9672000000000001
1  6.92e+01  0.2872369538  1.479532e-01 0.9672000000000001
1  7.24e+01  0.286408012  1.479532e-01 0.9672000000000001
1  7.59e+01  0.2854965546  1.479532e-01 0.9672000000000001
1  7.94e+01  0.2844748676  1.479532e-01 0.9672000000000001
1  8.32e+01  0.2833134532  1.479532e-01 0.9672000000000001
1  8.71e+01  0.2820109145  1.479532e-01 0.9672000000000001
1  9.12e+01  0.2804944929  1.479532e-01 0.9672000000000001
1  9.55e+01  0.2787592908  1.479532e-01 0.9672000000000001
1  1.00e+02  0.2767238091  1.479532e-01 0.9672000000000001
1  1.05e+02  0.2743568274  1.479532e-01 0.9672000000000001
1  1.10e+02  0.2715412668  1.479532e-01 0.9672000000000001
1  1.15e+02  0.2681822933  1.479532e-01 0.9672000000000001
1  1.20e+02  0.2641174027  1.479532e-01 0.9672000000000001
1  1.26e+02  0.259186245  1.479532e-01 0.9672000000000001
1  1.32e+02  0.2531195063  1.479532e-01 0.9672000000000001
1  1.38e+02  0.245667469  1.479532e-01 0.9672000000000001
1  1.45e+02  0.2364283573  1.479532e-01 0.9672000000000001
1  1.51e+02  0.2250671964  1.479532e-01 0.9672000000000001
1  1.58e+02  0.2112084275  1.479532e-01 0.9672000000000001
1  1.66e+02  0.1946665474  1.479532e-01 0.9672000000000001
1  1.74e+02  0.1756380286  1.479532e-01 0.9672000000000001
1  1.82e+02  0.1548609943  1.479532e-01 0.9672000000000001
1  1.91e+02  0.1335927856  1.479532e-01 0.9672000000000001
1  2.00e+02  0.1133197421  1.479532e-01 0.9672000000000001
1  2.09e+02  0.09527198145  1.479532e-01 0.9672000000000001
1  2.19e+02  0.08005997722  1.479532e-01 0.9672000000000001
1  2.29e+02  0.06778232085  1.479532e-01 0.9672000000000001
1  2.40e+02  0.05811058049  1.479532e-01 0.9672000000000001
1  2.51e+02  0.05060414748  1.479532e-01 0.9672000000000001
1  2.63e+02  0.04480173923  1.479532e-01 0.9672000000000001
1  2.75e+02  0.04032021148  1.479532e-01 0.9672000000000001
1  2.88e+02  0.0368369113  1.479532e-01 0.9672000000000001
1  3.02e+02  0.03411167036  1.479532e-01 0.9672000000000001
1  3.16e+02  0.03195916798  1.479532e-01 0.9672000000000001
1  3.31e+02  0.03024888026  1.479532e-01 0.9672000000000001
1  3.47e+02  0.02887432631  1.479532e-01 0.9672000000000001
1  3.63e+02  0.02776436501  1.479532e-01 0.9672000000000001
1  3.80e+02  0.02686084135  1.479532e-01 0.9672000000000001
1  3.98e+02  0.02611762443  1.479532e-01 0.9672000000000001
1  4.17e+02  0.02550062352  1.479532e-01 0.9672000000000001
1  4.37e+02  0.02498876723  1.479532e-01 0.9672000000000001
1  4.57e+02  0.02456040358  1.479532e-01 0.9672000000000001
1  4.79e+02  0.02419995801  1.479532e-01 0.9672000000000001
1  5.01e+02  0.02389747202  1.479532e-01 0.9672000000000001
1  5.25e+02  0.02363833086  1.479532e-01 0.9672000000000001
1  5.50e+02  0.02341551255  1.479532e-01 0.9672000000000001
1  5.75e+02  0.02322682389  1.479532e-01 0.9672000000000001
1  6.03e+02  0.02306370866  1.479532e-01 0.9672000000000001
1  6.31e+02  0.02292234515  1.479532e-01 0.9672000000000001
1  6.61e+02  0.02279960669  1.479532e-01 0.9672000000000001
1  6.92e+02  0.02269309099  1.479532e-01 0.9672000000000001
1  7.24e+02  0.02260234744  1.479532e-01 0.9672000000000001
1  7.59e+02  0.02252067349  1.479532e-01 0.9672000000000001
1  7.94e+02  0.02244977038  1.479532e-01 0.9672000000000001
1  8.32e+02  0.02238917176  1.479532e-01 0.9672000000000001
1  8.71e+02  0.02233432597  1.479532e-01 0.9672000000000001
1  9.12e+02  0.02228639434  1.479532e-01 0.9672000000000001
1  9.55e+02  0.0222428689  1.479532e-01 0.9672000000000001
1  1.00e+03  0.02220620796  1.479532e-01 0.9672000000000001
1  1.05e+03  0.02217300632  1.479532e-01 0.9672000000000001
1  1.10e+03  0.02214349268  1.479532e-01 0.9672000000000001
1  1.15e+03  0.02211716571  1.479532e-01 0.9672000000000001
1  1.20e+03  0.0220932844  1.479532e-01 0.9672000000000001
1  1.26e+03  0.02207401199  1.479532e-01 0.9672000000000001
1  1.32e+03  0.02205437789  1.479532e-01 0.9672000000000001
1  1.38e+03  0.02203859449  1.479532e-01 0.9672000000000001
1  1.45e+03  0.02202374661  1.479532e-01 0.9672000000000001
1  1.51e+03  0.02201121201  1.479532e-01 0.9672000000000001
1  1.58e+03  0.0219979526  1.479532e-01 0.9672000000000001
1  1.66e+03  0.02198802411  1.479532e-01 0.9672000000000001
1  1.74e+03  0.02197766091  1.479532e-01 0.9672000000000001
1  1.82e+03  0.02196956251  1.479532e-01 0.9672000000000001
1  1.91e+03  0.02196170526  1.479532e-01 0.9672000000000001
1  2.00e+03  0.02195535083  1.479532e-01 0.9672000000000001
1  2.09e+03  0.02194949278  1.479532e-01 0.9672000000000001
1  2.19e+03  0.02194389821  1.479532e-01 0.9672000000000001
1  2.29e+03  0.02193809544  1.479532e-01 0.9672000000000001
1  2.40e+03  0.02193390785  1.479532e-01 0.9672000000000001
1  2.51e+03  0.02192912001  1.479532e-01 0.9672000000000001
1  2.63e+03  0.0219258502  1.479532e-01 0.9672000000000001
1  2.75e+03  0.02192230817  1.479532e-01 0.9672000000000001
1  2.88e+03  0.02191979325  1.479532e-01 0.9672000000000001
1  3.02e+03  0.0219159736  1.479532e-01 0.9672000000000001
1  3.16e+03  0.02191478246  1.479532e-01 0.9672000000000001
1  3.31e+03  0.02191233263  1.479532e-01 0.9672000000000001
1  3.47e+03  0.02191260482  1.479532e-01 0.9672000000000001
1  3.63e+03  0.02191044107  1.479532e-01 0.9672000000000001
1  3.80e+03  0.02190412807  1.479532e-01 0.9672000000000001
1  3.98e+03  0.02190255838  1.479532e-01 0.9672000000000001
1  4.17e+03  0.02190869618  1.479532e-01 0.9672000000000001
1  4.37e+03  0.02190588988  1.479532e-01 0.9672000000000001
1  4.57e+03  0.02191139935  1.479532e-01 0.9672000000000001
1  4.79e+03  0.02190641086  1.479532e-01 0.9672000000000001
1  5.01e+03  0.0218998298  1.479532e-01 0.9672000000000001
1  5.25e+03  0.02189058444  1.479532e-01 0.9672000000000001
1  5.50e+03  0.02190494957  1.479532e-01 0.9672000000000001
1  5.75e+03  0.02193382815  1.479532e-01 0.9672000000000001
1  6.03e+03  0.02190350854  1.479532e-01 0.9672000000000001
1  6.31e+03  0.02194233469  1.479532e-01 0.9672000000000001
1  6.61e+03  0.021955502  1.479532e-01 0.9672000000000001
1  6.92e+03  0.02197676964  1.479532e-01 0.9672000000000001
1  7.24e+03  0.0220072004  1.479532e-01 0.9672000000000001
1  7.59e+03  0.02211363455  1.479532e-01 0.9672000000000001
1  7.94e+03  0.02208082672  1.479532e-01 0.9672000000000001
1  8.32e+03  0.02223243593  1.479532e-01 0.9672000000000001
1  8.71e+03  0.02243316258  1.479532e-01 0.9672000000000001
1  9.12e+03  0.02252122026  1.479532e-01 0.9672000000000001
1  9.55e+03  0.02265196593  1.479532e-01 0.9672000000000001
1  1.00e+04  0.02292530649  1.479532e-01 0.9672000000000001
1  1.05e+04  0.02329438392  1.479532e-01 0.9672000000000001
1  1.10e+04  0.02379799601  1.479532e-01 0.9672000000000001
1  1.15e+04  0.02435010389  1.479532e-01 0.9672000000000001
1  1.20e+04  0.02508368502  1.479532e-01 0.9672000000000001
1  1.26e+04  0.02582077683  1.479532e-01 0.9672000000000001
1  1.32e+04  0.02668034453  1.479532e-01 0.9672000000000001
1  1.38e+04  0.02778026643  1.479532e-01 0.9672000000000001
1  1.45e+04  0.02922230201  1.479532e-01 0.9672000000000001
1  1.51e+04  0.03106366444  1.479532e-01 0.9672000000000001
1  1.58e+04  0.03310099252  1.479532e-01 0.9672000000000001
1  1.66e+04  0.03508226536  1.479532e-01 0.9672000000000001
1  1.74e+04  0.037142795  1.479532e-01 0.9672000000000001
1  1.82e+04  0.03980675561  1.479532e-01 0.9672000000000001
1  1.91e+04  0.04318904905  1.479532e-01 0.9672000000000001
1  2.00e+04  0.04652351359  1.479532e-01 0.9672000000000001
1  2.09e+04  0.0502172047  1.479532e-01 0.9672000000000001
1  2.19e+04  0.05433540892  1.479532e-01 0.9672000000000001
1  2.29e+04  0.05858557539  1.479532e-01 0.9672000000000001
1  2.40e+04  0.06391430196  1.479532e-01 0.9672000000000001
1  2.51e+04  0.06839613762  1.479532e-01 0.9672000000000001
1  2.63e+04  0.07478377507  1.479532e-01 0.9672000000000001
1  2.75e+04  0.07983543331  1.479532e-01 0.9672000000000001
1  2.88e+04  0.08701478006  1.479532e-01 0.9672000000000001
1  3.02e+04  0.09275952384  1.479532e-01 0.9672000000000001
1  3.16e+04  0.1003870501  1.479532e-01 0.9672000000000001
1  3.31e+04  0.1074478128  1.479532e-01 0.9672000000000001
1  3.47e+04  0.1144748807  1.479532e-01 0.9672000000000001
1  3.63e+04  0.1233808886  1.479532e-01 0.9672000000000001
1  3.80e+04  0.1307406319  1.479532e-01 0.9672000000000001
1  3.98e+04  0.1383692271  1.479532e-01 0.9672000000000001
1  4.17e+04  0.1487350386  1.479532e-01 0.9672000000000001
1  4.37e+04  0.1566983248  1.479532e-01 0.9672000000000001
1  4.57e+04  0.1637912181  1.479532e-01 0.9672000000000001
1  4.79e+04  0.1746466756  1.479532e-01 0.9672000000000001
1  5.01e+04  0.1851210574  1.479532e-01 0.9672000000000001
1  5.25e+04  0.192383315  1.479532e-01 0.9672000000000001
1  5.50e+04  0.2003123819  1.479532e-01 0.9672000000000001
1  5.75e+04  0.2109406727  1.479532e-01 0.9672000000000001
1  6.03e+04  0.2220524884  1.479532e-01 0.9672000000000001
1  6.31e+04  0.2316399471  1.479532e-01 0.9672000000000001
1  6.61e+04  0.2396505704  1.479532e-01 0.9672000000000001
1  6.92e+04  0.2472520273  1.479532e-01 0.9672000000000001
1  7.24e+04  0.2559517635  1.479532e-01 0.9672000000000001
1  7.59e+04  0.2664319238  1.479532e-01 0.9672000000000001
1  7.94e+04  0.2777591932  1.479532e-01 0.9672000000000001
1  8.32e+04  0.2881896817  1.479532e-01 0.9672000000000001
1  8.71e+04  0.2967300979  1.479532e-01 0.9672000000000001
1  9.12e+04  0.3037431369  1.479532e-01 0.9672000000000001
1  9.55e+04  0.3103375909  1.479532e-01 0.9672000000000001
1  1.00e+05  0.3174710097  1.479532e-01 0.9672000000000001
1  1.05e+05  0.3255301225  1.479532e-01 0.9672000000000001
1  1.10e+05  0.3344275315  1.479532e-01 0.9672000000000001
1  1.15e+05  0.3438513289  1.479532e-01 0.9672000000000001
1  1.20e+05  0.3534178372  1.479532e-01 0.9672000000000001
1  1.26e+05  0.3627326033  1.479532e-01 0.9672000000000001
1  1.32e+05  0.3714448298  1.479532e-01 0.9672000000000001
1  1.38e+05  0.3793157417  1.479532e-01 0.9672000000000001
1  1.45e+05  0.386265684  1.479532e-01 0.9672000000000001
1  1.51e+05  0.3923716869  1.479532e-01 0.9672000000000001
1  1.58e+05  0.3978205158  1.479532e-01 0.9672000000000001
1  1.66e+05  0.4028432096  1.479532e-01 0.9672000000000001
1  1.74e+05  0.4076573827  1.479532e-01 0.9672000000000001
1  1.82e+05  0.4124319886  1.479532e-01 0.9672000000000001
1  1.91e+05  0.4172761948  1.479532e-01 0.9672000000000001
1  2.00e+05  0.422245474  1.479532e-01 0.9672000000000001
1  2.09e+05  0.4273554881  1.479532e-01 0.9672000000000001
1  2.19e+05  0.4325962718  1.479532e-01 0.9672000000000001
1  2.29e+05  0.4379429238  1.479532e-01 0.9672000000000001
1  2.40e+05  0.4433622275  1.479532e-01 0.9672000000000001
1  2.51e+05  0.4488163545  1.479532e-01 0.9672000000000001
1  2.63e+05  0.4542651345  1.479532e-01 0.9672000000000001
1  2.75e+05  0.4596679184  1.479532e-01 0.9672000000000001
1  2.88e+05  0.4649854305  1.479532e-01 0.9672000000000001
1  3.02e+05  0.4701815601  1.479532e-01 0.9672000000000001
1  3.16e+05  0.4752248635  1.479532e-01 0.9672000000000001
1  3.31e+05  0.4800895753  1.479532e-01 0.9672000000000001
1  3.47e+05  0.4847560497  1.479532e-01 0.9672000000000001
1  3.63e+05  0.4892106739  1.479532e-01 0.9672000000000001
1  3.80e+05  0.4934453772  1.479532e-01 0.9672000000000001
1  3.98e+05  0.4974568879  1.479532e-01 0.9672000000000001
1  4.17e+05  0.5012458809  1.479532e-01 0.9672000000000001
1  4.37e+05  0.504816126  1.479532e-01 0.9672000000000001
1  4.57e+05  0.5081737075  1.479532e-01 0.9672000000000001
1  4.79e+05  0.5113263541  1.479532e-01 0.9672000000000001
1  5.01e+05  0.5142828897  1.479532e-01 0.9672000000000001
1  5.25e+05  0.5170527999  1.479532e-01 0.9672000000000001
1  5.50e+05  0.5196459011  1.479532e-01 0.9672000000000001
1  5.75e+05  0.5220720933  1.479532e-01 0.9672000000000001
1  6.03e+05  0.5243411802  1.479532e-01 0.9672000000000001
1  6.31e+05  0.5264627414  1.479532e-01 0.9672000000000001
1  6.61e+05  0.5284460431  1.479532e-01 0.9672000000000001
1  6.92e+05  0.5302999789  1.479532e-01 0.9672000000000001
1  7.24e+05  0.5320330315  1.479532e-01 0.9672000000000001
1  7.59e+05  0.5336532513  1.479532e-01 0.9672000000000001
1  7.94e+05  0.5351682462  1.479532e-01 0.9672000000000001
1  8.32e+05  0.5365851809  1.479532e-01 0.9672000000000001
1  8.71e+05  0.5379107825  1.479532e-01 0.9672000000000001
1  9.12e+05  0.5391513512  1.479532e-01 0.9672000000000001
1  9.55e+05  0.5403127744  1.479532e-01 0.9672000000000001
1  1.00e+06  0.5414005435  1.479532e-01 0.9672000000000001
1  1.05e+06  0.5424197725  1.479532e-01 0.9672000000000001
1  1.10e+06  0.5433752175  1.479532e-01 0.9672000000000001
1  1.15e+06  0.5442712966  1.479532e-01 0.9672000000000001
1  1.20e+06  0.5451121107  1.479532e-01 0.9672000000000001
1  1.26e+06  0.5459014631  1.479532e-01 0.9672000000000001
1  1.32e+06  0.5466428794  1.479532e-01 0.9672000000000001
1  1.38e+06  0.5473396264  1.479532e-01 0.9672000000000001
1  1.45e+06  0.5479947305  1.479532e-01 0.9672000000000001
1  1.51e+06  0.5486109947  1.479532e-01 0.9672000000000001
1  1.58e+06  0.5491910155  1.479532e-01 0.9672000000000001
1  1.66e+06  0.5497371978  1.479532e-01 0.9672000000000001
1  1.74e+06  0.55025177  1.479532e-01 0.9672000000000001
1  1.82e+06  0.5507367974  1.479532e-01 0.9672000000000001
1  1.91e+06  0.5511941965  1.479532e-01 0.9672000000000001
1  2.00e+06  0.551625739  1.479532e-01 0.9672000000000001
1  2.09e+06  0.5520330727  1.479532e-01 0.9672000000000001
1  2.19e+06  0.5524177261  1.479532e-01 0.9672000000000001
1  2.29e+06  0.5527811188  1.479532e-01 0.9672000000000001
1  2.40e+06  0.5531245706  1.479532e-01 0.9672000000000001
1  2.51e+06  0.5534493079  1.479532e-01 0.9672000000000001
1  2.63e+06  0.5537564717  1.479532e-01 0.9672000000000001
1  2.75e+06  0.5540471241  1.479532e-01 0.9672000000000001
1  2.88e+06  0.5543222547  1.479532e-01 0.9672000000000001
1  3.02e+06  0.5545827855  1.479532e-01 0.9672000000000001
1  3.16e+06  0.5548295765  1.479532e-01 0.9672000000000001
1  3.31e+06  0.5550634301  1.479532e-01 0.9672000000000001
1  3.47e+06  0.5552850962  1.479532e-01 0.9672000000000001
1  3.63e+06  0.5554952746  1.479532e-01 0.9672000000000001
1  3.80e+06  0.5556946203  1.479532e-01 0.9672000000000001
1  3.98e+06  0.5558837459  1.479532e-01 0.9672000000000001
1  4.17e+06  0.556063225  1.479532e-01 0.9672000000000001
1  4.37e+06  0.5562335949  1.479532e-01 0.9672000000000001
1  4.57e+06  0.5563953591  1.479532e-01 0.9672000000000001
1  4.79e+06  0.5565489902  1.479532e-01 0.9672000000000001
1  5.01e+06  0.5566949314  1.479532e-01 0.9672000000000001
1  5.25e+06  0.5568335991  1.479532e-01 0.9672000000000001
1  5.50e+06  0.5569653843  1.479532e-01 0.9672000000000001
1  5.75e+06  0.5570906548  1.479532e-01 0.9672000000000001
1  6.03e+06  0.5572097566  1.479532e-01 0.9672000000000001
1  6.31e+06  0.557323015  1.479532e-01 0.9672000000000001
1  6.61e+06  0.5574307366  1.479532e-01 0.9672000000000001
1  6.92e+06  0.5575332102  1.479532e-01 0.9672000000000001
1  7.24e+06  0.5576307079  1.479532e-01 0.9672000000000001
1  7.59e+06  0.5577234864  1.479532e-01 0.9672000000000001
1  7.94e+06  0.5578117878  1.479532e-01 0.9672000000000001
1  8.32e+06  0.5578958407  1.479532e-01 0.9672000000000001
1  8.71e+06  0.5579758608  1.479532e-01 0.9672000000000001
1  9.12e+06  0.5580520521  1.479532e-01 0.9672000000000001
1  9.55e+06  0.5581246072  1.479532e-01 0.9672000000000001
1  1.00e+07  0.5581937084  1.479532e-01 0.9672000000000001
