1  1.00e-03  0.557883589  1.570090e-01 1.0264
1  1.05e-03  0.55788238  1.570090e-01 1.0264
1  1.10e-03  0.5578809379  1.570090e-01 1.0264
1  1.15e-03  0.5578796348  1.570090e-01 1.0264
1  1.20e-03  0.5578780653  1.570090e-01 1.0264
1  1.26e-03  0.5578765576  1.570090e-01 1.0264
1  1.32e-03  0.5578748494  1.570090e-01 1.0264
1  1.38e-03  0.5578730801  1.570090e-01 1.0264
1  1.45e-03  0.5578712792  1.570090e-01 1.0264
1  1.51e-03  0.5578695257  1.570090e-01 1.0264
1  1.58e-03  0.5578674494  1.570090e-01 1.0264
1  1.66e-03  0.5578654415  1.570090e-01 1.0264
1  1.74e-03  0.5578632966  1.570090e-01 1.0264
1  1.82e-03  0.5578610124  1.570090e-01 1.0264
1  1.91e-03  0.557858662  1.570090e-01 1.0264
1  2.00e-03  0.5578561599  1.570090e-01 1.0264
1  2.09e-03  0.5578535187  1.570090e-01 1.0264
1  2.19e-03  0.5578508201  1.570090e-01 1.0264
1  2.29e-03  0.5578480193  1.570090e-01 1.0264
1  2.40e-03  0.5578450571  1.570090e-01 1.0264
1  2.51e-03  0.5578418815  1.570090e-01 1.0264
1  2.63e-03  0.5578386346  1.570090e-01 1.0264
1  2.75e-03  0.5578352186  1.570090e-01 1.0264
1  2.88e-03  0.5578316484  1.570090e-01 1.0264
1  3.02e-03  0.5578278764  1.570090e-01 1.0264
1  3.16e-03  0.5578239874  1.570090e-01 1.0264
1  3.31e-03  0.5578198301  1.570090e-01 1.0264
1  3.47e-03  0.5578155397  1.570090e-01 1.0264
1  3.63e-03  0.5578110368  1.570090e-01 1.0264
1  3.80e-03  0.5578063297  1.570090e-01 1.0264
1  3.98e-03  0.5578013572  1.570090e-01 1.0264
1  4.17e-03  0.5577961787  1.570090e-01 1.0264
1  4.37e-03  0.5577907655  1.570090e-01 1.0264
1  4.57e-03  0.5577850804  1.570090e-01 1.0264
1  4.79e-03  0.5577791405  1.570090e-01 1.0264
1  5.01e-03  0.5577729185  1.570090e-01 1.0264
1  5.25e-03  0.5577663834  1.570090e-01 1.0264
1  5.50e-03  0.5577595572  1.570090e-01 1.0264
1  5.75e-03  0.5577524013  1.570090e-01 1.0264
1  6.03e-03  0.5577449131  1.570090e-01 1.0264
1  6.31e-03  0.5577370876  1.570090e-01 1.0264
1  6.61e-03  0.5577288518  1.570090e-01 1.0264
1  6.92e-03  0.5577202578  1.570090e-01 1.0264
1  7.24e-03  0.5577112442  1.570090e-01 1.0264
1  7.59e-03  0.5577018216  1.570090e-01 1.0264
1  7.94e-03  0.5576919486  1.570090e-01 1.0264
1  8.32e-03  0.5576815967  1.570090e-01 1.0264
1  8.71e-03  0.55767079  1.570090e-01 1.0264
1  9.12e-03  0.5576594175  1.570090e-01 1.0264
1  9.55e-03  0.5576475302  1.570090e-01 1.0264
1  1.00e-02  0.5576351311  1.570090e-01 1.0264
1  1.05e-02  0.5576220602  1.570090e-01 1.0264
1  1.10e-02  0.5576084319  1.570090e-01 1.0264
1  1.15e-02  0.5575941298  1.570090e-01 1.0264
1  1.20e-02  0.5575791644  1.570090e-01 1.0264
1  1.26e-02  0.5575635403  1.570090e-01 1.0264
1  1.32e-02  0.5575470883  1.570090e-01 1.0264
1  1.38e-02  0.5575298944  1.570090e-01 1.0264
1  1.45e-02  0.5575119072  1.570090e-01 1.0264
1  1.51e-02  0.5574930819  1.570090e-01 1.0264
1  1.58e-02  0.5574733266  1.570090e-01 1.0264
1  1.66e-02  0.5574526276  1.570090e-01 1.0264
1  1.74e-02  0.5574310473  1.570090e-01 1.0264
1  1.82e-02  0.5574083296  1.570090e-01 1.0264
1  1.91e-02  0.5573845877  1.570090e-01 1.0264
1  2.00e-02  0.5573596774  1.570090e-01 1.0264
1  2.09e-02  0.5573337123  1.570090e-01 1.0264
1  2.19e-02  0.5573064191  1.570090e-01 1.0264
1  2.29e-02  0.5572778662  1.570090e-01 1.0264
1  2.40e-02  0.5572478646  1.570090e-01 1.0264
1  2.51e-02  0.5572165897  1.570090e-01 1.0264
1  2.63e-02  0.557183733  1.570090e-01 1.0264
1  2.75e-02  0.5571493088  1.570090e-01 1.0264
1  2.88e-02  0.5571133042  1.570090e-01 1.0264
1  3.02e-02  0.5570756674  1.570090e-01 1.0264
1  3.16e-02  0.5570361393  1.570090e-01 1.0264
1  3.31e-02  0.5569947993  1.570090e-01 1.0264
1  3.47e-02  0.5569514683  1.570090e-01 1.0264
1  3.63e-02  0.5569060527  1.570090e-01 1.0264
1  3.80e-02  0.5568585248  1.570090e-01 1.0264
1  3.98e-02  0.5568085708  1.570090e-01 1.0264
1  4.17e-02  0.5567564232  1.570090e-01 1.0264
1  4.37e-02  0.5567018933  1.570090e-01 1.0264
1  4.57e-02  0.5566446537  1.570090e-01 1.0264
1  4.79e-02  0.5565845933  1.570090e-01 1.0264
1  5.01e-02  0.5565216821  1.570090e-01 1.0264
1  5.25e-02  0.5564558438  1.570090e-01 1.0264
1  5.50e-02  0.556386932  1.570090e-01 1.0264
1  5.75e-02  0.5563147465  1.570090e-01 1.0264
1  6.03e-02  0.5562390664  1.570090e-01 1.0264
1  6.31e-02  0.5561597962  1.570090e-01 1.0264
1  6.61e-02  0.556076594  1.570090e-01 1.0264
1  6.92e-02  0.5559897447  1.570090e-01 1.0264
1  7.24e-02  0.5558986578  1.570090e-01 1.0264
1  7.59e-02  0.5558031144  1.570090e-01 1.0264
1  7.94e-02  0.5557026973  1.570090e-01 1.0264
1  8.32e-02  0.555597777  1.570090e-01 1.0264
1  8.71e-02  0.5554879041  1.570090e-01 1.0264
1  9.12e-02  0.5553730096  1.570090e-01 1.0264
1  9.55e-02  0.5552520483  1.570090e-01 1.0264
1  1.00e-01  0.5551254168  1.570090e-01 1.0264
1  1.05e-01  0.5549931635  1.570090e-01 1.0264
1  1.10e-01  0.5548539184  1.570090e-01 1.0264
1  1.15e-01  0.5547082552  1.570090e-01 1.0264
1  1.20e-01  0.5545554859  1.570090e-01 1.0264
1  1.26e-01  0.5543954884  1.570090e-01 1.0264
1  1.32e-01  0.5542280064  1.570090e-01 1.0264
1  1.38e-01  0.5540518472  1.570090e-01 1.0264
1  1.45e-01  0.5538674869  1.570090e-01 1.0264
1  1.51e-01  0.5536748244  1.570090e-01 1.0264
1  1.58e-01  0.5534716843  1.570090e-01 1.0264
1  1.66e-01  0.5532592242  1.570090e-01 1.0264
1  1.74e-01  0.5530363125  1.570090e-01 1.0264
1  1.82e-01  0.5528027354  1.570090e-01 1.0264
1  1.91e-01  0.5525582786  1.570090e-01 1.0264
1  2.00e-01  0.5523011986  1.570090e-01 1.0264
1  2.09e-01  0.5520318745  1.570090e-01 1.0264
1  2.19e-01  0.5517491617  1.570090e-01 1.0264
1  2.29e-01  0.5514525381  1.570090e-01 1.0264
1  2.40e-01  0.551141511  1.570090e-01 1.0264
1  2.51e-01  0.5508142765  1.570090e-01 1.0264
1  2.63e-01  0.5504725475  1.570090e-01 1.0264
1  2.75e-01  0.5501130539  1.570090e-01 1.0264
1  2.88e-01  0.549735794  1.570090e-01 1.0264
1  3.02e-01  0.5493392317  1.570090e-01 1.0264
1  3.16e-01  0.5489238184  1.570090e-01 1.0264
1  3.31e-01  0.5484873222  1.570090e-01 1.0264
1  3.47e-01  0.548030433  1.570090e-01 1.0264
1  3.63e-01  0.5475495756  1.570090e-01 1.0264
1  3.80e-01  0.5470443269  1.570090e-01 1.0264
1  3.98e-01  0.5465129069  1.570090e-01 1.0264
1  4.17e-01  0.5459557238  1.570090e-01 1.0264
1  4.37e-01  0.5453704468  1.570090e-01 1.0264
1  4.57e-01  0.5447574749  1.570090e-01 1.0264
1  4.79e-01  0.5441108068  1.570090e-01 1.0264
1  5.01e-01  0.5434330158  1.570090e-01 1.0264
1  5.25e-01  0.5427196075  1.570090e-01 1.0264
1  5.50e-01  0.5419692248  1.570090e-01 1.0264
1  5.75e-01  0.5411806251  1.570090e-01 1.0264
1  6.03e-01  0.5403526157  1.570090e-01 1.0264
1  6.31e-01  0.5394789975  1.570090e-01 1.0264
1  6.61e-01  0.5385628187  1.570090e-01 1.0264
1  6.92e-01  0.5375993778  1.570090e-01 1.0264
1  7.24e-01  0.5365840722  1.570090e-01 1.0264
1  7.59e-01  0.5355180946  1.570090e-01 1.0264
1  7.94e-01  0.5343965603  1.570090e-01 1.0264
1  8.32e-01  0.5332121957  1.570090e-01 1.0264
1  8.71e-01  0.5319693611  1.570090e-01 1.0264
1  9.12e-01  0.5306595848  1.570090e-01 1.0264
1  9.55e-01  0.5292829365  1.570090e-01 1.0264
1  1.00e+00  0.5278325355  1.570090e-01 1.0264
1  1.05e+00  0.5263021179  1.570090e-01 1.0264
1  1.10e+00  0.5246932473  1.570090e-01 1.0264
1  1.15e+00  0.5229987037  1.570090e-01 1.0264
1  1.20e+00  0.5212147403  1.570090e-01 1.0264
1  1.26e+00  0.5193373949  1.570090e-01 1.0264
1  1.32e+00  0.5173612795  1.570090e-01 1.0264
1  1.38e+00  0.5152766175  1.570090e-01 1.0264
1  1.45e+00  0.5130809355  1.570090e-01 1.0264
1  1.51e+00  0.510771036  1.570090e-01 1.0264
1  1.58e+00  0.5083471572  1.570090e-01 1.0264
1  1.66e+00  0.5057872734  1.570090e-01 1.0264
1  1.74e+00  0.5030967242  1.570090e-01 1.0264
1  1.82e+00  0.5002643624  1.570090e-01 1.0264
1  1.91e+00  0.4972933258  1.570090e-01 1.0264
1  2.00e+00  0.4941750044  1.570090e-01 1.0264
1  2.09e+00  0.4908929614  1.570090e-01 1.0264
1  2.19e+00  0.4874564733  1.570090e-01 1.0264
1  2.29e+00  0.4838443773  1.570090e-01 1.0264
1  2.40e+00  0.4800785993  1.570090e-01 1.0264
1  2.51e+00  0.4761365061  1.570090e-01 1.0264
1  2.63e+00  0.4720058899  1.570090e-01 1.0264
1  2.75e+00  0.4677127779  1.570090e-01 1.0264
1  2.88e+00  0.4632532156  1.570090e-01 1.0264
1  3.02e+00  0.4586024785  1.570090e-01 1.0264
1  3.16e+00  0.4537972651  1.570090e-01 1.0264
1  3.31e+00  0.4488217839  1.570090e-01 1.0264
1  3.47e+00  0.4436760524  1.570090e-01 1.0264
1  3.63e+00  0.4383996057  1.570090e-01 1.0264
1  3.80e+00  0.4330061886  1.570090e-01 1.0264
1  3.98e+00  0.4274788556  1.570090e-01 1.0264
1  4.17e+00  0.4218431122  1.570090e-01 1.0264
1  4.37e+00  0.4161555544  1.570090e-01 1.0264
1  4.57e+00  0.410389056  1.570090e-01 1.0264
1  4.79e+00  0.4046249173  1.570090e-01 1.0264
1  5.01e+00  0.398831624  1.570090e-01 1.0264
1  5.25e+00  0.3930636461  1.570090e-01 1.0264
1  5.50e+00  0.3873704968  1.570090e-01 1.0264
1  5.75e+00  0.3817289833  1.570090e-01 1.0264
1  6.03e+00  0.3762120582  1.570090e-01 1.0264
1  6.31e+00  0.3708452491  1.570090e-01 1.0264
1  6.61e+00  0.3656016318  1.570090e-01 1.0264
1  6.92e+00  0.3605724075  1.570090e-01 1.0264
1  7.24e+00  0.3556987467  1.570090e-01 1.0264
1  7.59e+00  0.3510557406  1.570090e-01 1.0264
1  7.94e+00  0.3466444989  1.570090e-01 1.0264
1  8.32e+00  0.3424624983  1.570090e-01 1.0264
1  8.71e+00  0.3385060911  1.570090e-01 1.0264
1  9.12e+00  0.3347594476  1.570090e-01 1.0264
1  9.55e+00  0.3312748818  1.570090e-01 1.0264
1  1.00e+01  0.328038519  1.570090e-01 1.0264
1  1.05e+01  0.324984088  1.570090e-01 1.0264
1  1.10e+01  0.3221854181  1.570090e-01 1.0264
1  1.15e+01  0.319519217  1.570090e-01 1.0264
1  1.20e+01  0.3171307739  1.570090e-01 1.0264
1  1.26e+01  0.3149125375  1.570090e-01 1.0264
1  1.32e+01  0.3128971018  1.570090e-01 1.0264
1  1.38e+01  0.3109894175  1.570090e-01 1.0264
1  1.45e+01  0.3092655435  1.570090e-01 1.0264
1  1.51e+01  0.3076638353  1.570090e-01 1.0264
1  1.58e+01  0.3062087156  1.570090e-01 1.0264
1  1.66e+01  0.3048622752  1.570090e-01 1.0264
1  1.74e+01  0.3036267107  1.570090e-01 1.0264
1  1.82e+01  0.3025114687  1.570090e-01 1.0264
1  1.91e+01  0.3014552973  1.570090e-01 1.0264
1  2.00e+01  0.3005190794  1.570090e-01 1.0264
1  2.09e+01  0.2996249374  1.570090e-01 1.0264
1  2.19e+01  0.2987995637  1.570090e-01 1.0264
1  2.29e+01  0.2980481897  1.570090e-01 1.0264
1  2.40e+01  0.2973529877  1.570090e-01 1.0264
1  2.51e+01  0.2966788515  1.570090e-01 1.0264
1  2.63e+01  0.2960843387  1.570090e-01 1.0264
1  2.75e+01  0.2954892558  1.570090e-01 1.0264
1  2.88e+01  0.294954747  1.570090e-01 1.0264
1  3.02e+01  0.2944353848  1.570090e-01 1.0264
1  3.16e+01  0.2939519853  1.570090e-01 1.0264
1  3.31e+01  0.2934730635  1.570090e-01 1.0264
1  3.47e+01  0.2930090788  1.570090e-01 1.0264
1  3.63e+01  0.2925449798  1.570090e-01 1.0264
1  3.80e+01  0.2920838708  1.570090e-01 1.0264
1  3.98e+01  0.2916414673  1.570090e-01 1.0264
1  4.17e+01  0.2912029891  1.570090e-01 1.0264
1  4.37e+01  0.2907502473  1.570090e-01 1.0264
1  4.57e+01  0.2902794064  1.570090e-01 1.0264
1  4.79e+01  0.2898241653  1.570090e-01 1.0264
1  5.01e+01  0.2893106276  1.570090e-01 1.0264
1  5.25e+01  0.2887951106  1.570090e-01 1.0264
1  5.50e+01  0.2882524231  1.570090e-01 1.0264
1  5.75e+01  0.2876753558  1.570090e-01 1.0264
1  6.03e+01  0.2870501578  1.570090e-01 1.0264
1  6.31e+01  0.2863730896  1.570090e-01 1.0264
1  6.61e+01  0.2856305498  1.570090e-01 1.0264
1  6.92e+01  0.2848455495  1.570090e-01 1.0264
1  7.24e+01  0.2839504788  1.570090e-01 1.0264
1  7.59e+01  0.2829475925  1.570090e-01 1.0264
1  7.94e+01  0.2818377643  1.570090e-01 1.0264
1  8.32e+01  0.2805979379  1.570090e-01 1.0264
1  8.71e+01  0.2791789905  1.570090e-01 1.0264
1  9.12e+01  0.2775529318  1.570090e-01 1.0264
1  9.55e+01  0.2756601016  1.570090e-01 1.0264
1  1.00e+02  0.273487372  1.570090e-01 1.0264
1  1.05e+02  0.270942697  1.570090e-01 1.0264
1  1.10e+02  0.267966915  1.570090e-01 1.0264
1  1.15e+02  0.2643836727  1.570090e-01 1.0264
1  1.20e+02  0.2601147106  1.570090e-01 1.0264
1  1.26e+02  0.2549659639  1.570090e-01 1.0264
1  1.32e+02  0.2487354467  1.570090e-01 1.0264
1  1.38e+02  0.2411039356  1.570090e-01 1.0264
1  1.45e+02  0.2318290305  1.570090e-01 1.0264
1  1.51e+02  0.2205357736  1.570090e-01 1.0264
1  1.58e+02  0.2070061757  1.570090e-01 1.0264
1  1.66e+02  0.1911522861  1.570090e-01 1.0264
1  1.74e+02  0.1732067484  1.570090e-01 1.0264
1  1.82e+02  0.1538366547  1.570090e-01 1.0264
1  1.91e+02  0.1341076478  1.570090e-01 1.0264
1  2.00e+02  0.1152405756  1.570090e-01 1.0264
1  2.09e+02  0.09828237616  1.570090e-01 1.0264
1  2.19e+02  0.08377185276  1.570090e-01 1.0264
1  2.29e+02  0.07186142123  1.570090e-01 1.0264
1  2.40e+02  0.06231922623  1.570090e-01 1.0264
1  2.51e+02  0.05479226345  1.570090e-01 1.0264
1  2.63e+02  0.04888905521  1.570090e-01 1.0264
1  2.75e+02  0.04427879712  1.570090e-01 1.0264
1  2.88e+02  0.04065321028  1.570090e-01 1.0264
1  3.02e+02  0.0377950716  1.570090e-01 1.0264
1  3.16e+02  0.03552021166  1.570090e-01 1.0264
1  3.31e+02  0.033701412  1.570090e-01 1.0264
1  3.47e+02  0.03223260902  1.570090e-01 1.0264
1  3.63e+02  0.03104313793  1.570090e-01 1.0264
1  3.80e+02  0.03006713915  1.570090e-01 1.0264
1  3.98e+02  0.02926513648  1.570090e-01 1.0264
1  4.17e+02  0.02860137581  1.570090e-01 1.0264
1  4.37e+02  0.02804470723  1.570090e-01 1.0264
1  4.57e+02  0.02757975612  1.570090e-01 1.0264
1  4.79e+02  0.02718467264  1.570090e-01 1.0264
1  5.01e+02  0.02685294296  1.570090e-01 1.0264
1  5.25e+02  0.02656976097  1.570090e-01 1.0264
1  5.50e+02  0.02632717595  1.570090e-01 1.0264
1  5.75e+02  0.02612046335  1.570090e-01 1.0264
1  6.03e+02  0.02594170142  1.570090e-01 1.0264
1  6.31e+02  0.02578786403  1.570090e-01 1.0264
1  6.61e+02  0.02565512037  1.570090e-01 1.0264
1  6.92e+02  0.02553804501  1.570090e-01 1.0264
1  7.24e+02  0.0254347451  1.570090e-01 1.0264
1  7.59e+02  0.0253478468  1.570090e-01 1.0264
1  7.94e+02  0.02526861878  1.570090e-01 1.0264
1  8.32e+02  0.02520255739  1.570090e-01 1.0264
1  8.71e+02  0.02514211711  1.570090e-01 1.0264
1  9.12e+02  0.02508902668  1.570090e-01 1.0264
1  9.55e+02  0.0250412341  1.570090e-01 1.0264
1  1.00e+03  0.0250008116  1.570090e-01 1.0264
1  1.05e+03  0.02496356237  1.570090e-01 1.0264
1  1.10e+03  0.02493101543  1.570090e-01 1.0264
1  1.15e+03  0.02490222615  1.570090e-01 1.0264
1  1.20e+03  0.0248774029  1.570090e-01 1.0264
1  1.26e+03  0.02485433232  1.570090e-01 1.0264
1  1.32e+03  0.02483393507  1.570090e-01 1.0264
1  1.38e+03  0.02481464359  1.570090e-01 1.0264
1  1.45e+03  0.02479868011  1.570090e-01 1.0264
1  1.51e+03  0.02478382672  1.570090e-01 1.0264
1  1.58e+03  0.02477189242  1.570090e-01 1.0264
1  1.66e+03  0.02475997222  1.570090e-01 1.0264
1  1.74e+03  0.02474871679  1.570090e-01 1.0264
1  1.82e+03  0.02474079223  1.570090e-01 1.0264
1  1.91e+03  0.02473122814  1.570090e-01 1.0264
1  2.00e+03  0.02472453185  1.570090e-01 1.0264
1  2.09e+03  0.02471679752  1.570090e-01 1.0264
1  2.19e+03  0.02471095752  1.570090e-01 1.0264
1  2.29e+03  0.02470522568  1.570090e-01 1.0264
1  2.40e+03  0.02470029742  1.570090e-01 1.0264
1  2.51e+03  0.02469557598  1.570090e-01 1.0264
1  2.63e+03  0.02469227868  1.570090e-01 1.0264
1  2.75e+03  0.02468823619  1.570090e-01 1.0264
1  2.88e+03  0.02468373673  1.570090e-01 1.0264
1  3.02e+03  0.02468139863  1.570090e-01 1.0264
1  3.16e+03  0.02467831678  1.570090e-01 1.0264
1  3.31e+03  0.024676299  1.570090e-01 1.0264
1  3.47e+03  0.02467466762  1.570090e-01 1.0264
1  3.63e+03  0.02467340539  1.570090e-01 1.0264
1  3.80e+03  0.02467358997  1.570090e-01 1.0264
1  3.98e+03  0.02467045393  1.570090e-01 1.0264
1  4.17e+03  0.02466473338  1.570090e-01 1.0264
1  4.37e+03  0.02466652049  1.570090e-01 1.0264
1  4.57e+03  0.02466265761  1.570090e-01 1.0264
1  4.79e+03  0.02466513162  1.570090e-01 1.0264
1  5.01e+03  0.02466647248  1.570090e-01 1.0264
1  5.25e+03  0.02466879747  1.570090e-01 1.0264
1  5.50e+03  0.02465690196  1.570090e-01 1.0264
1  5.75e+03  0.02466030775  1.570090e-01 1.0264
1  6.03e+03  0.0246792682  1.570090e-01 1.0264
1  6.31e+03  0.0246536485  1.570090e-01 1.0264
1  6.61e+03  0.02469811307  1.570090e-01 1.0264
1  6.92e+03  0.02466231171  1.570090e-01 1.0264
1  7.24e+03  0.02473028336  1.570090e-01 1.0264
1  7.59e+03  0.0247035694  1.570090e-01 1.0264
1  7.94e+03  0.02474564673  1.570090e-01 1.0264
1  8.32e+03  0.02484932823  1.570090e-01 1.0264
1  8.71e+03  0.02486299064  1.570090e-01 1.0264
1  9.12e+03  0.02488808051  1.570090e-01 1.0264
1  9.55e+03  0.02501656213  1.570090e-01 1.0264
1  1.00e+04  0.0252236262  1.570090e-01 1.0264
1  1.05e+04  0.02544415078  1.570090e-01 1.0264
1  1.10e+04  0.02573778083  1.570090e-01 1.0264
1  1.15e+04  0.0260396782  1.570090e-01 1.0264
1  1.20e+04  0.02650139044  1.570090e-01 1.0264
1  1.26e+04  0.02698698651  1.570090e-01 1.0264
1  1.32e+04  0.02753351363  1.570090e-01 1.0264
1  1.38e+04  0.02819521444  1.570090e-01 1.0264
1  1.45e+04  0.02902686731  1.570090e-01 1.0264
1  1.51e+04  0.03019409836  1.570090e-01 1.0264
1  1.58e+04  0.03170505667  1.570090e-01 1.0264
1  1.66e+04  0.03328257433  1.570090e-01 1.0264
1  1.74e+04  0.03475237348  1.570090e-01 1.0264
1  1.82e+04  0.03651177867  1.570090e-01 1.0264
1  1.91e+04  0.03916634379  1.570090e-01 1.0264
1  2.00e+04  0.04198405664  1.570090e-01 1.0264
1  2.09e+04  0.04451517207  1.570090e-01 1.0264
1  2.19e+04  0.04789913689  1.570090e-01 1.0264
1  2.29e+04  0.05149084175  1.570090e-01 1.0264
1  2.40e+04  0.05551495758  1.570090e-01 1.0264
1  2.51e+04  0.05958790445  1.570090e-01 1.0264
1  2.63e+04  0.06462194107  1.570090e-01 1.0264
1  2.75e+04  0.06919903356  1.570090e-01 1.0264
1  2.88e+04  0.07511563288  1.570090e-01 1.0264
1  3.02e+04  0.08038178443  1.570090e-01 1.0264
1  3.16e+04  0.08678498634  1.570090e-01 1.0264
1  3.31e+04  0.09341944974  1.570090e-01 1.0264
1  3.47e+04  0.09936505169  1.570090e-01 1.0264
1  3.63e+04  0.1076980907  1.570090e-01 1.0264
1  3.80e+04  0.1144145687  1.570090e-01 1.0264
1  3.98e+04  0.1212088858  1.570090e-01 1.0264
1  4.17e+04  0.1311710572  1.570090e-01 1.0264
1  4.37e+04  0.1385369492  1.570090e-01 1.0264
1  4.57e+04  0.145101129  1.570090e-01 1.0264
1  4.79e+04  0.1555623339  1.570090e-01 1.0264
1  5.01e+04  0.1656243483  1.570090e-01 1.0264
1  5.25e+04  0.1726378495  1.570090e-01 1.0264
1  5.50e+04  0.1803125533  1.570090e-01 1.0264
1  5.75e+04  0.190578886  1.570090e-01 1.0264
1  6.03e+04  0.2015340275  1.570090e-01 1.0264
1  6.31e+04  0.2111998965  1.570090e-01 1.0264
1  6.61e+04  0.2191959281  1.570090e-01 1.0264
1  6.92e+04  0.2266116742  1.570090e-01 1.0264
1  7.24e+04  0.2352035666  1.570090e-01 1.0264
1  7.59e+04  0.2458097112  1.570090e-01 1.0264
1  7.94e+04  0.2574016056  1.570090e-01 1.0264
1  8.32e+04  0.2680848963  1.570090e-01 1.0264
1  8.71e+04  0.2768151263  1.570090e-01 1.0264
1  9.12e+04  0.283980462  1.570090e-01 1.0264
1  9.55e+04  0.2907235449  1.570090e-01 1.0264
1  1.00e+05  0.2980261756  1.570090e-01 1.0264
1  1.05e+05  0.3063037753  1.570090e-01 1.0264
1  1.10e+05  0.3155015012  1.570090e-01 1.0264
1  1.15e+05  0.3253229576  1.570090e-01 1.0264
1  1.20e+05  0.3353676659  1.570090e-01 1.0264
1  1.26e+05  0.3451986439  1.570090e-01 1.0264
1  1.32e+05  0.3544174951  1.570090e-01 1.0264
1  1.38e+05  0.3627511485  1.570090e-01 1.0264
1  1.45e+05  0.3701061686  1.570090e-01 1.0264
1  1.51e+05  0.3765634622  1.570090e-01 1.0264
1  1.58e+05  0.3823239135  1.570090e-01 1.0264
1  1.66e+05  0.3876357783  1.570090e-01 1.0264
1  1.74e+05  0.3927323791  1.570090e-01 1.0264
1  1.82e+05  0.3977949318  1.570090e-01 1.0264
1  1.91e+05  0.4029412404  1.570090e-01 1.0264
1  2.00e+05  0.4082323409  1.570090e-01 1.0264
1  2.09e+05  0.4136869953  1.570090e-01 1.0264
1  2.19e+05  0.419296296  1.570090e-01 1.0264
1  2.29e+05  0.4250346166  1.570090e-01 1.0264
1  2.40e+05  0.4308664587  1.570090e-01 1.0264
1  2.51e+05  0.4367504435  1.570090e-01 1.0264
1  2.63e+05  0.442641953  1.570090e-01 1.0264
1  2.75e+05  0.4484954106  1.570090e-01 1.0264
1  2.88e+05  0.4542665382  1.570090e-01 1.0264
1  3.02e+05  0.4599144858  1.570090e-01 1.0264
1  3.16e+05  0.465403576  1.570090e-01 1.0264
1  3.31e+05  0.4707044557  1.570090e-01 1.0264
1  3.47e+05  0.4757945895  1.570090e-01 1.0264
1  3.63e+05  0.480658157  1.570090e-01 1.0264
1  3.80e+05  0.4852855033  1.570090e-01 1.0264
1  3.98e+05  0.489672314  1.570090e-01 1.0264
1  4.17e+05  0.4938186736  1.570090e-01 1.0264
1  4.37e+05  0.4977281269  1.570090e-01 1.0264
1  4.57e+05  0.5014068216  1.570090e-01 1.0264
1  4.79e+05  0.5048627705  1.570090e-01 1.0264
1  5.01e+05  0.5081052474  1.570090e-01 1.0264
1  5.25e+05  0.5111443085  1.570090e-01 1.0264
1  5.50e+05  0.5139904246  1.570090e-01 1.0264
1  5.75e+05  0.5166542062  1.570090e-01 1.0264
1  6.03e+05  0.5191462007  1.570090e-01 1.0264
1  6.31e+05  0.5214767468  1.570090e-01 1.0264
1  6.61e+05  0.5236558721  1.570090e-01 1.0264
1  6.92e+05  0.5256932228  1.570090e-01 1.0264
1  7.24e+05  0.5275980177  1.570090e-01 1.0264
1  7.59e+05  0.5293790206  1.570090e-01 1.0264
1  7.94e+05  0.5310445261  1.570090e-01 1.0264
1  8.32e+05  0.5326023556  1.570090e-01 1.0264
1  8.71e+05  0.5340598609  1.570090e-01 1.0264
1  9.12e+05  0.5354239342  1.570090e-01 1.0264
1  9.55e+05  0.5367010216  1.570090e-01 1.0264
1  1.00e+06  0.5378971402  1.570090e-01 1.0264
1  1.05e+06  0.5390178972  1.570090e-01 1.0264
1  1.10e+06  0.5400685104  1.570090e-01 1.0264
1  1.15e+06  0.5410538296  1.570090e-01 1.0264
1  1.20e+06  0.541978358  1.570090e-01 1.0264
1  1.26e+06  0.542846274  1.570090e-01 1.0264
1  1.32e+06  0.5436614521  1.570090e-01 1.0264
1  1.38e+06  0.5444274837  1.570090e-01 1.0264
1  1.45e+06  0.5451476964  1.570090e-01 1.0264
1  1.51e+06  0.5458251734  1.570090e-01 1.0264
1  1.58e+06  0.546462771  1.570090e-01 1.0264
1  1.66e+06  0.5470631355  1.570090e-01 1.0264
1  1.74e+06  0.547628719  1.570090e-01 1.0264
1  1.82e+06  0.5481617947  1.570090e-01 1.0264
1  1.91e+06  0.5486644718  1.570090e-01 1.0264
1  2.00e+06  0.5491387015  1.570090e-01 1.0264
1  2.09e+06  0.549586297  1.570090e-01 1.0264
1  2.19e+06  0.5500089414  1.570090e-01 1.0264
1  2.29e+06  0.5504081984  1.570090e-01 1.0264
1  2.40e+06  0.5507855203  1.570090e-01 1.0264
1  2.51e+06  0.5511422575  1.570090e-01 1.0264
1  2.63e+06  0.5514796668  1.570090e-01 1.0264
1  2.75e+06  0.5517989176  1.570090e-01 1.0264
1  2.88e+06  0.5521010991  1.570090e-01 1.0264
1  3.02e+06  0.5523872264  1.570090e-01 1.0264
1  3.16e+06  0.5526582466  1.570090e-01 1.0264
1  3.31e+06  0.5529150431  1.570090e-01 1.0264
1  3.47e+06  0.5531584411  1.570090e-01 1.0264
1  3.63e+06  0.5533892111  1.570090e-01 1.0264
1  3.80e+06  0.5536080741  1.570090e-01 1.0264
1  3.98e+06  0.5538157043  1.570090e-01 1.0264
1  4.17e+06  0.5540127329  1.570090e-01 1.0264
1  4.37e+06  0.5541997513  1.570090e-01 1.0264
1  4.57e+06  0.5543773136  1.570090e-01 1.0264
1  4.79e+06  0.5545459396  1.570090e-01 1.0264
1  5.01e+06  0.5547061171  1.570090e-01 1.0264
1  5.25e+06  0.5548583039  1.570090e-01 1.0264
1  5.50e+06  0.5550029305  1.570090e-01 1.0264
1  5.75e+06  0.5551404012  1.570090e-01 1.0264
1  6.03e+06  0.5552710965  1.570090e-01 1.0264
1  6.31e+06  0.5553953743  1.570090e-01 1.0264
1  6.61e+06  0.5555135717  1.570090e-01 1.0264
1  6.92e+06  0.5556260061  1.570090e-01 1.0264
1  7.24e+06  0.5557329768  1.570090e-01 1.0264
1  7.59e+06  0.5558347659  1.570090e-01 1.0264
1  7.94e+06  0.5559316397  1.570090e-01 1.0264
1  8.32e+06  0.5560238492  1.570090e-01 1.0264
1  8.71e+06  0.5561116316  1.570090e-01 1.0264
1  9.12e+06  0.5561952111  1.570090e-01 1.0264
1  9.55e+06  0.5562747994  1.570090e-01 1.0264
1  1.00e+07  0.5563505965  1.570090e-01 1.0264
