1  1.00e-03  0.560844533  1.409777e-01 0.9216
1  1.05e-03  0.5608433185  1.409777e-01 0.9216
1  1.10e-03  0.5608418711  1.409777e-01 0.9216
1  1.15e-03  0.5608405449  1.409777e-01 0.9216
1  1.20e-03  0.5608389801  1.409777e-01 0.9216
1  1.26e-03  0.5608374603  1.409777e-01 0.9216
1  1.32e-03  0.5608357283  1.409777e-01 0.9216
1  1.38e-03  0.5608339566  1.409777e-01 0.9216
1  1.45e-03  0.5608321548  1.409777e-01 0.9216
1  1.51e-03  0.560830382  1.409777e-01 0.9216
1  1.58e-03  0.5608282967  1.409777e-01 0.9216
1  1.66e-03  0.5608262822  1.409777e-01 0.9216
1  1.74e-03  0.5608241274  1.409777e-01 0.9216
1  1.82e-03  0.5608218312  1.409777e-01 0.9216
1  1.91e-03  0.5608194664  1.409777e-01 0.9216
1  2.00e-03  0.5608169484  1.409777e-01 0.9216
1  2.09e-03  0.5608142862  1.409777e-01 0.9216
1  2.19e-03  0.5608115759  1.409777e-01 0.9216
1  2.29e-03  0.5608087536  1.409777e-01 0.9216
1  2.40e-03  0.5608057956  1.409777e-01 0.9216
1  2.51e-03  0.5608025938  1.409777e-01 0.9216
1  2.63e-03  0.5607993368  1.409777e-01 0.9216
1  2.75e-03  0.5607958827  1.409777e-01 0.9216
1  2.88e-03  0.5607922954  1.409777e-01 0.9216
1  3.02e-03  0.5607885039  1.409777e-01 0.9216
1  3.16e-03  0.5607845976  1.409777e-01 0.9216
1  3.31e-03  0.5607804287  1.409777e-01 0.9216
1  3.47e-03  0.5607760997  1.409777e-01 0.9216
1  3.63e-03  0.5607715809  1.409777e-01 0.9216
1  3.80e-03  0.5607668513  1.409777e-01 0.9216
1  3.98e-03  0.5607618542  1.409777e-01 0.9216
1  4.17e-03  0.5607566678  1.409777e-01 0.9216
1  4.37e-03  0.5607512253  1.409777e-01 0.9216
1  4.57e-03  0.5607455019  1.409777e-01 0.9216
1  4.79e-03  0.5607395215  1.409777e-01 0.9216
1  5.01e-03  0.5607332617  1.409777e-01 0.9216
1  5.25e-03  0.5607267183  1.409777e-01 0.9216
1  5.50e-03  0.5607198547  1.409777e-01 0.9216
1  5.75e-03  0.5607126673  1.409777e-01 0.9216
1  6.03e-03  0.5607051376  1.409777e-01 0.9216
1  6.31e-03  0.5606972516  1.409777e-01 0.9216
1  6.61e-03  0.5606889884  1.409777e-01 0.9216
1  6.92e-03  0.5606803662  1.409777e-01 0.9216
1  7.24e-03  0.5606713127  1.409777e-01 0.9216
1  7.59e-03  0.5606618064  1.409777e-01 0.9216
1  7.94e-03  0.5606519044  1.409777e-01 0.9216
1  8.32e-03  0.5606414878  1.409777e-01 0.9216
1  8.71e-03  0.5606305914  1.409777e-01 0.9216
1  9.12e-03  0.5606192066  1.409777e-01 0.9216
1  9.55e-03  0.5606072777  1.409777e-01 0.9216
1  1.00e-02  0.5605947499  1.409777e-01 0.9216
1  1.05e-02  0.5605816871  1.409777e-01 0.9216
1  1.10e-02  0.5605679438  1.409777e-01 0.9216
1  1.15e-02  0.5605536176  1.409777e-01 0.9216
1  1.20e-02  0.560538579  1.409777e-01 0.9216
1  1.26e-02  0.5605227996  1.409777e-01 0.9216
1  1.32e-02  0.5605063088  1.409777e-01 0.9216
1  1.38e-02  0.5604890574  1.409777e-01 0.9216
1  1.45e-02  0.56047094  1.409777e-01 0.9216
1  1.51e-02  0.5604519739  1.409777e-01 0.9216
1  1.58e-02  0.5604321441  1.409777e-01 0.9216
1  1.66e-02  0.5604113986  1.409777e-01 0.9216
1  1.74e-02  0.5603896065  1.409777e-01 0.9216
1  1.82e-02  0.5603668118  1.409777e-01 0.9216
1  1.91e-02  0.5603429951  1.409777e-01 0.9216
1  2.00e-02  0.5603179844  1.409777e-01 0.9216
1  2.09e-02  0.5602917672  1.409777e-01 0.9216
1  2.19e-02  0.5602643239  1.409777e-01 0.9216
1  2.29e-02  0.5602356243  1.409777e-01 0.9216
1  2.40e-02  0.5602055616  1.409777e-01 0.9216
1  2.51e-02  0.560174074  1.409777e-01 0.9216
1  2.63e-02  0.5601411146  1.409777e-01 0.9216
1  2.75e-02  0.5601065812  1.409777e-01 0.9216
1  2.88e-02  0.5600703166  1.409777e-01 0.9216
1  3.02e-02  0.560032421  1.409777e-01 0.9216
1  3.16e-02  0.5599926527  1.409777e-01 0.9216
1  3.31e-02  0.559951059  1.409777e-01 0.9216
1  3.47e-02  0.5599075045  1.409777e-01 0.9216
1  3.63e-02  0.559861857  1.409777e-01 0.9216
1  3.80e-02  0.5598141036  1.409777e-01 0.9216
1  3.98e-02  0.5597640864  1.409777e-01 0.9216
1  4.17e-02  0.5597117156  1.409777e-01 0.9216
1  4.37e-02  0.5596566109  1.409777e-01 0.9216
1  4.57e-02  0.5595990918  1.409777e-01 0.9216
1  4.79e-02  0.5595389355  1.409777e-01 0.9216
1  5.01e-02  0.559475823  1.409777e-01 0.9216
1  5.25e-02  0.5594096684  1.409777e-01 0.9216
1  5.50e-02  0.5593402296  1.409777e-01 0.9216
1  5.75e-02  0.5592675737  1.409777e-01 0.9216
1  6.03e-02  0.5591915067  1.409777e-01 0.9216
1  6.31e-02  0.559111992  1.409777e-01 0.9216
1  6.61e-02  0.5590285145  1.409777e-01 0.9216
1  6.92e-02  0.5589409872  1.409777e-01 0.9216
1  7.24e-02  0.5588491349  1.409777e-01 0.9216
1  7.59e-02  0.5587531583  1.409777e-01 0.9216
1  7.94e-02  0.5586526503  1.409777e-01 0.9216
1  8.32e-02  0.5585472916  1.409777e-01 0.9216
1  8.71e-02  0.558436627  1.409777e-01 0.9216
1  9.12e-02  0.5583206896  1.409777e-01 0.9216
1  9.55e-02  0.5581996883  1.409777e-01 0.9216
1  1.00e-01  0.5580723872  1.409777e-01 0.9216
1  1.05e-01  0.5579388424  1.409777e-01 0.9216
1  1.10e-01  0.5577996044  1.409777e-01 0.9216
1  1.15e-01  0.5576532107  1.409777e-01 0.9216
1  1.20e-01  0.5574997114  1.409777e-01 0.9216
1  1.26e-01  0.557338735  1.409777e-01 0.9216
1  1.32e-01  0.5571698298  1.409777e-01 0.9216
1  1.38e-01  0.5569935148  1.409777e-01 0.9216
1  1.45e-01  0.5568081671  1.409777e-01 0.9216
1  1.51e-01  0.5566135097  1.409777e-01 0.9216
1  1.58e-01  0.5564099408  1.409777e-01 0.9216
1  1.66e-01  0.5561967214  1.409777e-01 0.9216
1  1.74e-01  0.5559725078  1.409777e-01 0.9216
1  1.82e-01  0.5557379224  1.409777e-01 0.9216
1  1.91e-01  0.5554911611  1.409777e-01 0.9216
1  2.00e-01  0.5552324942  1.409777e-01 0.9216
1  2.09e-01  0.554961727  1.409777e-01 0.9216
1  2.19e-01  0.5546772499  1.409777e-01 0.9216
1  2.29e-01  0.5543794619  1.409777e-01 0.9216
1  2.40e-01  0.5540662542  1.409777e-01 0.9216
1  2.51e-01  0.5537390646  1.409777e-01 0.9216
1  2.63e-01  0.5533936219  1.409777e-01 0.9216
1  2.75e-01  0.553032221  1.409777e-01 0.9216
1  2.88e-01  0.552653551  1.409777e-01 0.9216
1  3.02e-01  0.552256082  1.409777e-01 0.9216
1  3.16e-01  0.551837416  1.409777e-01 0.9216
1  3.31e-01  0.5513997307  1.409777e-01 0.9216
1  3.47e-01  0.5509378645  1.409777e-01 0.9216
1  3.63e-01  0.5504545319  1.409777e-01 0.9216
1  3.80e-01  0.5499465374  1.409777e-01 0.9216
1  3.98e-01  0.5494148679  1.409777e-01 0.9216
1  4.17e-01  0.5488548215  1.409777e-01 0.9216
1  4.37e-01  0.5482662412  1.409777e-01 0.9216
1  4.57e-01  0.5476468808  1.409777e-01 0.9216
1  4.79e-01  0.5469982729  1.409777e-01 0.9216
1  5.01e-01  0.5463142558  1.409777e-01 0.9216
1  5.25e-01  0.5455972335  1.409777e-01 0.9216
1  5.50e-01  0.5448438936  1.409777e-01 0.9216
1  5.75e-01  0.5440504729  1.409777e-01 0.9216
1  6.03e-01  0.5432170698  1.409777e-01 0.9216
1  6.31e-01  0.5423424308  1.409777e-01 0.9216
1  6.61e-01  0.5414195629  1.409777e-01 0.9216
1  6.92e-01  0.5404492572  1.409777e-01 0.9216
1  7.24e-01  0.5394310137  1.409777e-01 0.9216
1  7.59e-01  0.5383569103  1.409777e-01 0.9216
1  7.94e-01  0.5372255468  1.409777e-01 0.9216
1  8.32e-01  0.5360398693  1.409777e-01 0.9216
1  8.71e-01  0.5347879177  1.409777e-01 0.9216
1  9.12e-01  0.5334721991  1.409777e-01 0.9216
1  9.55e-01  0.5320839263  1.409777e-01 0.9216
1  1.00e+00  0.5306237982  1.409777e-01 0.9216
1  1.05e+00  0.529089713  1.409777e-01 0.9216
1  1.10e+00  0.5274713741  1.409777e-01 0.9216
1  1.15e+00  0.5257675742  1.409777e-01 0.9216
1  1.20e+00  0.5239726159  1.409777e-01 0.9216
1  1.26e+00  0.5220817114  1.409777e-01 0.9216
1  1.32e+00  0.5200892889  1.409777e-01 0.9216
1  1.38e+00  0.5179935869  1.409777e-01 0.9216
1  1.45e+00  0.515789319  1.409777e-01 0.9216
1  1.51e+00  0.5134678917  1.409777e-01 0.9216
1  1.58e+00  0.5110174077  1.409777e-01 0.9216
1  1.66e+00  0.5084480861  1.409777e-01 0.9216
1  1.74e+00  0.5057381434  1.409777e-01 0.9216
1  1.82e+00  0.5028958781  1.409777e-01 0.9216
1  1.91e+00  0.4999020311  1.409777e-01 0.9216
1  2.00e+00  0.4967614539  1.409777e-01 0.9216
1  2.09e+00  0.4934610672  1.409777e-01 0.9216
1  2.19e+00  0.4900013602  1.409777e-01 0.9216
1  2.29e+00  0.486385154  1.409777e-01 0.9216
1  2.40e+00  0.4825827548  1.409777e-01 0.9216
1  2.51e+00  0.4786225494  1.409777e-01 0.9216
1  2.63e+00  0.4744819274  1.409777e-01 0.9216
1  2.75e+00  0.470168717  1.409777e-01 0.9216
1  2.88e+00  0.4656717271  1.409777e-01 0.9216
1  3.02e+00  0.4609998338  1.409777e-01 0.9216
1  3.16e+00  0.4561719336  1.409777e-01 0.9216
1  3.31e+00  0.4511797294  1.409777e-01 0.9216
1  3.47e+00  0.4460226619  1.409777e-01 0.9216
1  3.63e+00  0.4407204738  1.409777e-01 0.9216
1  3.80e+00  0.4353087339  1.409777e-01 0.9216
1  3.98e+00  0.4297793589  1.409777e-01 0.9216
1  4.17e+00  0.424117084  1.409777e-01 0.9216
1  4.37e+00  0.4184178074  1.409777e-01 0.9216
1  4.57e+00  0.4126436008  1.409777e-01 0.9216
1  4.79e+00  0.4068726497  1.409777e-01 0.9216
1  5.01e+00  0.4010731044  1.409777e-01 0.9216
1  5.25e+00  0.3953152214  1.409777e-01 0.9216
1  5.50e+00  0.3896245492  1.409777e-01 0.9216
1  5.75e+00  0.3839929821  1.409777e-01 0.9216
1  6.03e+00  0.3784794698  1.409777e-01 0.9216
1  6.31e+00  0.3731076025  1.409777e-01 0.9216
1  6.61e+00  0.3678994042  1.409777e-01 0.9216
1  6.92e+00  0.3628748389  1.409777e-01 0.9216
1  7.24e+00  0.3580401428  1.409777e-01 0.9216
1  7.59e+00  0.3534310618  1.409777e-01 0.9216
1  7.94e+00  0.3490149957  1.409777e-01 0.9216
1  8.32e+00  0.3448422176  1.409777e-01 0.9216
1  8.71e+00  0.3409100386  1.409777e-01 0.9216
1  9.12e+00  0.3372379018  1.409777e-01 0.9216
1  9.55e+00  0.3337683142  1.409777e-01 0.9216
1  1.00e+01  0.3305271038  1.409777e-01 0.9216
1  1.05e+01  0.3275242027  1.409777e-01 0.9216
1  1.10e+01  0.3247421378  1.409777e-01 0.9216
1  1.15e+01  0.3221629624  1.409777e-01 0.9216
1  1.20e+01  0.3197811228  1.409777e-01 0.9216
1  1.26e+01  0.3175264514  1.409777e-01 0.9216
1  1.32e+01  0.315523947  1.409777e-01 0.9216
1  1.38e+01  0.3136816611  1.409777e-01 0.9216
1  1.45e+01  0.3119824063  1.409777e-01 0.9216
1  1.51e+01  0.3103899543  1.409777e-01 0.9216
1  1.58e+01  0.3089612293  1.409777e-01 0.9216
1  1.66e+01  0.3076401881  1.409777e-01 0.9216
1  1.74e+01  0.3064260087  1.409777e-01 0.9216
1  1.82e+01  0.3053384223  1.409777e-01 0.9216
1  1.91e+01  0.3042976158  1.409777e-01 0.9216
1  2.00e+01  0.3033788714  1.409777e-01 0.9216
1  2.09e+01  0.3025254204  1.409777e-01 0.9216
1  2.19e+01  0.3017069453  1.409777e-01 0.9216
1  2.29e+01  0.3009988736  1.409777e-01 0.9216
1  2.40e+01  0.3003197495  1.409777e-01 0.9216
1  2.51e+01  0.2996825772  1.409777e-01 0.9216
1  2.63e+01  0.2990973166  1.409777e-01 0.9216
1  2.75e+01  0.2985491615  1.409777e-01 0.9216
1  2.88e+01  0.2980305455  1.409777e-01 0.9216
1  3.02e+01  0.2975206098  1.409777e-01 0.9216
1  3.16e+01  0.2970545961  1.409777e-01 0.9216
1  3.31e+01  0.2966101862  1.409777e-01 0.9216
1  3.47e+01  0.2961767391  1.409777e-01 0.9216
1  3.63e+01  0.2957682432  1.409777e-01 0.9216
1  3.80e+01  0.2953759498  1.409777e-01 0.9216
1  3.98e+01  0.2949695814  1.409777e-01 0.9216
1  4.17e+01  0.294557814  1.409777e-01 0.9216
1  4.37e+01  0.2941532076  1.409777e-01 0.9216
1  4.57e+01  0.2937549657  1.409777e-01 0.9216
1  4.79e+01  0.2933281852  1.409777e-01 0.9216
1  5.01e+01  0.2929005071  1.409777e-01 0.9216
1  5.25e+01  0.2924409064  1.409777e-01 0.9216
1  5.50e+01  0.2919788631  1.409777e-01 0.9216
1  5.75e+01  0.2914500372  1.409777e-01 0.9216
1  6.03e+01  0.2909104237  1.409777e-01 0.9216
1  6.31e+01  0.290352156  1.409777e-01 0.9216
1  6.61e+01  0.2897110159  1.409777e-01 0.9216
1  6.92e+01  0.289022164  1.409777e-01 0.9216
1  7.24e+01  0.288260849  1.409777e-01 0.9216
1  7.59e+01  0.2873864088  1.409777e-01 0.9216
1  7.94e+01  0.2864331381  1.409777e-01 0.9216
1  8.32e+01  0.2853717443  1.409777e-01 0.9216
1  8.71e+01  0.2841434819  1.409777e-01 0.9216
1  9.12e+01  0.2827307635  1.409777e-01 0.9216
1  9.55e+01  0.2810849466  1.409777e-01 0.9216
1  1.00e+02  0.2791740599  1.409777e-01 0.9216
1  1.05e+02  0.2769400668  1.409777e-01 0.9216
1  1.10e+02  0.2742828335  1.409777e-01 0.9216
1  1.15e+02  0.2710852756  1.409777e-01 0.9216
1  1.20e+02  0.2672017032  1.409777e-01 0.9216
1  1.26e+02  0.2624583485  1.409777e-01 0.9216
1  1.32e+02  0.2565746353  1.409777e-01 0.9216
1  1.38e+02  0.249295955  1.409777e-01 0.9216
1  1.45e+02  0.2401593409  1.409777e-01 0.9216
1  1.51e+02  0.2287672693  1.409777e-01 0.9216
1  1.58e+02  0.2146784866  1.409777e-01 0.9216
1  1.66e+02  0.1976198613  1.409777e-01 0.9216
1  1.74e+02  0.177725921  1.409777e-01 0.9216
1  1.82e+02  0.1557820429  1.409777e-01 0.9216
1  1.91e+02  0.1332250861  1.409777e-01 0.9216
1  2.00e+02  0.1117826668  1.409777e-01 0.9216
1  2.09e+02  0.09282656134  1.409777e-01 0.9216
1  2.19e+02  0.07708438564  1.409777e-01 0.9216
1  2.29e+02  0.06453932926  1.409777e-01 0.9216
1  2.40e+02  0.05481359708  1.409777e-01 0.9216
1  2.51e+02  0.0473632128  1.409777e-01 0.9216
1  2.63e+02  0.04167991003  1.409777e-01 0.9216
1  2.75e+02  0.03732347186  1.409777e-01 0.9216
1  2.88e+02  0.03396736931  1.409777e-01 0.9216
1  3.02e+02  0.03135209385  1.409777e-01 0.9216
1  3.16e+02  0.02930549774  1.409777e-01 0.9216
1  3.31e+02  0.02768653342  1.409777e-01 0.9216
1  3.47e+02  0.02638926799  1.409777e-01 0.9216
1  3.63e+02  0.02534264823  1.409777e-01 0.9216
1  3.80e+02  0.0244944047  1.409777e-01 0.9216
1  3.98e+02  0.0237992152  1.409777e-01 0.9216
1  4.17e+02  0.02322612195  1.409777e-01 0.9216
1  4.37e+02  0.02274726903  1.409777e-01 0.9216
1  4.57e+02  0.02234748349  1.409777e-01 0.9216
1  4.79e+02  0.02201304907  1.409777e-01 0.9216
1  5.01e+02  0.02172982726  1.409777e-01 0.9216
1  5.25e+02  0.02149014233  1.409777e-01 0.9216
1  5.50e+02  0.0212855552  1.409777e-01 0.9216
1  5.75e+02  0.02111019237  1.409777e-01 0.9216
1  6.03e+02  0.02095880178  1.409777e-01 0.9216
1  6.31e+02  0.02082763316  1.409777e-01 0.9216
1  6.61e+02  0.02071422162  1.409777e-01 0.9216
1  6.92e+02  0.02061564487  1.409777e-01 0.9216
1  7.24e+02  0.02053084917  1.409777e-01 0.9216
1  7.59e+02  0.02045704837  1.409777e-01 0.9216
1  7.94e+02  0.02039093034  1.409777e-01 0.9216
1  8.32e+02  0.02033474206  1.409777e-01 0.9216
1  8.71e+02  0.02028417526  1.409777e-01 0.9216
1  9.12e+02  0.02023883056  1.409777e-01 0.9216
1  9.55e+02  0.02020102282  1.409777e-01 0.9216
1  1.00e+03  0.02016595996  1.409777e-01 0.9216
1  1.05e+03  0.02013477792  1.409777e-01 0.9216
1  1.10e+03  0.02010742821  1.409777e-01 0.9216
1  1.15e+03  0.0200837063  1.409777e-01 0.9216
1  1.20e+03  0.02006281797  1.409777e-01 0.9216
1  1.26e+03  0.02004354466  1.409777e-01 0.9216
1  1.32e+03  0.02002613571  1.409777e-01 0.9216
1  1.38e+03  0.0200118448  1.409777e-01 0.9216
1  1.45e+03  0.01999753574  1.409777e-01 0.9216
1  1.51e+03  0.01998544492  1.409777e-01 0.9216
1  1.58e+03  0.0199739432  1.409777e-01 0.9216
1  1.66e+03  0.01996447462  1.409777e-01 0.9216
1  1.74e+03  0.01995527834  1.409777e-01 0.9216
1  1.82e+03  0.01994881997  1.409777e-01 0.9216
1  1.91e+03  0.01994100309  1.409777e-01 0.9216
1  2.00e+03  0.01993494509  1.409777e-01 0.9216
1  2.09e+03  0.01992898474  1.409777e-01 0.9216
1  2.19e+03  0.01992336763  1.409777e-01 0.9216
1  2.29e+03  0.01991987788  1.409777e-01 0.9216
1  2.40e+03  0.01991528137  1.409777e-01 0.9216
1  2.51e+03  0.01991081604  1.409777e-01 0.9216
1  2.63e+03  0.01990737451  1.409777e-01 0.9216
1  2.75e+03  0.0199044107  1.409777e-01 0.9216
1  2.88e+03  0.01990164312  1.409777e-01 0.9216
1  3.02e+03  0.01990084007  1.409777e-01 0.9216
1  3.16e+03  0.01989753682  1.409777e-01 0.9216
1  3.31e+03  0.01989723899  1.409777e-01 0.9216
1  3.47e+03  0.01989268534  1.409777e-01 0.9216
1  3.63e+03  0.01989466992  1.409777e-01 0.9216
1  3.80e+03  0.01989008979  1.409777e-01 0.9216
1  3.98e+03  0.01988566101  1.409777e-01 0.9216
1  4.17e+03  0.01987972258  1.409777e-01 0.9216
1  4.37e+03  0.01988112306  1.409777e-01 0.9216
1  4.57e+03  0.01987801941  1.409777e-01 0.9216
1  4.79e+03  0.0198756312  1.409777e-01 0.9216
1  5.01e+03  0.01987677898  1.409777e-01 0.9216
1  5.25e+03  0.01989727994  1.409777e-01 0.9216
1  5.50e+03  0.01993440538  1.409777e-01 0.9216
1  5.75e+03  0.01991537027  1.409777e-01 0.9216
1  6.03e+03  0.01991549488  1.409777e-01 0.9216
1  6.31e+03  0.02000801461  1.409777e-01 0.9216
1  6.61e+03  0.01996433594  1.409777e-01 0.9216
1  6.92e+03  0.0201084005  1.409777e-01 0.9216
1  7.24e+03  0.02006834083  1.409777e-01 0.9216
1  7.59e+03  0.02028965029  1.409777e-01 0.9216
1  7.94e+03  0.02035699842  1.409777e-01 0.9216
1  8.32e+03  0.02045025001  1.409777e-01 0.9216
1  8.71e+03  0.02078012063  1.409777e-01 0.9216
1  9.12e+03  0.02108835461  1.409777e-01 0.9216
1  9.55e+03  0.02132893827  1.409777e-01 0.9216
1  1.00e+04  0.02167717601  1.409777e-01 0.9216
1  1.05e+04  0.02216610266  1.409777e-01 0.9216
1  1.10e+04  0.02285779387  1.409777e-01 0.9216
1  1.15e+04  0.02366381263  1.409777e-01 0.9216
1  1.20e+04  0.02468136713  1.409777e-01 0.9216
1  1.26e+04  0.02571997627  1.409777e-01 0.9216
1  1.32e+04  0.02697770724  1.409777e-01 0.9216
1  1.38e+04  0.02859738919  1.409777e-01 0.9216
1  1.45e+04  0.03063494745  1.409777e-01 0.9216
1  1.51e+04  0.03300395083  1.409777e-01 0.9216
1  1.58e+04  0.0354336789  1.409777e-01 0.9216
1  1.66e+04  0.03785059822  1.409777e-01 0.9216
1  1.74e+04  0.04059789029  1.409777e-01 0.9216
1  1.82e+04  0.04405601929  1.409777e-01 0.9216
1  1.91e+04  0.04793755244  1.409777e-01 0.9216
1  2.00e+04  0.05183036528  1.409777e-01 0.9216
1  2.09e+04  0.05656235776  1.409777e-01 0.9216
1  2.19e+04  0.06115915981  1.409777e-01 0.9216
1  2.29e+04  0.066112633  1.409777e-01 0.9216
1  2.40e+04  0.07238911383  1.409777e-01 0.9216
1  2.51e+04  0.07726619571  1.409777e-01 0.9216
1  2.63e+04  0.0846994008  1.409777e-01 0.9216
1  2.75e+04  0.09012189084  1.409777e-01 0.9216
1  2.88e+04  0.09827703879  1.409777e-01 0.9216
1  3.02e+04  0.1043728072  1.409777e-01 0.9216
1  3.16e+04  0.1129137289  1.409777e-01 0.9216
1  3.31e+04  0.1202826088  1.409777e-01 0.9216
1  3.47e+04  0.1280766891  1.409777e-01 0.9216
1  3.63e+04  0.1374040792  1.409777e-01 0.9216
1  3.80e+04  0.1451597278  1.409777e-01 0.9216
1  3.98e+04  0.1534126296  1.409777e-01 0.9216
1  4.17e+04  0.1639867263  1.409777e-01 0.9216
1  4.37e+04  0.1723240535  1.409777e-01 0.9216
1  4.57e+04  0.1798012504  1.409777e-01 0.9216
1  4.79e+04  0.1908376824  1.409777e-01 0.9216
1  5.01e+04  0.2015193198  1.409777e-01 0.9216
1  5.25e+04  0.2089415584  1.409777e-01 0.9216
1  5.50e+04  0.2169902552  1.409777e-01 0.9216
1  5.75e+04  0.2277725029  1.409777e-01 0.9216
1  6.03e+04  0.2389144228  1.409777e-01 0.9216
1  6.31e+04  0.2483802398  1.409777e-01 0.9216
1  6.61e+04  0.2563306587  1.409777e-01 0.9216
1  6.92e+04  0.2639959097  1.409777e-01 0.9216
1  7.24e+04  0.2727036781  1.409777e-01 0.9216
1  7.59e+04  0.2830086761  1.409777e-01 0.9216
1  7.94e+04  0.2940476646  1.409777e-01 0.9216
1  8.32e+04  0.304206511  1.409777e-01 0.9216
1  8.71e+04  0.3125433481  1.409777e-01 0.9216
1  9.12e+04  0.3193965303  1.409777e-01 0.9216
1  9.55e+04  0.3258344943  1.409777e-01 0.9216
1  1.00e+05  0.3327869814  1.409777e-01 0.9216
1  1.05e+05  0.3406201491  1.409777e-01 0.9216
1  1.10e+05  0.3492286205  1.409777e-01 0.9216
1  1.15e+05  0.3582941724  1.409777e-01 0.9216
1  1.20e+05  0.367447644  1.409777e-01 0.9216
1  1.26e+05  0.3763263454  1.409777e-01 0.9216
1  1.32e+05  0.3846148144  1.409777e-01 0.9216
1  1.38e+05  0.3921000045  1.409777e-01 0.9216
1  1.45e+05  0.3987126134  1.409777e-01 0.9216
1  1.51e+05  0.4045263241  1.409777e-01 0.9216
1  1.58e+05  0.4097163187  1.409777e-01 0.9216
1  1.66e+05  0.4144994425  1.409777e-01 0.9216
1  1.74e+05  0.4190803437  1.409777e-01 0.9216
1  1.82e+05  0.4236179744  1.409777e-01 0.9216
1  1.91e+05  0.4282146895  1.409777e-01 0.9216
1  2.00e+05  0.4329218445  1.409777e-01 0.9216
1  2.09e+05  0.4377530578  1.409777e-01 0.9216
1  2.19e+05  0.4426979171  1.409777e-01 0.9216
1  2.29e+05  0.4477323631  1.409777e-01 0.9216
1  2.40e+05  0.4528250894  1.409777e-01 0.9216
1  2.51e+05  0.4579410277  1.409777e-01 0.9216
1  2.63e+05  0.463043362  1.409777e-01 0.9216
1  2.75e+05  0.468095107  1.409777e-01 0.9216
1  2.88e+05  0.4730606811  1.409777e-01 0.9216
1  3.02e+05  0.4779074598  1.409777e-01 0.9216
1  3.16e+05  0.4826071024  1.409777e-01 0.9216
1  3.31e+05  0.487136461  1.409777e-01 0.9216
1  3.47e+05  0.4914779823  1.409777e-01 0.9216
1  3.63e+05  0.4956196322  1.409777e-01 0.9216
1  3.80e+05  0.4995544489  1.409777e-01 0.9216
1  3.98e+05  0.5032798627  1.409777e-01 0.9216
1  4.17e+05  0.5067969117  1.409777e-01 0.9216
1  4.37e+05  0.5101094564  1.409777e-01 0.9216
1  4.57e+05  0.5132234591  1.409777e-01 0.9216
1  4.79e+05  0.5161463657  1.409777e-01 0.9216
1  5.01e+05  0.5188865986  1.409777e-01 0.9216
1  5.25e+05  0.5214531578  1.409777e-01 0.9216
1  5.50e+05  0.5238553169  1.409777e-01 0.9216
1  5.75e+05  0.5261023975  1.409777e-01 0.9216
1  6.03e+05  0.5282036056  1.409777e-01 0.9216
1  6.31e+05  0.5301679166  1.409777e-01 0.9216
1  6.61e+05  0.5320039958  1.409777e-01 0.9216
1  6.92e+05  0.5337201467  1.409777e-01 0.9216
1  7.24e+05  0.5353242779  1.409777e-01 0.9216
1  7.59e+05  0.5368238858  1.409777e-01 0.9216
1  7.94e+05  0.5382260474  1.409777e-01 0.9216
1  8.32e+05  0.5395374214  1.409777e-01 0.9216
1  8.71e+05  0.5407642546  1.409777e-01 0.9216
1  9.12e+05  0.5419123935  1.409777e-01 0.9216
1  9.55e+05  0.5429872982  1.409777e-01 0.9216
1  1.00e+06  0.5439940589  1.409777e-01 0.9216
1  1.05e+06  0.5449374137  1.409777e-01 0.9216
1  1.10e+06  0.5458217675  1.409777e-01 0.9216
1  1.15e+06  0.5466512106  1.409777e-01 0.9216
1  1.20e+06  0.5474295386  1.409777e-01 0.9216
1  1.26e+06  0.5481602706  1.409777e-01 0.9216
1  1.32e+06  0.5488466682  1.409777e-01 0.9216
1  1.38e+06  0.5494917529  1.409777e-01 0.9216
1  1.45e+06  0.5500983233  1.409777e-01 0.9216
1  1.51e+06  0.5506689712  1.409777e-01 0.9216
1  1.58e+06  0.5512060971  1.409777e-01 0.9216
1  1.66e+06  0.5517119242  1.409777e-01 0.9216
1  1.74e+06  0.5521885122  1.409777e-01 0.9216
1  1.82e+06  0.5526377699  1.409777e-01 0.9216
1  1.91e+06  0.5530614695  1.409777e-01 0.9216
1  2.00e+06  0.5534612482  1.409777e-01 0.9216
1  2.09e+06  0.5538386283  1.409777e-01 0.9216
1  2.19e+06  0.5541950226  1.409777e-01 0.9216
1  2.29e+06  0.5545317438  1.409777e-01 0.9216
1  2.40e+06  0.5548500111  1.409777e-01 0.9216
1  2.51e+06  0.5551509582  1.409777e-01 0.9216
1  2.63e+06  0.5554356397  1.409777e-01 0.9216
1  2.75e+06  0.5557050377  1.409777e-01 0.9216
1  2.88e+06  0.5559600667  1.409777e-01 0.9216
1  3.02e+06  0.556201579  1.409777e-01 0.9216
1  3.16e+06  0.5564303698  1.409777e-01 0.9216
1  3.31e+06  0.5566471812  1.409777e-01 0.9216
1  3.47e+06  0.5568527062  1.409777e-01 0.9216
1  3.63e+06  0.5570475921  1.409777e-01 0.9216
1  3.80e+06  0.5572324448  1.409777e-01 0.9216
1  3.98e+06  0.5574078308  1.409777e-01 0.9216
1  4.17e+06  0.5575742807  1.409777e-01 0.9216
1  4.37e+06  0.5577322912  1.409777e-01 0.9216
1  4.57e+06  0.5578823287  1.409777e-01 0.9216
1  4.79e+06  0.55802483  1.409777e-01 0.9216
1  5.01e+06  0.5581602054  1.409777e-01 0.9216
1  5.25e+06  0.5582888401  1.409777e-01 0.9216
1  5.50e+06  0.5584110962  1.409777e-01 0.9216
1  5.75e+06  0.558527314  1.409777e-01 0.9216
1  6.03e+06  0.5586378136  1.409777e-01 0.9216
1  6.31e+06  0.5587428965  1.409777e-01 0.9216
1  6.61e+06  0.5588428463  1.409777e-01 0.9216
1  6.92e+06  0.5589379306  1.409777e-01 0.9216
1  7.24e+06  0.5590284012  1.409777e-01 0.9216
1  7.59e+06  0.5591144959  1.409777e-01 0.9216
1  7.94e+06  0.559196439  1.409777e-01 0.9216
1  8.32e+06  0.5592744422  1.409777e-01 0.9216
1  8.71e+06  0.5593487053  1.409777e-01 0.9216
1  9.12e+06  0.5594194172  1.409777e-01 0.9216
1  9.55e+06  0.5594867566  1.409777e-01 0.9216
1  1.00e+07  0.5595508921  1.409777e-01 0.9216
