1  1.00e-03  0.5589538188  1.513797e-01 0.9896
1  1.05e-03  0.5589526164  1.513797e-01 0.9896
1  1.10e-03  0.5589511663  1.513797e-01 0.9896
1  1.15e-03  0.5589498602  1.513797e-01 0.9896
1  1.20e-03  0.5589482918  1.513797e-01 0.9896
1  1.26e-03  0.5589467734  1.513797e-01 0.9896
1  1.32e-03  0.5589450605  1.513797e-01 0.9896
1  1.38e-03  0.5589432924  1.513797e-01 0.9896
1  1.45e-03  0.5589414851  1.513797e-01 0.9896
1  1.51e-03  0.5589397312  1.513797e-01 0.9896
1  1.58e-03  0.5589376454  1.513797e-01 0.9896
1  1.66e-03  0.5589356384  1.513797e-01 0.9896
1  1.74e-03  0.5589334865  1.513797e-01 0.9896
1  1.82e-03  0.558931199  1.513797e-01 0.9896
1  1.91e-03  0.5589288505  1.513797e-01 0.9896
1  2.00e-03  0.5589263391  1.513797e-01 0.9896
1  2.09e-03  0.5589236909  1.513797e-01 0.9896
1  2.19e-03  0.5589209806  1.513797e-01 0.9896
1  2.29e-03  0.5589181777  1.513797e-01 0.9896
1  2.40e-03  0.5589152137  1.513797e-01 0.9896
1  2.51e-03  0.5589120251  1.513797e-01 0.9896
1  2.63e-03  0.558908781  1.513797e-01 0.9896
1  2.75e-03  0.5589053512  1.513797e-01 0.9896
1  2.88e-03  0.558901772  1.513797e-01 0.9896
1  3.02e-03  0.5588980022  1.513797e-01 0.9896
1  3.16e-03  0.5588941052  1.513797e-01 0.9896
1  3.31e-03  0.5588899294  1.513797e-01 0.9896
1  3.47e-03  0.5588856364  1.513797e-01 0.9896
1  3.63e-03  0.5588811192  1.513797e-01 0.9896
1  3.80e-03  0.5588764041  1.513797e-01 0.9896
1  3.98e-03  0.5588714393  1.513797e-01 0.9896
1  4.17e-03  0.5588662385  1.513797e-01 0.9896
1  4.37e-03  0.55886083  1.513797e-01 0.9896
1  4.57e-03  0.5588551356  1.513797e-01 0.9896
1  4.79e-03  0.5588491585  1.513797e-01 0.9896
1  5.01e-03  0.5588429445  1.513797e-01 0.9896
1  5.25e-03  0.5588364055  1.513797e-01 0.9896
1  5.50e-03  0.5588295416  1.513797e-01 0.9896
1  5.75e-03  0.5588223754  1.513797e-01 0.9896
1  6.03e-03  0.5588148975  1.513797e-01 0.9896
1  6.31e-03  0.5588070236  1.513797e-01 0.9896
1  6.61e-03  0.5587988075  1.513797e-01 0.9896
1  6.92e-03  0.558790174  1.513797e-01 0.9896
1  7.24e-03  0.5587811545  1.513797e-01 0.9896
1  7.59e-03  0.5587717267  1.513797e-01 0.9896
1  7.94e-03  0.5587618017  1.513797e-01 0.9896
1  8.32e-03  0.5587514696  1.513797e-01 0.9896
1  8.71e-03  0.5587406123  1.513797e-01 0.9896
1  9.12e-03  0.5587292519  1.513797e-01 0.9896
1  9.55e-03  0.5587173377  1.513797e-01 0.9896
1  1.00e-02  0.5587048775  1.513797e-01 0.9896
1  1.05e-02  0.5586918109  1.513797e-01 0.9896
1  1.10e-02  0.5586781738  1.513797e-01 0.9896
1  1.15e-02  0.5586638242  1.513797e-01 0.9896
1  1.20e-02  0.5586488323  1.513797e-01 0.9896
1  1.26e-02  0.5586331384  1.513797e-01 0.9896
1  1.32e-02  0.5586167255  1.513797e-01 0.9896
1  1.38e-02  0.5585994913  1.513797e-01 0.9896
1  1.45e-02  0.5585814819  1.513797e-01 0.9896
1  1.51e-02  0.5585626042  1.513797e-01 0.9896
1  1.58e-02  0.5585428287  1.513797e-01 0.9896
1  1.66e-02  0.558522092  1.513797e-01 0.9896
1  1.74e-02  0.5585003944  1.513797e-01 0.9896
1  1.82e-02  0.5584777161  1.513797e-01 0.9896
1  1.91e-02  0.5584538469  1.513797e-01 0.9896
1  2.00e-02  0.5584289774  1.513797e-01 0.9896
1  2.09e-02  0.5584028687  1.513797e-01 0.9896
1  2.19e-02  0.5583755844  1.513797e-01 0.9896
1  2.29e-02  0.5583469189  1.513797e-01 0.9896
1  2.40e-02  0.5583169749  1.513797e-01 0.9896
1  2.51e-02  0.5582855066  1.513797e-01 0.9896
1  2.63e-02  0.5582525979  1.513797e-01 0.9896
1  2.75e-02  0.5582181598  1.513797e-01 0.9896
1  2.88e-02  0.5581821774  1.513797e-01 0.9896
1  3.02e-02  0.5581443076  1.513797e-01 0.9896
1  3.16e-02  0.5581048313  1.513797e-01 0.9896
1  3.31e-02  0.5580633501  1.513797e-01 0.9896
1  3.47e-02  0.5580199092  1.513797e-01 0.9896
1  3.63e-02  0.55797447  1.513797e-01 0.9896
1  3.80e-02  0.5579267532  1.513797e-01 0.9896
1  3.98e-02  0.5578769024  1.513797e-01 0.9896
1  4.17e-02  0.5578245106  1.513797e-01 0.9896
1  4.37e-02  0.557769886  1.513797e-01 0.9896
1  4.57e-02  0.5577124815  1.513797e-01 0.9896
1  4.79e-02  0.5576522926  1.513797e-01 0.9896
1  5.01e-02  0.5575893629  1.513797e-01 0.9896
1  5.25e-02  0.557523445  1.513797e-01 0.9896
1  5.50e-02  0.5574545174  1.513797e-01 0.9896
1  5.75e-02  0.5573821752  1.513797e-01 0.9896
1  6.03e-02  0.5573063616  1.513797e-01 0.9896
1  6.31e-02  0.5572266746  1.513797e-01 0.9896
1  6.61e-02  0.557143535  1.513797e-01 0.9896
1  6.92e-02  0.557056258  1.513797e-01 0.9896
1  7.24e-02  0.556965079  1.513797e-01 0.9896
1  7.59e-02  0.5568692696  1.513797e-01 0.9896
1  7.94e-02  0.5567690434  1.513797e-01 0.9896
1  8.32e-02  0.5566638336  1.513797e-01 0.9896
1  8.71e-02  0.5565538876  1.513797e-01 0.9896
1  9.12e-02  0.5564384243  1.513797e-01 0.9896
1  9.55e-02  0.5563172056  1.513797e-01 0.9896
1  1.00e-01  0.5561907376  1.513797e-01 0.9896
1  1.05e-01  0.5560579876  1.513797e-01 0.9896
1  1.10e-01  0.5559183796  1.513797e-01 0.9896
1  1.15e-01  0.5557724519  1.513797e-01 0.9896
1  1.20e-01  0.5556196534  1.513797e-01 0.9896
1  1.26e-01  0.5554594838  1.513797e-01 0.9896
1  1.32e-01  0.5552916071  1.513797e-01 0.9896
1  1.38e-01  0.5551150659  1.513797e-01 0.9896
1  1.45e-01  0.5549304307  1.513797e-01 0.9896
1  1.51e-01  0.554736773  1.513797e-01 0.9896
1  1.58e-01  0.5545340197  1.513797e-01 0.9896
1  1.66e-01  0.5543205857  1.513797e-01 0.9896
1  1.74e-01  0.5540978332  1.513797e-01 0.9896
1  1.82e-01  0.5538632682  1.513797e-01 0.9896
1  1.91e-01  0.5536179097  1.513797e-01 0.9896
1  2.00e-01  0.5533610406  1.513797e-01 0.9896
1  2.09e-01  0.5530904918  1.513797e-01 0.9896
1  2.19e-01  0.5528076064  1.513797e-01 0.9896
1  2.29e-01  0.5525099201  1.513797e-01 0.9896
1  2.40e-01  0.5521986807  1.513797e-01 0.9896
1  2.51e-01  0.5518708649  1.513797e-01 0.9896
1  2.63e-01  0.5515285068  1.513797e-01 0.9896
1  2.75e-01  0.5511684858  1.513797e-01 0.9896
1  2.88e-01  0.5507896456  1.513797e-01 0.9896
1  3.02e-01  0.5503927484  1.513797e-01 0.9896
1  3.16e-01  0.5499775967  1.513797e-01 0.9896
1  3.31e-01  0.5495392184  1.513797e-01 0.9896
1  3.47e-01  0.5490813149  1.513797e-01 0.9896
1  3.63e-01  0.5485990758  1.513797e-01 0.9896
1  3.80e-01  0.5480938836  1.513797e-01 0.9896
1  3.98e-01  0.5475610186  1.513797e-01 0.9896
1  4.17e-01  0.5470029778  1.513797e-01 0.9896
1  4.37e-01  0.5464172308  1.513797e-01 0.9896
1  4.57e-01  0.5458016297  1.513797e-01 0.9896
1  4.79e-01  0.5451530824  1.513797e-01 0.9896
1  5.01e-01  0.5444743926  1.513797e-01 0.9896
1  5.25e-01  0.5437588522  1.513797e-01 0.9896
1  5.50e-01  0.5430067752  1.513797e-01 0.9896
1  5.75e-01  0.5422190276  1.513797e-01 0.9896
1  6.03e-01  0.541386665  1.513797e-01 0.9896
1  6.31e-01  0.5405129408  1.513797e-01 0.9896
1  6.61e-01  0.5395963697  1.513797e-01 0.9896
1  6.92e-01  0.5386307326  1.513797e-01 0.9896
1  7.24e-01  0.5376117137  1.513797e-01 0.9896
1  7.59e-01  0.5365421008  1.513797e-01 0.9896
1  7.94e-01  0.535420145  1.513797e-01 0.9896
1  8.32e-01  0.5342345132  1.513797e-01 0.9896
1  8.71e-01  0.5329893676  1.513797e-01 0.9896
1  9.12e-01  0.5316742885  1.513797e-01 0.9896
1  9.55e-01  0.5302969161  1.513797e-01 0.9896
1  1.00e+00  0.5288430139  1.513797e-01 0.9896
1  1.05e+00  0.5273077925  1.513797e-01 0.9896
1  1.10e+00  0.5256953931  1.513797e-01 0.9896
1  1.15e+00  0.5239989948  1.513797e-01 0.9896
1  1.20e+00  0.5222095894  1.513797e-01 0.9896
1  1.26e+00  0.520330657  1.513797e-01 0.9896
1  1.32e+00  0.5183490494  1.513797e-01 0.9896
1  1.38e+00  0.5162555389  1.513797e-01 0.9896
1  1.45e+00  0.5140570624  1.513797e-01 0.9896
1  1.51e+00  0.5117446708  1.513797e-01 0.9896
1  1.58e+00  0.5093134042  1.513797e-01 0.9896
1  1.66e+00  0.5067506816  1.513797e-01 0.9896
1  1.74e+00  0.5040482717  1.513797e-01 0.9896
1  1.82e+00  0.5012122384  1.513797e-01 0.9896
1  1.91e+00  0.4982327456  1.513797e-01 0.9896
1  2.00e+00  0.4951109858  1.513797e-01 0.9896
1  2.09e+00  0.4918180873  1.513797e-01 0.9896
1  2.19e+00  0.488374325  1.513797e-01 0.9896
1  2.29e+00  0.4847604076  1.513797e-01 0.9896
1  2.40e+00  0.4809813393  1.513797e-01 0.9896
1  2.51e+00  0.4770356553  1.513797e-01 0.9896
1  2.63e+00  0.472898081  1.513797e-01 0.9896
1  2.75e+00  0.4685990136  1.513797e-01 0.9896
1  2.88e+00  0.4641270051  1.513797e-01 0.9896
1  3.02e+00  0.4594662815  1.513797e-01 0.9896
1  3.16e+00  0.4546544981  1.513797e-01 0.9896
1  3.31e+00  0.4496731527  1.513797e-01 0.9896
1  3.47e+00  0.4445217688  1.513797e-01 0.9896
1  3.63e+00  0.4392358206  1.513797e-01 0.9896
1  3.80e+00  0.4338366752  1.513797e-01 0.9896
1  3.98e+00  0.4283046094  1.513797e-01 0.9896
1  4.17e+00  0.4226666846  1.513797e-01 0.9896
1  4.37e+00  0.4169707953  1.513797e-01 0.9896
1  4.57e+00  0.4112014245  1.513797e-01 0.9896
1  4.79e+00  0.4054348103  1.513797e-01 0.9896
1  5.01e+00  0.399639075  1.513797e-01 0.9896
1  5.25e+00  0.3938743974  1.513797e-01 0.9896
1  5.50e+00  0.3881830382  1.513797e-01 0.9896
1  5.75e+00  0.3825433782  1.513797e-01 0.9896
1  6.03e+00  0.3770265935  1.513797e-01 0.9896
1  6.31e+00  0.3716599145  1.513797e-01 0.9896
1  6.61e+00  0.366425325  1.513797e-01 0.9896
1  6.92e+00  0.361406047  1.513797e-01 0.9896
1  7.24e+00  0.3565362705  1.513797e-01 0.9896
1  7.59e+00  0.3519122255  1.513797e-01 0.9896
1  7.94e+00  0.3474900326  1.513797e-01 0.9896
1  8.32e+00  0.3433156163  1.513797e-01 0.9896
1  8.71e+00  0.3393782014  1.513797e-01 0.9896
1  9.12e+00  0.3356522751  1.513797e-01 0.9896
1  9.55e+00  0.332183689  1.513797e-01 0.9896
1  1.00e+01  0.3289266207  1.513797e-01 0.9896
1  1.05e+01  0.3259142915  1.513797e-01 0.9896
1  1.10e+01  0.3230888395  1.513797e-01 0.9896
1  1.15e+01  0.3204923704  1.513797e-01 0.9896
1  1.20e+01  0.3181263713  1.513797e-01 0.9896
1  1.26e+01  0.3158613802  1.513797e-01 0.9896
1  1.32e+01  0.3138344361  1.513797e-01 0.9896
1  1.38e+01  0.3119922256  1.513797e-01 0.9896
1  1.45e+01  0.3102278517  1.513797e-01 0.9896
1  1.51e+01  0.3086702151  1.513797e-01 0.9896
1  1.58e+01  0.307216424  1.513797e-01 0.9896
1  1.66e+01  0.3058679575  1.513797e-01 0.9896
1  1.74e+01  0.3046510572  1.513797e-01 0.9896
1  1.82e+01  0.3035283161  1.513797e-01 0.9896
1  1.91e+01  0.3024942822  1.513797e-01 0.9896
1  2.00e+01  0.3015272551  1.513797e-01 0.9896
1  2.09e+01  0.3006702937  1.513797e-01 0.9896
1  2.19e+01  0.299857898  1.513797e-01 0.9896
1  2.29e+01  0.2991143566  1.513797e-01 0.9896
1  2.40e+01  0.2984108894  1.513797e-01 0.9896
1  2.51e+01  0.2977794347  1.513797e-01 0.9896
1  2.63e+01  0.2971564995  1.513797e-01 0.9896
1  2.75e+01  0.2966052867  1.513797e-01 0.9896
1  2.88e+01  0.2960581927  1.513797e-01 0.9896
1  3.02e+01  0.2955489547  1.513797e-01 0.9896
1  3.16e+01  0.2950509756  1.513797e-01 0.9896
1  3.31e+01  0.2945846173  1.513797e-01 0.9896
1  3.47e+01  0.2941340531  1.513797e-01 0.9896
1  3.63e+01  0.2937058322  1.513797e-01 0.9896
1  3.80e+01  0.2932844024  1.513797e-01 0.9896
1  3.98e+01  0.2928475198  1.513797e-01 0.9896
1  4.17e+01  0.2924081089  1.513797e-01 0.9896
1  4.37e+01  0.2919734062  1.513797e-01 0.9896
1  4.57e+01  0.2915430569  1.513797e-01 0.9896
1  4.79e+01  0.2910772158  1.513797e-01 0.9896
1  5.01e+01  0.2906151555  1.513797e-01 0.9896
1  5.25e+01  0.2901157425  1.513797e-01 0.9896
1  5.50e+01  0.2896020627  1.513797e-01 0.9896
1  5.75e+01  0.2890275382  1.513797e-01 0.9896
1  6.03e+01  0.288431994  1.513797e-01 0.9896
1  6.31e+01  0.2878090239  1.513797e-01 0.9896
1  6.61e+01  0.2871090046  1.513797e-01 0.9896
1  6.92e+01  0.2863260246  1.513797e-01 0.9896
1  7.24e+01  0.2854872466  1.513797e-01 0.9896
1  7.59e+01  0.2845293903  1.513797e-01 0.9896
1  7.94e+01  0.2834723947  1.513797e-01 0.9896
1  8.32e+01  0.28229773  1.513797e-01 0.9896
1  8.71e+01  0.280929133  1.513797e-01 0.9896
1  9.12e+01  0.2793913081  1.513797e-01 0.9896
1  9.55e+01  0.2775884369  1.513797e-01 0.9896
1  1.00e+02  0.275518507  1.513797e-01 0.9896
1  1.05e+02  0.2730671375  1.513797e-01 0.9896
1  1.10e+02  0.2701847002  1.513797e-01 0.9896
1  1.15e+02  0.2667328847  1.513797e-01 0.9896
1  1.20e+02  0.2625950569  1.513797e-01 0.9896
1  1.26e+02  0.2575678252  1.513797e-01 0.9896
1  1.32e+02  0.2514483105  1.513797e-01 0.9896
1  1.38e+02  0.2439174583  1.513797e-01 0.9896
1  1.45e+02  0.2346711932  1.513797e-01 0.9896
1  1.51e+02  0.2233127764  1.513797e-01 0.9896
1  1.58e+02  0.2095634398  1.513797e-01 0.9896
1  1.66e+02  0.1932772142  1.513797e-01 0.9896
1  1.74e+02  0.1746636138  1.513797e-01 0.9896
1  1.82e+02  0.15443717  1.513797e-01 0.9896
1  1.91e+02  0.1337865846  1.513797e-01 0.9896
1  2.00e+02  0.1140642203  1.513797e-01 0.9896
1  2.09e+02  0.09641959641  1.513797e-01 0.9896
1  2.19e+02  0.08149365681  1.513797e-01 0.9896
1  2.29e+02  0.06934065323  1.513797e-01 0.9896
1  2.40e+02  0.05970988319  1.513797e-01 0.9896
1  2.51e+02  0.05219088475  1.513797e-01 0.9896
1  2.63e+02  0.04635200995  1.513797e-01 0.9896
1  2.75e+02  0.04180658437  1.513797e-01 0.9896
1  2.88e+02  0.03827156155  1.513797e-01 0.9896
1  3.02e+02  0.03549141679  1.513797e-01 0.9896
1  3.16e+02  0.03329026888  1.513797e-01 0.9896
1  3.31e+02  0.03153549319  1.513797e-01 0.9896
1  3.47e+02  0.03012802255  1.513797e-01 0.9896
1  3.63e+02  0.02898506383  1.513797e-01 0.9896
1  3.80e+02  0.02805391422  1.513797e-01 0.9896
1  3.98e+02  0.02728851438  1.513797e-01 0.9896
1  4.17e+02  0.02665473119  1.513797e-01 0.9896
1  4.37e+02  0.02612710108  1.513797e-01 0.9896
1  4.57e+02  0.02568479159  1.513797e-01 0.9896
1  4.79e+02  0.0253096267  1.513797e-01 0.9896
1  5.01e+02  0.02499501718  1.513797e-01 0.9896
1  5.25e+02  0.02472705778  1.513797e-01 0.9896
1  5.50e+02  0.02449694524  1.513797e-01 0.9896
1  5.75e+02  0.02430118108  1.513797e-01 0.9896
1  6.03e+02  0.02413209976  1.513797e-01 0.9896
1  6.31e+02  0.02398586915  1.513797e-01 0.9896
1  6.61e+02  0.02385984717  1.513797e-01 0.9896
1  6.92e+02  0.02375111589  1.513797e-01 0.9896
1  7.24e+02  0.02365521129  1.513797e-01 0.9896
1  7.59e+02  0.02357090327  1.513797e-01 0.9896
1  7.94e+02  0.02349778323  1.513797e-01 0.9896
1  8.32e+02  0.02343323578  1.513797e-01 0.9896
1  8.71e+02  0.02337594116  1.513797e-01 0.9896
1  9.12e+02  0.02332689188  1.513797e-01 0.9896
1  9.55e+02  0.02328349217  1.513797e-01 0.9896
1  1.00e+03  0.02324468925  1.513797e-01 0.9896
1  1.05e+03  0.02320912316  1.513797e-01 0.9896
1  1.10e+03  0.02317830735  1.513797e-01 0.9896
1  1.15e+03  0.02315210132  1.513797e-01 0.9896
1  1.20e+03  0.02312847976  1.513797e-01 0.9896
1  1.26e+03  0.02310584277  1.513797e-01 0.9896
1  1.32e+03  0.0230865093  1.513797e-01 0.9896
1  1.38e+03  0.02306956154  1.513797e-01 0.9896
1  1.45e+03  0.02305433605  1.513797e-01 0.9896
1  1.51e+03  0.02303997924  1.513797e-01 0.9896
1  1.58e+03  0.02302892414  1.513797e-01 0.9896
1  1.66e+03  0.02301777103  1.513797e-01 0.9896
1  1.74e+03  0.02300839653  1.513797e-01 0.9896
1  1.82e+03  0.02299830662  1.513797e-01 0.9896
1  1.91e+03  0.0229912178  1.513797e-01 0.9896
1  2.00e+03  0.02298279747  1.513797e-01 0.9896
1  2.09e+03  0.02297729805  1.513797e-01 0.9896
1  2.19e+03  0.02297043546  1.513797e-01 0.9896
1  2.29e+03  0.0229658732  1.513797e-01 0.9896
1  2.40e+03  0.02296099763  1.513797e-01 0.9896
1  2.51e+03  0.02295678671  1.513797e-01 0.9896
1  2.63e+03  0.02295242594  1.513797e-01 0.9896
1  2.75e+03  0.02294910659  1.513797e-01 0.9896
1  2.88e+03  0.02294686305  1.513797e-01 0.9896
1  3.02e+03  0.02294409185  1.513797e-01 0.9896
1  3.16e+03  0.02294153323  1.513797e-01 0.9896
1  3.31e+03  0.02293972884  1.513797e-01 0.9896
1  3.47e+03  0.02293825344  1.513797e-01 0.9896
1  3.63e+03  0.02293468779  1.513797e-01 0.9896
1  3.80e+03  0.02293286033  1.513797e-01 0.9896
1  3.98e+03  0.02293128785  1.513797e-01 0.9896
1  4.17e+03  0.02293485216  1.513797e-01 0.9896
1  4.37e+03  0.02293357157  1.513797e-01 0.9896
1  4.57e+03  0.02293323984  1.513797e-01 0.9896
1  4.79e+03  0.02293600444  1.513797e-01 0.9896
1  5.01e+03  0.02293444327  1.513797e-01 0.9896
1  5.25e+03  0.02292033674  1.513797e-01 0.9896
1  5.50e+03  0.02291916405  1.513797e-01 0.9896
1  5.75e+03  0.02295123029  1.513797e-01 0.9896
1  6.03e+03  0.02293688543  1.513797e-01 0.9896
1  6.31e+03  0.02293749241  1.513797e-01 0.9896
1  6.61e+03  0.02298329672  1.513797e-01 0.9896
1  6.92e+03  0.02295723677  1.513797e-01 0.9896
1  7.24e+03  0.02301625814  1.513797e-01 0.9896
1  7.59e+03  0.02306089049  1.513797e-01 0.9896
1  7.94e+03  0.02304941918  1.513797e-01 0.9896
1  8.32e+03  0.02320542353  1.513797e-01 0.9896
1  8.71e+03  0.02332206649  1.513797e-01 0.9896
1  9.12e+03  0.02336268564  1.513797e-01 0.9896
1  9.55e+03  0.0234744997  1.513797e-01 0.9896
1  1.00e+04  0.02372652909  1.513797e-01 0.9896
1  1.05e+04  0.02404040805  1.513797e-01 0.9896
1  1.10e+04  0.02445952261  1.513797e-01 0.9896
1  1.15e+04  0.0249061565  1.513797e-01 0.9896
1  1.20e+04  0.02552517726  1.513797e-01 0.9896
1  1.26e+04  0.02615132432  1.513797e-01 0.9896
1  1.32e+04  0.02686814581  1.513797e-01 0.9896
1  1.38e+04  0.02776987224  1.513797e-01 0.9896
1  1.45e+04  0.02895302474  1.513797e-01 0.9896
1  1.51e+04  0.03053238804  1.513797e-01 0.9896
1  1.58e+04  0.0323758428  1.513797e-01 0.9896
1  1.66e+04  0.03419083493  1.513797e-01 0.9896
1  1.74e+04  0.03598867564  1.513797e-01 0.9896
1  1.82e+04  0.03828592065  1.513797e-01 0.9896
1  1.91e+04  0.04140409318  1.513797e-01 0.9896
1  2.00e+04  0.0445213838  1.513797e-01 0.9896
1  2.09e+04  0.04774189186  1.513797e-01 0.9896
1  2.19e+04  0.05159900721  1.513797e-01 0.9896
1  2.29e+04  0.05556728732  1.513797e-01 0.9896
1  2.40e+04  0.06040522345  1.513797e-01 0.9896
1  2.51e+04  0.06472323538  1.513797e-01 0.9896
1  2.63e+04  0.07059056554  1.513797e-01 0.9896
1  2.75e+04  0.07546515073  1.513797e-01 0.9896
1  2.88e+04  0.08215989548  1.513797e-01 0.9896
1  3.02e+04  0.08772876425  1.513797e-01 0.9896
1  3.16e+04  0.09489280555  1.513797e-01 0.9896
1  3.31e+04  0.1017970993  1.513797e-01 0.9896
1  3.47e+04  0.108422401  1.513797e-01 0.9896
1  3.63e+04  0.1171145054  1.513797e-01 0.9896
1  3.80e+04  0.1242469291  1.513797e-01 0.9896
1  3.98e+04  0.1315600802  1.513797e-01 0.9896
1  4.17e+04  0.1417912253  1.513797e-01 0.9896
1  4.37e+04  0.1495413887  1.513797e-01 0.9896
1  4.57e+04  0.1564366725  1.513797e-01 0.9896
1  4.79e+04  0.1671640909  1.513797e-01 0.9896
1  5.01e+04  0.1775001455  1.513797e-01 0.9896
1  5.25e+04  0.1846727447  1.513797e-01 0.9896
1  5.50e+04  0.1925186798  1.513797e-01 0.9896
1  5.75e+04  0.2030308549  1.513797e-01 0.9896
1  6.03e+04  0.2140981564  1.513797e-01 0.9896
1  6.31e+04  0.2237258142  1.513797e-01 0.9896
1  6.61e+04  0.2317433668  1.513797e-01 0.9896
1  6.92e+04  0.2392878252  1.513797e-01 0.9896
1  7.24e+04  0.2479592243  1.513797e-01 0.9896
1  7.59e+04  0.2585005379  1.513797e-01 0.9896
1  7.94e+04  0.2699428306  1.513797e-01 0.9896
1  8.32e+04  0.280482468  1.513797e-01 0.9896
1  8.71e+04  0.2891046231  1.513797e-01 0.9896
1  9.12e+04  0.2961826151  1.513797e-01 0.9896
1  9.55e+04  0.3028406504  1.513797e-01 0.9896
1  1.00e+05  0.3100470236  1.513797e-01 0.9896
1  1.05e+05  0.3181989892  1.513797e-01 0.9896
1  1.10e+05  0.327220216  1.513797e-01 0.9896
1  1.15e+05  0.3368037139  1.513797e-01 0.9896
1  1.20e+05  0.3465591957  1.513797e-01 0.9896
1  1.26e+05  0.3560762754  1.513797e-01 0.9896
1  1.32e+05  0.3649863384  1.513797e-01 0.9896
1  1.38e+05  0.3730377171  1.513797e-01 0.9896
1  1.45e+05  0.3801455715  1.513797e-01 0.9896
1  1.51e+05  0.3863884652  1.513797e-01 0.9896
1  1.58e+05  0.3919586438  1.513797e-01 0.9896
1  1.66e+05  0.3970938399  1.513797e-01 0.9896
1  1.74e+05  0.4020177745  1.513797e-01 0.9896
1  1.82e+05  0.4069041439  1.513797e-01 0.9896
1  1.91e+05  0.4118654125  1.513797e-01 0.9896
1  2.00e+05  0.4169591276  1.513797e-01 0.9896
1  2.09e+05  0.4222020616  1.513797e-01 0.9896
1  2.19e+05  0.4275845833  1.513797e-01 0.9896
1  2.29e+05  0.433081466  1.513797e-01 0.9896
1  2.40e+05  0.4386586014  1.513797e-01 0.9896
1  2.51e+05  0.444276812  1.513797e-01 0.9896
1  2.63e+05  0.4498942556  1.513797e-01 0.9896
1  2.75e+05  0.4554684398  1.513797e-01 0.9896
1  2.88e+05  0.4609582223  1.513797e-01 0.9896
1  3.02e+05  0.4663257264  1.513797e-01 0.9896
1  3.16e+05  0.4715379325  1.513797e-01 0.9896
1  3.31e+05  0.4765677422  1.513797e-01 0.9896
1  3.47e+05  0.4813944391  1.513797e-01 0.9896
1  3.63e+05  0.4860035957  1.513797e-01 0.9896
1  3.80e+05  0.4903865613  1.513797e-01 0.9896
1  3.98e+05  0.4945396873  1.513797e-01 0.9896
1  4.17e+05  0.4984634417  1.513797e-01 0.9896
1  4.37e+05  0.5021615237  1.513797e-01 0.9896
1  4.57e+05  0.5056400548  1.513797e-01 0.9896
1  4.79e+05  0.5089068831  1.513797e-01 0.9896
1  5.01e+05  0.5119710125  1.513797e-01 0.9896
1  5.25e+05  0.5148421534  1.513797e-01 0.9896
1  5.50e+05  0.5175303769  1.513797e-01 0.9896
1  5.75e+05  0.5200458578  1.513797e-01 0.9896
1  6.03e+05  0.5223986859  1.513797e-01 0.9896
1  6.31e+05  0.524598732  1.513797e-01 0.9896
1  6.61e+05  0.5266555532  1.513797e-01 0.9896
1  6.92e+05  0.52857833  1.513797e-01 0.9896
1  7.24e+05  0.5303758254  1.513797e-01 0.9896
1  7.59e+05  0.5320563607  1.513797e-01 0.9896
1  7.94e+05  0.5336278043  1.513797e-01 0.9896
1  8.32e+05  0.5350975696  1.513797e-01 0.9896
1  8.71e+05  0.5364726204  1.513797e-01 0.9896
1  9.12e+05  0.5377594804  1.513797e-01 0.9896
1  9.55e+05  0.5389642484  1.513797e-01 0.9896
1  1.00e+06  0.5400926141  1.513797e-01 0.9896
1  1.05e+06  0.5411498776  1.513797e-01 0.9896
1  1.10e+06  0.542140969  1.513797e-01 0.9896
1  1.15e+06  0.5430704692  1.513797e-01 0.9896
1  1.20e+06  0.5439426306  1.513797e-01 0.9896
1  1.26e+06  0.5447613978  1.513797e-01 0.9896
1  1.32e+06  0.5455304276  1.513797e-01 0.9896
1  1.38e+06  0.5462531089  1.513797e-01 0.9896
1  1.45e+06  0.5469325815  1.513797e-01 0.9896
1  1.51e+06  0.5475717537  1.513797e-01 0.9896
1  1.58e+06  0.5481733195  1.513797e-01 0.9896
1  1.66e+06  0.5487397747  1.513797e-01 0.9896
1  1.74e+06  0.5492734317  1.513797e-01 0.9896
1  1.82e+06  0.5497764337  1.513797e-01 0.9896
1  1.91e+06  0.5502507697  1.513797e-01 0.9896
1  2.00e+06  0.5506982786  1.513797e-01 0.9896
1  2.09e+06  0.5511206706  1.513797e-01 0.9896
1  2.19e+06  0.551519532  1.513797e-01 0.9896
1  2.29e+06  0.5518963366  1.513797e-01 0.9896
1  2.40e+06  0.5522524534  1.513797e-01 0.9896
1  2.51e+06  0.5525891558  1.513797e-01 0.9896
1  2.63e+06  0.5529076281  1.513797e-01 0.9896
1  2.75e+06  0.5532089727  1.513797e-01 0.9896
1  2.88e+06  0.5534942161  1.513797e-01 0.9896
1  3.02e+06  0.5537643158  1.513797e-01 0.9896
1  3.16e+06  0.554020164  1.513797e-01 0.9896
1  3.31e+06  0.5542625937  1.513797e-01 0.9896
1  3.47e+06  0.5544923827  1.513797e-01 0.9896
1  3.63e+06  0.5547102576  1.513797e-01 0.9896
1  3.80e+06  0.554916898  1.513797e-01 0.9896
1  3.98e+06  0.5551129395  1.513797e-01 0.9896
1  4.17e+06  0.5552989772  1.513797e-01 0.9896
1  4.37e+06  0.5554755689  1.513797e-01 0.9896
1  4.57e+06  0.5556432369  1.513797e-01 0.9896
1  4.79e+06  0.5558024714  1.513797e-01 0.9896
1  5.01e+06  0.5559537325  1.513797e-01 0.9896
1  5.25e+06  0.5560974519  1.513797e-01 0.9896
1  5.50e+06  0.5562340354  1.513797e-01 0.9896
1  5.75e+06  0.5563638646  1.513797e-01 0.9896
1  6.03e+06  0.5564872981  1.513797e-01 0.9896
1  6.31e+06  0.5566046738  1.513797e-01 0.9896
1  6.61e+06  0.5567163095  1.513797e-01 0.9896
1  6.92e+06  0.5568225046  1.513797e-01 0.9896
1  7.24e+06  0.5569235415  1.513797e-01 0.9896
1  7.59e+06  0.5570196864  1.513797e-01 0.9896
1  7.94e+06  0.5571111904  1.513797e-01 0.9896
1  8.32e+06  0.5571982905  1.513797e-01 0.9896
1  8.71e+06  0.5572812106  1.513797e-01 0.9896
1  9.12e+06  0.557360162  1.513797e-01 0.9896
1  9.55e+06  0.5574353445  1.513797e-01 0.9896
1  1.00e+07  0.5575069471  1.513797e-01 0.9896
