1  1.00e-03  0.5558469329  1.672886e-01 1.0936000000000001
1  1.05e-03  0.5558457285  1.672886e-01 1.0936000000000001
1  1.10e-03  0.5558442982  1.672886e-01 1.0936000000000001
1  1.15e-03  0.5558430081  1.672886e-01 1.0936000000000001
1  1.20e-03  0.5558414327  1.672886e-01 1.0936000000000001
1  1.26e-03  0.5558399344  1.672886e-01 1.0936000000000001
1  1.32e-03  0.5558382312  1.672886e-01 1.0936000000000001
1  1.38e-03  0.5558364686  1.672886e-01 1.0936000000000001
1  1.45e-03  0.5558346811  1.672886e-01 1.0936000000000001
1  1.51e-03  0.555832926  1.672886e-01 1.0936000000000001
1  1.58e-03  0.555830853  1.672886e-01 1.0936000000000001
1  1.66e-03  0.555828869  1.672886e-01 1.0936000000000001
1  1.74e-03  0.5558267327  1.672886e-01 1.0936000000000001
1  1.82e-03  0.5558244556  1.672886e-01 1.0936000000000001
1  1.91e-03  0.555822099  1.672886e-01 1.0936000000000001
1  2.00e-03  0.5558196018  1.672886e-01 1.0936000000000001
1  2.09e-03  0.5558169738  1.672886e-01 1.0936000000000001
1  2.19e-03  0.5558142941  1.672886e-01 1.0936000000000001
1  2.29e-03  0.5558114971  1.672886e-01 1.0936000000000001
1  2.40e-03  0.555808562  1.672886e-01 1.0936000000000001
1  2.51e-03  0.5558053924  1.672886e-01 1.0936000000000001
1  2.63e-03  0.555802166  1.672886e-01 1.0936000000000001
1  2.75e-03  0.5557987411  1.672886e-01 1.0936000000000001
1  2.88e-03  0.5557951828  1.672886e-01 1.0936000000000001
1  3.02e-03  0.5557914302  1.672886e-01 1.0936000000000001
1  3.16e-03  0.5557875497  1.672886e-01 1.0936000000000001
1  3.31e-03  0.5557834212  1.672886e-01 1.0936000000000001
1  3.47e-03  0.5557791317  1.672886e-01 1.0936000000000001
1  3.63e-03  0.5557746459  1.672886e-01 1.0936000000000001
1  3.80e-03  0.5557699531  1.672886e-01 1.0936000000000001
1  3.98e-03  0.5557650126  1.672886e-01 1.0936000000000001
1  4.17e-03  0.5557598625  1.672886e-01 1.0936000000000001
1  4.37e-03  0.5557544742  1.672886e-01 1.0936000000000001
1  4.57e-03  0.555748803  1.672886e-01 1.0936000000000001
1  4.79e-03  0.5557428661  1.672886e-01 1.0936000000000001
1  5.01e-03  0.5557366647  1.672886e-01 1.0936000000000001
1  5.25e-03  0.5557301798  1.672886e-01 1.0936000000000001
1  5.50e-03  0.5557233702  1.672886e-01 1.0936000000000001
1  5.75e-03  0.5557162463  1.672886e-01 1.0936000000000001
1  6.03e-03  0.5557087883  1.672886e-01 1.0936000000000001
1  6.31e-03  0.5557009589  1.672886e-01 1.0936000000000001
1  6.61e-03  0.5556927823  1.672886e-01 1.0936000000000001
1  6.92e-03  0.5556842243  1.672886e-01 1.0936000000000001
1  7.24e-03  0.5556752524  1.672886e-01 1.0936000000000001
1  7.59e-03  0.5556658338  1.672886e-01 1.0936000000000001
1  7.94e-03  0.5556560021  1.672886e-01 1.0936000000000001
1  8.32e-03  0.5556456908  1.672886e-01 1.0936000000000001
1  8.71e-03  0.5556348799  1.672886e-01 1.0936000000000001
1  9.12e-03  0.5556236028  1.672886e-01 1.0936000000000001
1  9.55e-03  0.5556117752  1.672886e-01 1.0936000000000001
1  1.00e-02  0.5555993425  1.672886e-01 1.0936000000000001
1  1.05e-02  0.5555864017  1.672886e-01 1.0936000000000001
1  1.10e-02  0.5555727846  1.672886e-01 1.0936000000000001
1  1.15e-02  0.5555585736  1.672886e-01 1.0936000000000001
1  1.20e-02  0.5555436638  1.672886e-01 1.0936000000000001
1  1.26e-02  0.5555280091  1.672886e-01 1.0936000000000001
1  1.32e-02  0.5555116848  1.672886e-01 1.0936000000000001
1  1.38e-02  0.5554945784  1.672886e-01 1.0936000000000001
1  1.45e-02  0.5554766225  1.672886e-01 1.0936000000000001
1  1.51e-02  0.5554578151  1.672886e-01 1.0936000000000001
1  1.58e-02  0.5554381624  1.672886e-01 1.0936000000000001
1  1.66e-02  0.5554175944  1.672886e-01 1.0936000000000001
1  1.74e-02  0.555395965  1.672886e-01 1.0936000000000001
1  1.82e-02  0.5553733965  1.672886e-01 1.0936000000000001
1  1.91e-02  0.5553497529  1.672886e-01 1.0936000000000001
1  2.00e-02  0.5553249895  1.672886e-01 1.0936000000000001
1  2.09e-02  0.5552989679  1.672886e-01 1.0936000000000001
1  2.19e-02  0.5552717847  1.672886e-01 1.0936000000000001
1  2.29e-02  0.555243311  1.672886e-01 1.0936000000000001
1  2.40e-02  0.5552135477  1.672886e-01 1.0936000000000001
1  2.51e-02  0.555182284  1.672886e-01 1.0936000000000001
1  2.63e-02  0.555149612  1.672886e-01 1.0936000000000001
1  2.75e-02  0.555115393  1.672886e-01 1.0936000000000001
1  2.88e-02  0.5550794781  1.672886e-01 1.0936000000000001
1  3.02e-02  0.5550418543  1.672886e-01 1.0936000000000001
1  3.16e-02  0.5550024774  1.672886e-01 1.0936000000000001
1  3.31e-02  0.5549612222  1.672886e-01 1.0936000000000001
1  3.47e-02  0.554918035  1.672886e-01 1.0936000000000001
1  3.63e-02  0.5548728054  1.672886e-01 1.0936000000000001
1  3.80e-02  0.5548254308  1.672886e-01 1.0936000000000001
1  3.98e-02  0.5547759115  1.672886e-01 1.0936000000000001
1  4.17e-02  0.5547239416  1.672886e-01 1.0936000000000001
1  4.37e-02  0.5546693291  1.672886e-01 1.0936000000000001
1  4.57e-02  0.5546122887  1.672886e-01 1.0936000000000001
1  4.79e-02  0.5545526445  1.672886e-01 1.0936000000000001
1  5.01e-02  0.5544901127  1.672886e-01 1.0936000000000001
1  5.25e-02  0.5544245481  1.672886e-01 1.0936000000000001
1  5.50e-02  0.5543557576  1.672886e-01 1.0936000000000001
1  5.75e-02  0.554283731  1.672886e-01 1.0936000000000001
1  6.03e-02  0.55420833  1.672886e-01 1.0936000000000001
1  6.31e-02  0.5541294152  1.672886e-01 1.0936000000000001
1  6.61e-02  0.5540467369  1.672886e-01 1.0936000000000001
1  6.92e-02  0.5539598936  1.672886e-01 1.0936000000000001
1  7.24e-02  0.5538688801  1.672886e-01 1.0936000000000001
1  7.59e-02  0.5537737149  1.672886e-01 1.0936000000000001
1  7.94e-02  0.5536741969  1.672886e-01 1.0936000000000001
1  8.32e-02  0.553569731  1.672886e-01 1.0936000000000001
1  8.71e-02  0.5534600869  1.672886e-01 1.0936000000000001
1  9.12e-02  0.5533450702  1.672886e-01 1.0936000000000001
1  9.55e-02  0.5532251087  1.672886e-01 1.0936000000000001
1  1.00e-01  0.553099051  1.672886e-01 1.0936000000000001
1  1.05e-01  0.5529666252  1.672886e-01 1.0936000000000001
1  1.10e-01  0.5528285696  1.672886e-01 1.0936000000000001
1  1.15e-01  0.552683474  1.672886e-01 1.0936000000000001
1  1.20e-01  0.5525314029  1.672886e-01 1.0936000000000001
1  1.26e-01  0.5523718899  1.672886e-01 1.0936000000000001
1  1.32e-01  0.5522044762  1.672886e-01 1.0936000000000001
1  1.38e-01  0.552029693  1.672886e-01 1.0936000000000001
1  1.45e-01  0.5518460169  1.672886e-01 1.0936000000000001
1  1.51e-01  0.5516529536  1.672886e-01 1.0936000000000001
1  1.58e-01  0.5514513794  1.672886e-01 1.0936000000000001
1  1.66e-01  0.5512399228  1.672886e-01 1.0936000000000001
1  1.74e-01  0.5510178512  1.672886e-01 1.0936000000000001
1  1.82e-01  0.5507852448  1.672886e-01 1.0936000000000001
1  1.91e-01  0.5505406278  1.672886e-01 1.0936000000000001
1  2.00e-01  0.5502844408  1.672886e-01 1.0936000000000001
1  2.09e-01  0.5500159759  1.672886e-01 1.0936000000000001
1  2.19e-01  0.549734146  1.672886e-01 1.0936000000000001
1  2.29e-01  0.5494389588  1.672886e-01 1.0936000000000001
1  2.40e-01  0.5491286748  1.672886e-01 1.0936000000000001
1  2.51e-01  0.5488044442  1.672886e-01 1.0936000000000001
1  2.63e-01  0.5484621797  1.672886e-01 1.0936000000000001
1  2.75e-01  0.548104107  1.672886e-01 1.0936000000000001
1  2.88e-01  0.5477287953  1.672886e-01 1.0936000000000001
1  3.02e-01  0.5473350265  1.672886e-01 1.0936000000000001
1  3.16e-01  0.5469203139  1.672886e-01 1.0936000000000001
1  3.31e-01  0.5464865784  1.672886e-01 1.0936000000000001
1  3.47e-01  0.5460290047  1.672886e-01 1.0936000000000001
1  3.63e-01  0.5455501451  1.672886e-01 1.0936000000000001
1  3.80e-01  0.5450469172  1.672886e-01 1.0936000000000001
1  3.98e-01  0.5445202082  1.672886e-01 1.0936000000000001
1  4.17e-01  0.543965409  1.672886e-01 1.0936000000000001
1  4.37e-01  0.543382319  1.672886e-01 1.0936000000000001
1  4.57e-01  0.5427689203  1.672886e-01 1.0936000000000001
1  4.79e-01  0.5421264709  1.672886e-01 1.0936000000000001
1  5.01e-01  0.541448905  1.672886e-01 1.0936000000000001
1  5.25e-01  0.5407388431  1.672886e-01 1.0936000000000001
1  5.50e-01  0.5399927818  1.672886e-01 1.0936000000000001
1  5.75e-01  0.5392065053  1.672886e-01 1.0936000000000001
1  6.03e-01  0.5383817145  1.672886e-01 1.0936000000000001
1  6.31e-01  0.5375151986  1.672886e-01 1.0936000000000001
1  6.61e-01  0.5366007872  1.672886e-01 1.0936000000000001
1  6.92e-01  0.5356399201  1.672886e-01 1.0936000000000001
1  7.24e-01  0.5346322917  1.672886e-01 1.0936000000000001
1  7.59e-01  0.5335692913  1.672886e-01 1.0936000000000001
1  7.94e-01  0.5324481064  1.672886e-01 1.0936000000000001
1  8.32e-01  0.531273678  1.672886e-01 1.0936000000000001
1  8.71e-01  0.5300338238  1.672886e-01 1.0936000000000001
1  9.12e-01  0.5287327962  1.672886e-01 1.0936000000000001
1  9.55e-01  0.5273567212  1.672886e-01 1.0936000000000001
1  1.00e+00  0.5259113834  1.672886e-01 1.0936000000000001
1  1.05e+00  0.524396889  1.672886e-01 1.0936000000000001
1  1.10e+00  0.5227922065  1.672886e-01 1.0936000000000001
1  1.15e+00  0.5211039654  1.672886e-01 1.0936000000000001
1  1.20e+00  0.5193287083  1.672886e-01 1.0936000000000001
1  1.26e+00  0.5174539851  1.672886e-01 1.0936000000000001
1  1.32e+00  0.5154827978  1.672886e-01 1.0936000000000001
1  1.38e+00  0.5134141206  1.672886e-01 1.0936000000000001
1  1.45e+00  0.5112300507  1.672886e-01 1.0936000000000001
1  1.51e+00  0.5089285723  1.672886e-01 1.0936000000000001
1  1.58e+00  0.5065060021  1.672886e-01 1.0936000000000001
1  1.66e+00  0.503957524  1.672886e-01 1.0936000000000001
1  1.74e+00  0.501285988  1.672886e-01 1.0936000000000001
1  1.82e+00  0.4984683237  1.672886e-01 1.0936000000000001
1  1.91e+00  0.4955086228  1.672886e-01 1.0936000000000001
1  2.00e+00  0.4923915274  1.672886e-01 1.0936000000000001
1  2.09e+00  0.4891334524  1.672886e-01 1.0936000000000001
1  2.19e+00  0.4857077187  1.672886e-01 1.0936000000000001
1  2.29e+00  0.4821125093  1.672886e-01 1.0936000000000001
1  2.40e+00  0.4783608542  1.672886e-01 1.0936000000000001
1  2.51e+00  0.4744244435  1.672886e-01 1.0936000000000001
1  2.63e+00  0.4703189138  1.672886e-01 1.0936000000000001
1  2.75e+00  0.4660356624  1.672886e-01 1.0936000000000001
1  2.88e+00  0.4615903167  1.672886e-01 1.0936000000000001
1  3.02e+00  0.4569640686  1.672886e-01 1.0936000000000001
1  3.16e+00  0.4521678253  1.672886e-01 1.0936000000000001
1  3.31e+00  0.4472044497  1.672886e-01 1.0936000000000001
1  3.47e+00  0.4420754187  1.672886e-01 1.0936000000000001
1  3.63e+00  0.4368165118  1.672886e-01 1.0936000000000001
1  3.80e+00  0.4314313052  1.672886e-01 1.0936000000000001
1  3.98e+00  0.4259129221  1.672886e-01 1.0936000000000001
1  4.17e+00  0.4202914975  1.672886e-01 1.0936000000000001
1  4.37e+00  0.4146119822  1.672886e-01 1.0936000000000001
1  4.57e+00  0.4088512359  1.672886e-01 1.0936000000000001
1  4.79e+00  0.4030919428  1.672886e-01 1.0936000000000001
1  5.01e+00  0.3973036684  1.672886e-01 1.0936000000000001
1  5.25e+00  0.3915309653  1.672886e-01 1.0936000000000001
1  5.50e+00  0.3858322682  1.672886e-01 1.0936000000000001
1  5.75e+00  0.3801928937  1.672886e-01 1.0936000000000001
1  6.03e+00  0.3746767941  1.672886e-01 1.0936000000000001
1  6.31e+00  0.3692982524  1.672886e-01 1.0936000000000001
1  6.61e+00  0.3640522832  1.672886e-01 1.0936000000000001
1  6.92e+00  0.3589849129  1.672886e-01 1.0936000000000001
1  7.24e+00  0.3541277695  1.672886e-01 1.0936000000000001
1  7.59e+00  0.3494573503  1.672886e-01 1.0936000000000001
1  7.94e+00  0.3450377553  1.672886e-01 1.0936000000000001
1  8.32e+00  0.3408195772  1.672886e-01 1.0936000000000001
1  8.71e+00  0.336830664  1.672886e-01 1.0936000000000001
1  9.12e+00  0.3331095622  1.672886e-01 1.0936000000000001
1  9.55e+00  0.3295969635  1.672886e-01 1.0936000000000001
1  1.00e+01  0.3263100609  1.672886e-01 1.0936000000000001
1  1.05e+01  0.3232729327  1.672886e-01 1.0936000000000001
1  1.10e+01  0.3204169036  1.672886e-01 1.0936000000000001
1  1.15e+01  0.3178416098  1.672886e-01 1.0936000000000001
1  1.20e+01  0.3153716325  1.672886e-01 1.0936000000000001
1  1.26e+01  0.313149263  1.672886e-01 1.0936000000000001
1  1.32e+01  0.311055491  1.672886e-01 1.0936000000000001
1  1.38e+01  0.3091789156  1.672886e-01 1.0936000000000001
1  1.45e+01  0.3074071403  1.672886e-01 1.0936000000000001
1  1.51e+01  0.305823349  1.672886e-01 1.0936000000000001
1  1.58e+01  0.3043462451  1.672886e-01 1.0936000000000001
1  1.66e+01  0.3029692183  1.672886e-01 1.0936000000000001
1  1.74e+01  0.3017258578  1.672886e-01 1.0936000000000001
1  1.82e+01  0.3005946903  1.672886e-01 1.0936000000000001
1  1.91e+01  0.2995180606  1.672886e-01 1.0936000000000001
1  2.00e+01  0.2985489402  1.672886e-01 1.0936000000000001
1  2.09e+01  0.2976669989  1.672886e-01 1.0936000000000001
1  2.19e+01  0.2968088721  1.672886e-01 1.0936000000000001
1  2.29e+01  0.2960595486  1.672886e-01 1.0936000000000001
1  2.40e+01  0.295343132  1.672886e-01 1.0936000000000001
1  2.51e+01  0.2946522206  1.672886e-01 1.0936000000000001
1  2.63e+01  0.2940393432  1.672886e-01 1.0936000000000001
1  2.75e+01  0.2934265211  1.672886e-01 1.0936000000000001
1  2.88e+01  0.2928735306  1.672886e-01 1.0936000000000001
1  3.02e+01  0.2923257551  1.672886e-01 1.0936000000000001
1  3.16e+01  0.2918254857  1.672886e-01 1.0936000000000001
1  3.31e+01  0.2913263239  1.672886e-01 1.0936000000000001
1  3.47e+01  0.2908395785  1.672886e-01 1.0936000000000001
1  3.63e+01  0.290352783  1.672886e-01 1.0936000000000001
1  3.80e+01  0.289866504  1.672886e-01 1.0936000000000001
1  3.98e+01  0.2893929116  1.672886e-01 1.0936000000000001
1  4.17e+01  0.2889221606  1.672886e-01 1.0936000000000001
1  4.37e+01  0.2884378013  1.672886e-01 1.0936000000000001
1  4.57e+01  0.2879405827  1.672886e-01 1.0936000000000001
1  4.79e+01  0.2874534864  1.672886e-01 1.0936000000000001
1  5.01e+01  0.2868991221  1.672886e-01 1.0936000000000001
1  5.25e+01  0.2863372813  1.672886e-01 1.0936000000000001
1  5.50e+01  0.2857627664  1.672886e-01 1.0936000000000001
1  5.75e+01  0.2851119333  1.672886e-01 1.0936000000000001
1  6.03e+01  0.2844320417  1.672886e-01 1.0936000000000001
1  6.31e+01  0.283721274  1.672886e-01 1.0936000000000001
1  6.61e+01  0.2829162178  1.672886e-01 1.0936000000000001
1  6.92e+01  0.2820297703  1.672886e-01 1.0936000000000001
1  7.24e+01  0.2810663071  1.672886e-01 1.0936000000000001
1  7.59e+01  0.2799728097  1.672886e-01 1.0936000000000001
1  7.94e+01  0.2787683088  1.672886e-01 1.0936000000000001
1  8.32e+01  0.2774187295  1.672886e-01 1.0936000000000001
1  8.71e+01  0.2758684707  1.672886e-01 1.0936000000000001
1  9.12e+01  0.2741180491  1.672886e-01 1.0936000000000001
1  9.55e+01  0.2721195576  1.672886e-01 1.0936000000000001
1  1.00e+02  0.2697898145  1.672886e-01 1.0936000000000001
1  1.05e+02  0.2670771342  1.672886e-01 1.0936000000000001
1  1.10e+02  0.2638760998  1.672886e-01 1.0936000000000001
1  1.15e+02  0.2601354334  1.672886e-01 1.0936000000000001
1  1.20e+02  0.2556590145  1.672886e-01 1.0936000000000001
1  1.26e+02  0.2503203993  1.672886e-01 1.0936000000000001
1  1.32e+02  0.2439022015  1.672886e-01 1.0936000000000001
1  1.38e+02  0.2361582722  1.672886e-01 1.0936000000000001
1  1.45e+02  0.2268916533  1.672886e-01 1.0936000000000001
1  1.51e+02  0.2157892518  1.672886e-01 1.0936000000000001
1  1.58e+02  0.2027037384  1.672886e-01 1.0936000000000001
1  1.66e+02  0.1876433527  1.672886e-01 1.0936000000000001
1  1.74e+02  0.170855377  1.672886e-01 1.0936000000000001
1  1.82e+02  0.1529242617  1.672886e-01 1.0936000000000001
1  1.91e+02  0.1347450973  1.672886e-01 1.0936000000000001
1  2.00e+02  0.1173351719  1.672886e-01 1.0936000000000001
1  2.09e+02  0.1015248524  1.672886e-01 1.0936000000000001
1  2.19e+02  0.08781344548  1.672886e-01 1.0936000000000001
1  2.29e+02  0.07634573963  1.672886e-01 1.0936000000000001
1  2.40e+02  0.06700644021  1.672886e-01 1.0936000000000001
1  2.51e+02  0.05951941279  1.672886e-01 1.0936000000000001
1  2.63e+02  0.05356907176  1.672886e-01 1.0936000000000001
1  2.75e+02  0.04884858535  1.672886e-01 1.0936000000000001
1  2.88e+02  0.04509877316  1.672886e-01 1.0936000000000001
1  3.02e+02  0.04211080407  1.672886e-01 1.0936000000000001
1  3.16e+02  0.03972202609  1.672886e-01 1.0936000000000001
1  3.31e+02  0.03779044361  1.672886e-01 1.0936000000000001
1  3.47e+02  0.03622741994  1.672886e-01 1.0936000000000001
1  3.63e+02  0.03494797419  1.672886e-01 1.0936000000000001
1  3.80e+02  0.0338997263  1.672886e-01 1.0936000000000001
1  3.98e+02  0.0330321601  1.672886e-01 1.0936000000000001
1  4.17e+02  0.03231304524  1.672886e-01 1.0936000000000001
1  4.37e+02  0.03170855507  1.672886e-01 1.0936000000000001
1  4.57e+02  0.03120256555  1.672886e-01 1.0936000000000001
1  4.79e+02  0.0307721368  1.672886e-01 1.0936000000000001
1  5.01e+02  0.03040791659  1.672886e-01 1.0936000000000001
1  5.25e+02  0.03009817062  1.672886e-01 1.0936000000000001
1  5.50e+02  0.02983333925  1.672886e-01 1.0936000000000001
1  5.75e+02  0.02960626725  1.672886e-01 1.0936000000000001
1  6.03e+02  0.02941130448  1.672886e-01 1.0936000000000001
1  6.31e+02  0.02924126304  1.672886e-01 1.0936000000000001
1  6.61e+02  0.02909256514  1.672886e-01 1.0936000000000001
1  6.92e+02  0.02896393282  1.672886e-01 1.0936000000000001
1  7.24e+02  0.02885283373  1.672886e-01 1.0936000000000001
1  7.59e+02  0.02875375473  1.672886e-01 1.0936000000000001
1  7.94e+02  0.02866898012  1.672886e-01 1.0936000000000001
1  8.32e+02  0.02859341044  1.672886e-01 1.0936000000000001
1  8.71e+02  0.02852736073  1.672886e-01 1.0936000000000001
1  9.12e+02  0.0284683981  1.672886e-01 1.0936000000000001
1  9.55e+02  0.0284168437  1.672886e-01 1.0936000000000001
1  1.00e+03  0.0283717115  1.672886e-01 1.0936000000000001
1  1.05e+03  0.02833143425  1.672886e-01 1.0936000000000001
1  1.10e+03  0.02829495104  1.672886e-01 1.0936000000000001
1  1.15e+03  0.02826308347  1.672886e-01 1.0936000000000001
1  1.20e+03  0.02823573565  1.672886e-01 1.0936000000000001
1  1.26e+03  0.02820922059  1.672886e-01 1.0936000000000001
1  1.32e+03  0.02818835361  1.672886e-01 1.0936000000000001
1  1.38e+03  0.02816678695  1.672886e-01 1.0936000000000001
1  1.45e+03  0.02814843261  1.672886e-01 1.0936000000000001
1  1.51e+03  0.0281329306  1.672886e-01 1.0936000000000001
1  1.58e+03  0.02811745709  1.672886e-01 1.0936000000000001
1  1.66e+03  0.02810442891  1.672886e-01 1.0936000000000001
1  1.74e+03  0.02809445939  1.672886e-01 1.0936000000000001
1  1.82e+03  0.02808244945  1.672886e-01 1.0936000000000001
1  1.91e+03  0.02807436651  1.672886e-01 1.0936000000000001
1  2.00e+03  0.02806459654  1.672886e-01 1.0936000000000001
1  2.09e+03  0.02805853  1.672886e-01 1.0936000000000001
1  2.19e+03  0.02805059839  1.672886e-01 1.0936000000000001
1  2.29e+03  0.02804472095  1.672886e-01 1.0936000000000001
1  2.40e+03  0.02803931705  1.672886e-01 1.0936000000000001
1  2.51e+03  0.02803354333  1.672886e-01 1.0936000000000001
1  2.63e+03  0.02802971135  1.672886e-01 1.0936000000000001
1  2.75e+03  0.02802552625  1.672886e-01 1.0936000000000001
1  2.88e+03  0.02802082474  1.672886e-01 1.0936000000000001
1  3.02e+03  0.02801824405  1.672886e-01 1.0936000000000001
1  3.16e+03  0.02801557016  1.672886e-01 1.0936000000000001
1  3.31e+03  0.02801167471  1.672886e-01 1.0936000000000001
1  3.47e+03  0.02801079686  1.672886e-01 1.0936000000000001
1  3.63e+03  0.02800797359  1.672886e-01 1.0936000000000001
1  3.80e+03  0.02800576514  1.672886e-01 1.0936000000000001
1  3.98e+03  0.02800501784  1.672886e-01 1.0936000000000001
1  4.17e+03  0.02800333781  1.672886e-01 1.0936000000000001
1  4.37e+03  0.0279984812  1.672886e-01 1.0936000000000001
1  4.57e+03  0.02799983774  1.672886e-01 1.0936000000000001
1  4.79e+03  0.0279975018  1.672886e-01 1.0936000000000001
1  5.01e+03  0.02799489627  1.672886e-01 1.0936000000000001
1  5.25e+03  0.02799628135  1.672886e-01 1.0936000000000001
1  5.50e+03  0.02800073336  1.672886e-01 1.0936000000000001
1  5.75e+03  0.02799338819  1.672886e-01 1.0936000000000001
1  6.03e+03  0.02799220309  1.672886e-01 1.0936000000000001
1  6.31e+03  0.02800356762  1.672886e-01 1.0936000000000001
1  6.61e+03  0.02798828799  1.672886e-01 1.0936000000000001
1  6.92e+03  0.02800969848  1.672886e-01 1.0936000000000001
1  7.24e+03  0.02800178879  1.672886e-01 1.0936000000000001
1  7.59e+03  0.02800059767  1.672886e-01 1.0936000000000001
1  7.94e+03  0.02804707911  1.672886e-01 1.0936000000000001
1  8.32e+03  0.02803429636  1.672886e-01 1.0936000000000001
1  8.71e+03  0.02803305112  1.672886e-01 1.0936000000000001
1  9.12e+03  0.02809824269  1.672886e-01 1.0936000000000001
1  9.55e+03  0.02818913387  1.672886e-01 1.0936000000000001
1  1.00e+04  0.02826841384  1.672886e-01 1.0936000000000001
1  1.05e+04  0.02835813051  1.672886e-01 1.0936000000000001
1  1.10e+04  0.02848838369  1.672886e-01 1.0936000000000001
1  1.15e+04  0.02862108024  1.672886e-01 1.0936000000000001
1  1.20e+04  0.02887333486  1.672886e-01 1.0936000000000001
1  1.26e+04  0.02918065805  1.672886e-01 1.0936000000000001
1  1.32e+04  0.02954209513  1.672886e-01 1.0936000000000001
1  1.38e+04  0.02998019665  1.672886e-01 1.0936000000000001
1  1.45e+04  0.0304432661  1.672886e-01 1.0936000000000001
1  1.51e+04  0.03102564375  1.672886e-01 1.0936000000000001
1  1.58e+04  0.03191722852  1.672886e-01 1.0936000000000001
1  1.66e+04  0.03306913276  1.672886e-01 1.0936000000000001
1  1.74e+04  0.03418389337  1.672886e-01 1.0936000000000001
1  1.82e+04  0.03525331281  1.672886e-01 1.0936000000000001
1  1.91e+04  0.03702237918  1.672886e-01 1.0936000000000001
1  2.00e+04  0.03935464421  1.672886e-01 1.0936000000000001
1  2.09e+04  0.04099200747  1.672886e-01 1.0936000000000001
1  2.19e+04  0.04340391943  1.672886e-01 1.0936000000000001
1  2.29e+04  0.04650862362  1.672886e-01 1.0936000000000001
1  2.40e+04  0.04915428499  1.672886e-01 1.0936000000000001
1  2.51e+04  0.05276932253  1.672886e-01 1.0936000000000001
1  2.63e+04  0.05646117774  1.672886e-01 1.0936000000000001
1  2.75e+04  0.06042434131  1.672886e-01 1.0936000000000001
1  2.88e+04  0.06506381118  1.672886e-01 1.0936000000000001
1  3.02e+04  0.06970115259  1.672886e-01 1.0936000000000001
1  3.16e+04  0.07479678728  1.672886e-01 1.0936000000000001
1  3.31e+04  0.08087119635  1.672886e-01 1.0936000000000001
1  3.47e+04  0.08558118476  1.672886e-01 1.0936000000000001
1  3.63e+04  0.09323054016  1.672886e-01 1.0936000000000001
1  3.80e+04  0.09907977257  1.672886e-01 1.0936000000000001
1  3.98e+04  0.1049628935  1.672886e-01 1.0936000000000001
1  4.17e+04  0.1142768292  1.672886e-01 1.0936000000000001
1  4.37e+04  0.1208683192  1.672886e-01 1.0936000000000001
1  4.57e+04  0.1268249667  1.672886e-01 1.0936000000000001
1  4.79e+04  0.1366250157  1.672886e-01 1.0936000000000001
1  5.01e+04  0.146063172  1.672886e-01 1.0936000000000001
1  5.25e+04  0.1527611956  1.672886e-01 1.0936000000000001
1  5.50e+04  0.1600135495  1.672886e-01 1.0936000000000001
1  5.75e+04  0.1696705731  1.672886e-01 1.0936000000000001
1  6.03e+04  0.1803111259  1.672886e-01 1.0936000000000001
1  6.31e+04  0.1899576748  1.672886e-01 1.0936000000000001
1  6.61e+04  0.1978086456  1.672886e-01 1.0936000000000001
1  6.92e+04  0.2048861692  1.672886e-01 1.0936000000000001
1  7.24e+04  0.2132364786  1.672886e-01 1.0936000000000001
1  7.59e+04  0.2238476448  1.672886e-01 1.0936000000000001
1  7.94e+04  0.2355829257  1.672886e-01 1.0936000000000001
1  8.32e+04  0.24641266  1.672886e-01 1.0936000000000001
1  8.71e+04  0.2552574508  1.672886e-01 1.0936000000000001
1  9.12e+04  0.262521257  1.672886e-01 1.0936000000000001
1  9.55e+04  0.2693565411  1.672886e-01 1.0936000000000001
1  1.00e+05  0.2767570684  1.672886e-01 1.0936000000000001
1  1.05e+05  0.2851753359  1.672886e-01 1.0936000000000001
1  1.10e+05  0.2946064919  1.672886e-01 1.0936000000000001
1  1.15e+05  0.3047809823  1.672886e-01 1.0936000000000001
1  1.20e+05  0.3152815006  1.672886e-01 1.0936000000000001
1  1.26e+05  0.3256214289  1.672886e-01 1.0936000000000001
1  1.32e+05  0.3353470164  1.672886e-01 1.0936000000000001
1  1.38e+05  0.3441459881  1.672886e-01 1.0936000000000001
1  1.45e+05  0.3519092193  1.672886e-01 1.0936000000000001
1  1.51e+05  0.3587212477  1.672886e-01 1.0936000000000001
1  1.58e+05  0.3647972979  1.672886e-01 1.0936000000000001
1  1.66e+05  0.3704030443  1.672886e-01 1.0936000000000001
1  1.74e+05  0.3757877614  1.672886e-01 1.0936000000000001
1  1.82e+05  0.3811454301  1.672886e-01 1.0936000000000001
1  1.91e+05  0.3866033457  1.672886e-01 1.0936000000000001
1  2.00e+05  0.3922292058  1.672886e-01 1.0936000000000001
1  2.09e+05  0.3980459773  1.672886e-01 1.0936000000000001
1  2.19e+05  0.404046674  1.672886e-01 1.0936000000000001
1  2.29e+05  0.410205403  1.672886e-01 1.0936000000000001
1  2.40e+05  0.4164843902  1.672886e-01 1.0936000000000001
1  2.51e+05  0.4228383097  1.672886e-01 1.0936000000000001
1  2.63e+05  0.4292174046  1.672886e-01 1.0936000000000001
1  2.75e+05  0.4355703098  1.672886e-01 1.0936000000000001
1  2.88e+05  0.4418468241  1.672886e-01 1.0936000000000001
1  3.02e+05  0.4480004604  1.672886e-01 1.0936000000000001
1  3.16e+05  0.4539904837  1.672886e-01 1.0936000000000001
1  3.31e+05  0.4597832304  1.672886e-01 1.0936000000000001
1  3.47e+05  0.4653526604  1.672886e-01 1.0936000000000001
1  3.63e+05  0.4706802367  1.672886e-01 1.0936000000000001
1  3.80e+05  0.4757543073  1.672886e-01 1.0936000000000001
1  3.98e+05  0.4805691875  1.672886e-01 1.0936000000000001
1  4.17e+05  0.4851241173  1.672886e-01 1.0936000000000001
1  4.37e+05  0.4894222265  1.672886e-01 1.0936000000000001
1  4.57e+05  0.4934695894  1.672886e-01 1.0936000000000001
1  4.79e+05  0.4972744123  1.672886e-01 1.0936000000000001
1  5.01e+05  0.5008463663  1.672886e-01 1.0936000000000001
1  5.25e+05  0.5041960569  1.672886e-01 1.0936000000000001
1  5.50e+05  0.5073346152  1.672886e-01 1.0936000000000001
1  5.75e+05  0.5102733885  1.672886e-01 1.0936000000000001
1  6.03e+05  0.5130237112  1.672886e-01 1.0936000000000001
1  6.31e+05  0.5155967377  1.672886e-01 1.0936000000000001
1  6.61e+05  0.5180033227  1.672886e-01 1.0936000000000001
1  6.92e+05  0.5202539381  1.672886e-01 1.0936000000000001
1  7.24e+05  0.5223586164  1.672886e-01 1.0936000000000001
1  7.59e+05  0.5243269151  1.672886e-01 1.0936000000000001
1  7.94e+05  0.5261678965  1.672886e-01 1.0936000000000001
1  8.32e+05  0.52789012  1.672886e-01 1.0936000000000001
1  8.71e+05  0.5295016421  1.672886e-01 1.0936000000000001
1  9.12e+05  0.5310100252  1.672886e-01 1.0936000000000001
1  9.55e+05  0.5324223497  1.672886e-01 1.0936000000000001
1  1.00e+06  0.533745231  1.672886e-01 1.0936000000000001
1  1.05e+06  0.5349848392  1.672886e-01 1.0936000000000001
1  1.10e+06  0.5361469203  1.672886e-01 1.0936000000000001
1  1.15e+06  0.5372368182  1.672886e-01 1.0936000000000001
1  1.20e+06  0.5382594982  1.672886e-01 1.0936000000000001
1  1.26e+06  0.5392195699  1.672886e-01 1.0936000000000001
1  1.32e+06  0.5401213094  1.672886e-01 1.0936000000000001
1  1.38e+06  0.5409686823  1.672886e-01 1.0936000000000001
1  1.45e+06  0.5417653642  1.672886e-01 1.0936000000000001
1  1.51e+06  0.5425147618  1.672886e-01 1.0936000000000001
1  1.58e+06  0.5432200323  1.672886e-01 1.0936000000000001
1  1.66e+06  0.5438841014  1.672886e-01 1.0936000000000001
1  1.74e+06  0.5445096807  1.672886e-01 1.0936000000000001
1  1.82e+06  0.5450992849  1.672886e-01 1.0936000000000001
1  1.91e+06  0.5456552465  1.672886e-01 1.0936000000000001
1  2.00e+06  0.5461797248  1.672886e-01 1.0936000000000001
1  2.09e+06  0.5466747271  1.672886e-01 1.0936000000000001
1  2.19e+06  0.547142116  1.672886e-01 1.0936000000000001
1  2.29e+06  0.5475836218  1.672886e-01 1.0936000000000001
1  2.40e+06  0.5480008525  1.672886e-01 1.0936000000000001
1  2.51e+06  0.5483953037  1.672886e-01 1.0936000000000001
1  2.63e+06  0.548768366  1.672886e-01 1.0936000000000001
1  2.75e+06  0.5491213344  1.672886e-01 1.0936000000000001
1  2.88e+06  0.5494554149  1.672886e-01 1.0936000000000001
1  3.02e+06  0.549771732  1.672886e-01 1.0936000000000001
1  3.16e+06  0.5500713337  1.672886e-01 1.0936000000000001
1  3.31e+06  0.5503551985  1.672886e-01 1.0936000000000001
1  3.47e+06  0.5506242398  1.672886e-01 1.0936000000000001
1  3.63e+06  0.5508793113  1.672886e-01 1.0936000000000001
1  3.80e+06  0.551121211  1.672886e-01 1.0936000000000001
1  3.98e+06  0.5513506854  1.672886e-01 1.0936000000000001
1  4.17e+06  0.5515684333  1.672886e-01 1.0936000000000001
1  4.37e+06  0.5517751095  1.672886e-01 1.0936000000000001
1  4.57e+06  0.5519713275  1.672886e-01 1.0936000000000001
1  4.79e+06  0.5521576627  1.672886e-01 1.0936000000000001
1  5.01e+06  0.5523346551  1.672886e-01 1.0936000000000001
1  5.25e+06  0.5525028115  1.672886e-01 1.0936000000000001
1  5.50e+06  0.5526626083  1.672886e-01 1.0936000000000001
1  5.75e+06  0.552814493  1.672886e-01 1.0936000000000001
1  6.03e+06  0.5529588868  1.672886e-01 1.0936000000000001
1  6.31e+06  0.5530961856  1.672886e-01 1.0936000000000001
1  6.61e+06  0.5532267626  1.672886e-01 1.0936000000000001
1  6.92e+06  0.553350969  1.672886e-01 1.0936000000000001
1  7.24e+06  0.5534691359  1.672886e-01 1.0936000000000001
1  7.59e+06  0.5535815755  1.672886e-01 1.0936000000000001
1  7.94e+06  0.5536885821  1.672886e-01 1.0936000000000001
1  8.32e+06  0.5537904338  1.672886e-01 1.0936000000000001
1  8.71e+06  0.5538873929  1.672886e-01 1.0936000000000001
1  9.12e+06  0.5539797071  1.672886e-01 1.0936000000000001
1  9.55e+06  0.5540676108  1.672886e-01 1.0936000000000001
1  1.00e+07  0.5541513252  1.672886e-01 1.0936000000000001
