1  1.00e-03  0.5608660918  1.408553e-01 0.9208000000000001
1  1.05e-03  0.5608648774  1.408553e-01 0.9208000000000001
1  1.10e-03  0.56086343  1.408553e-01 0.9208000000000001
1  1.15e-03  0.5608621037  1.408553e-01 0.9208000000000001
1  1.20e-03  0.560860539  1.408553e-01 0.9208000000000001
1  1.26e-03  0.5608590189  1.408553e-01 0.9208000000000001
1  1.32e-03  0.5608572867  1.408553e-01 0.9208000000000001
1  1.38e-03  0.5608555151  1.408553e-01 0.9208000000000001
1  1.45e-03  0.5608537133  1.408553e-01 0.9208000000000001
1  1.51e-03  0.5608519404  1.408553e-01 0.9208000000000001
1  1.58e-03  0.5608498552  1.408553e-01 0.9208000000000001
1  1.66e-03  0.5608478404  1.408553e-01 0.9208000000000001
1  1.74e-03  0.5608456857  1.408553e-01 0.9208000000000001
1  1.82e-03  0.5608433892  1.408553e-01 0.9208000000000001
1  1.91e-03  0.5608410247  1.408553e-01 0.9208000000000001
1  2.00e-03  0.5608385065  1.408553e-01 0.9208000000000001
1  2.09e-03  0.5608358441  1.408553e-01 0.9208000000000001
1  2.19e-03  0.5608331335  1.408553e-01 0.9208000000000001
1  2.29e-03  0.5608303114  1.408553e-01 0.9208000000000001
1  2.40e-03  0.5608273531  1.408553e-01 0.9208000000000001
1  2.51e-03  0.5608241512  1.408553e-01 0.9208000000000001
1  2.63e-03  0.5608208939  1.408553e-01 0.9208000000000001
1  2.75e-03  0.5608174401  1.408553e-01 0.9208000000000001
1  2.88e-03  0.5608138527  1.408553e-01 0.9208000000000001
1  3.02e-03  0.5608100609  1.408553e-01 0.9208000000000001
1  3.16e-03  0.5608061542  1.408553e-01 0.9208000000000001
1  3.31e-03  0.5608019856  1.408553e-01 0.9208000000000001
1  3.47e-03  0.560797656  1.408553e-01 0.9208000000000001
1  3.63e-03  0.5607931374  1.408553e-01 0.9208000000000001
1  3.80e-03  0.5607884077  1.408553e-01 0.9208000000000001
1  3.98e-03  0.5607834099  1.408553e-01 0.9208000000000001
1  4.17e-03  0.5607782235  1.408553e-01 0.9208000000000001
1  4.37e-03  0.5607727806  1.408553e-01 0.9208000000000001
1  4.57e-03  0.5607670568  1.408553e-01 0.9208000000000001
1  4.79e-03  0.5607610768  1.408553e-01 0.9208000000000001
1  5.01e-03  0.5607548167  1.408553e-01 0.9208000000000001
1  5.25e-03  0.5607482725  1.408553e-01 0.9208000000000001
1  5.50e-03  0.5607414091  1.408553e-01 0.9208000000000001
1  5.75e-03  0.5607342214  1.408553e-01 0.9208000000000001
1  6.03e-03  0.5607266912  1.408553e-01 0.9208000000000001
1  6.31e-03  0.5607188053  1.408553e-01 0.9208000000000001
1  6.61e-03  0.5607105413  1.408553e-01 0.9208000000000001
1  6.92e-03  0.5607019192  1.408553e-01 0.9208000000000001
1  7.24e-03  0.5606928652  1.408553e-01 0.9208000000000001
1  7.59e-03  0.560683358  1.408553e-01 0.9208000000000001
1  7.94e-03  0.5606734564  1.408553e-01 0.9208000000000001
1  8.32e-03  0.560663039  1.408553e-01 0.9208000000000001
1  8.71e-03  0.5606521427  1.408553e-01 0.9208000000000001
1  9.12e-03  0.5606407567  1.408553e-01 0.9208000000000001
1  9.55e-03  0.5606288276  1.408553e-01 0.9208000000000001
1  1.00e-02  0.5606163001  1.408553e-01 0.9208000000000001
1  1.05e-02  0.5606032359  1.408553e-01 0.9208000000000001
1  1.10e-02  0.5605894921  1.408553e-01 0.9208000000000001
1  1.15e-02  0.5605751657  1.408553e-01 0.9208000000000001
1  1.20e-02  0.5605601264  1.408553e-01 0.9208000000000001
1  1.26e-02  0.5605443475  1.408553e-01 0.9208000000000001
1  1.32e-02  0.5605278546  1.408553e-01 0.9208000000000001
1  1.38e-02  0.5605106026  1.408553e-01 0.9208000000000001
1  1.45e-02  0.5604924846  1.408553e-01 0.9208000000000001
1  1.51e-02  0.5604735182  1.408553e-01 0.9208000000000001
1  1.58e-02  0.5604536873  1.408553e-01 0.9208000000000001
1  1.66e-02  0.5604329409  1.408553e-01 0.9208000000000001
1  1.74e-02  0.5604111497  1.408553e-01 0.9208000000000001
1  1.82e-02  0.5603883525  1.408553e-01 0.9208000000000001
1  1.91e-02  0.5603645366  1.408553e-01 0.9208000000000001
1  2.00e-02  0.560339523  1.408553e-01 0.9208000000000001
1  2.09e-02  0.5603133071  1.408553e-01 0.9208000000000001
1  2.19e-02  0.5602858616  1.408553e-01 0.9208000000000001
1  2.29e-02  0.5602571621  1.408553e-01 0.9208000000000001
1  2.40e-02  0.560227096  1.408553e-01 0.9208000000000001
1  2.51e-02  0.56019561  1.408553e-01 0.9208000000000001
1  2.63e-02  0.5601626491  1.408553e-01 0.9208000000000001
1  2.75e-02  0.5601281131  1.408553e-01 0.9208000000000001
1  2.88e-02  0.5600918456  1.408553e-01 0.9208000000000001
1  3.02e-02  0.5600539521  1.408553e-01 0.9208000000000001
1  3.16e-02  0.5600141799  1.408553e-01 0.9208000000000001
1  3.31e-02  0.5599725862  1.408553e-01 0.9208000000000001
1  3.47e-02  0.5599290305  1.408553e-01 0.9208000000000001
1  3.63e-02  0.5598833801  1.408553e-01 0.9208000000000001
1  3.80e-02  0.559835627  1.408553e-01 0.9208000000000001
1  3.98e-02  0.5597856035  1.408553e-01 0.9208000000000001
1  4.17e-02  0.5597332338  1.408553e-01 0.9208000000000001
1  4.37e-02  0.5596781274  1.408553e-01 0.9208000000000001
1  4.57e-02  0.5596206074  1.408553e-01 0.9208000000000001
1  4.79e-02  0.5595604489  1.408553e-01 0.9208000000000001
1  5.01e-02  0.5594973318  1.408553e-01 0.9208000000000001
1  5.25e-02  0.5594311738  1.408553e-01 0.9208000000000001
1  5.50e-02  0.5593617303  1.408553e-01 0.9208000000000001
1  5.75e-02  0.5592890724  1.408553e-01 0.9208000000000001
1  6.03e-02  0.5592130024  1.408553e-01 0.9208000000000001
1  6.31e-02  0.55913349  1.408553e-01 0.9208000000000001
1  6.61e-02  0.5590500048  1.408553e-01 0.9208000000000001
1  6.92e-02  0.55896248  1.408553e-01 0.9208000000000001
1  7.24e-02  0.5588706232  1.408553e-01 0.9208000000000001
1  7.59e-02  0.5587746448  1.408553e-01 0.9208000000000001
1  7.94e-02  0.5586741244  1.408553e-01 0.9208000000000001
1  8.32e-02  0.5585687636  1.408553e-01 0.9208000000000001
1  8.71e-02  0.5584580924  1.408553e-01 0.9208000000000001
1  9.12e-02  0.5583421587  1.408553e-01 0.9208000000000001
1  9.55e-02  0.5582211526  1.408553e-01 0.9208000000000001
1  1.00e-01  0.5580938383  1.408553e-01 0.9208000000000001
1  1.05e-01  0.5579602946  1.408553e-01 0.9208000000000001
1  1.10e-01  0.5578210525  1.408553e-01 0.9208000000000001
1  1.15e-01  0.5576746532  1.408553e-01 0.9208000000000001
1  1.20e-01  0.5575211425  1.408553e-01 0.9208000000000001
1  1.26e-01  0.5573601574  1.408553e-01 0.9208000000000001
1  1.32e-01  0.5571912482  1.408553e-01 0.9208000000000001
1  1.38e-01  0.5570149267  1.408553e-01 0.9208000000000001
1  1.45e-01  0.5568295707  1.408553e-01 0.9208000000000001
1  1.51e-01  0.5566349199  1.408553e-01 0.9208000000000001
1  1.58e-01  0.5564313264  1.408553e-01 0.9208000000000001
1  1.66e-01  0.5562181109  1.408553e-01 0.9208000000000001
1  1.74e-01  0.5559938763  1.408553e-01 0.9208000000000001
1  1.82e-01  0.5557592934  1.408553e-01 0.9208000000000001
1  1.91e-01  0.5555125326  1.408553e-01 0.9208000000000001
1  2.00e-01  0.5552538407  1.408553e-01 0.9208000000000001
1  2.09e-01  0.5549830782  1.408553e-01 0.9208000000000001
1  2.19e-01  0.5546985823  1.408553e-01 0.9208000000000001
1  2.29e-01  0.5544007929  1.408553e-01 0.9208000000000001
1  2.40e-01  0.5540875648  1.408553e-01 0.9208000000000001
1  2.51e-01  0.5537603616  1.408553e-01 0.9208000000000001
1  2.63e-01  0.5534149041  1.408553e-01 0.9208000000000001
1  2.75e-01  0.5530534856  1.408553e-01 0.9208000000000001
1  2.88e-01  0.5526748191  1.408553e-01 0.9208000000000001
1  3.02e-01  0.5522773262  1.408553e-01 0.9208000000000001
1  3.16e-01  0.551858619  1.408553e-01 0.9208000000000001
1  3.31e-01  0.55142094  1.408553e-01 0.9208000000000001
1  3.47e-01  0.550959056  1.408553e-01 0.9208000000000001
1  3.63e-01  0.5504757133  1.408553e-01 0.9208000000000001
1  3.80e-01  0.5499676755  1.408553e-01 0.9208000000000001
1  3.98e-01  0.5494359971  1.408553e-01 0.9208000000000001
1  4.17e-01  0.5488759236  1.408553e-01 0.9208000000000001
1  4.37e-01  0.5482873033  1.408553e-01 0.9208000000000001
1  4.57e-01  0.5476679581  1.408553e-01 0.9208000000000001
1  4.79e-01  0.5470193261  1.408553e-01 0.9208000000000001
1  5.01e-01  0.5463352649  1.408553e-01 0.9208000000000001
1  5.25e-01  0.5456182302  1.408553e-01 0.9208000000000001
1  5.50e-01  0.5448648666  1.408553e-01 0.9208000000000001
1  5.75e-01  0.5440713555  1.408553e-01 0.9208000000000001
1  6.03e-01  0.5432379762  1.408553e-01 0.9208000000000001
1  6.31e-01  0.5423632763  1.408553e-01 0.9208000000000001
1  6.61e-01  0.5414403295  1.408553e-01 0.9208000000000001
1  6.92e-01  0.5404699831  1.408553e-01 0.9208000000000001
1  7.24e-01  0.5394517474  1.408553e-01 0.9208000000000001
1  7.59e-01  0.5383776239  1.408553e-01 0.9208000000000001
1  7.94e-01  0.5372461496  1.408553e-01 0.9208000000000001
1  8.32e-01  0.5360604223  1.408553e-01 0.9208000000000001
1  8.71e-01  0.5348084002  1.408553e-01 0.9208000000000001
1  9.12e-01  0.5334926967  1.408553e-01 0.9208000000000001
1  9.55e-01  0.5321042888  1.408553e-01 0.9208000000000001
1  1.00e+00  0.5306441013  1.408553e-01 0.9208000000000001
1  1.05e+00  0.5291100245  1.408553e-01 0.9208000000000001
1  1.10e+00  0.5274916177  1.408553e-01 0.9208000000000001
1  1.15e+00  0.5257877075  1.408553e-01 0.9208000000000001
1  1.20e+00  0.5239927094  1.408553e-01 0.9208000000000001
1  1.26e+00  0.522101642  1.408553e-01 0.9208000000000001
1  1.32e+00  0.5201091269  1.408553e-01 0.9208000000000001
1  1.38e+00  0.5180134566  1.408553e-01 0.9208000000000001
1  1.45e+00  0.5158090879  1.408553e-01 0.9208000000000001
1  1.51e+00  0.5134875178  1.408553e-01 0.9208000000000001
1  1.58e+00  0.5110368608  1.408553e-01 0.9208000000000001
1  1.66e+00  0.5084673657  1.408553e-01 0.9208000000000001
1  1.74e+00  0.5057574837  1.408553e-01 0.9208000000000001
1  1.82e+00  0.5029151105  1.408553e-01 0.9208000000000001
1  1.91e+00  0.4999211311  1.408553e-01 0.9208000000000001
1  2.00e+00  0.496780283  1.408553e-01 0.9208000000000001
1  2.09e+00  0.4934798774  1.408553e-01 0.9208000000000001
1  2.19e+00  0.4900199829  1.408553e-01 0.9208000000000001
1  2.29e+00  0.4864036924  1.408553e-01 0.9208000000000001
1  2.40e+00  0.4826010848  1.408553e-01 0.9208000000000001
1  2.51e+00  0.4786406499  1.408553e-01 0.9208000000000001
1  2.63e+00  0.4745000199  1.408553e-01 0.9208000000000001
1  2.75e+00  0.4701866254  1.408553e-01 0.9208000000000001
1  2.88e+00  0.4656893646  1.408553e-01 0.9208000000000001
1  3.02e+00  0.4610173839  1.408553e-01 0.9208000000000001
1  3.16e+00  0.4561892663  1.408553e-01 0.9208000000000001
1  3.31e+00  0.4511969271  1.408553e-01 0.9208000000000001
1  3.47e+00  0.4460398198  1.408553e-01 0.9208000000000001
1  3.63e+00  0.4407374548  1.408553e-01 0.9208000000000001
1  3.80e+00  0.4353255536  1.408553e-01 0.9208000000000001
1  3.98e+00  0.429791889  1.408553e-01 0.9208000000000001
1  4.17e+00  0.4241337199  1.408553e-01 0.9208000000000001
1  4.37e+00  0.4184343557  1.408553e-01 0.9208000000000001
1  4.57e+00  0.412660095  1.408553e-01 0.9208000000000001
1  4.79e+00  0.4068890997  1.408553e-01 0.9208000000000001
1  5.01e+00  0.4010895108  1.408553e-01 0.9208000000000001
1  5.25e+00  0.3953317082  1.408553e-01 0.9208000000000001
1  5.50e+00  0.389641025  1.408553e-01 0.9208000000000001
1  5.75e+00  0.3840095844  1.408553e-01 0.9208000000000001
1  6.03e+00  0.3784961343  1.408553e-01 0.9208000000000001
1  6.31e+00  0.3731242006  1.408553e-01 0.9208000000000001
1  6.61e+00  0.36791633  1.408553e-01 0.9208000000000001
1  6.92e+00  0.3628916002  1.408553e-01 0.9208000000000001
1  7.24e+00  0.3580574129  1.408553e-01 0.9208000000000001
1  7.59e+00  0.3534483117  1.408553e-01 0.9208000000000001
1  7.94e+00  0.3490326144  1.408553e-01 0.9208000000000001
1  8.32e+00  0.3448599102  1.408553e-01 0.9208000000000001
1  8.71e+00  0.3409276931  1.408553e-01 0.9208000000000001
1  9.12e+00  0.3372557746  1.408553e-01 0.9208000000000001
1  9.55e+00  0.333786151  1.408553e-01 0.9208000000000001
1  1.00e+01  0.3305457818  1.408553e-01 0.9208000000000001
1  1.05e+01  0.3275423711  1.408553e-01 0.9208000000000001
1  1.10e+01  0.3247612397  1.408553e-01 0.9208000000000001
1  1.15e+01  0.3221815773  1.408553e-01 0.9208000000000001
1  1.20e+01  0.3198001982  1.408553e-01 0.9208000000000001
1  1.26e+01  0.317566776  1.408553e-01 0.9208000000000001
1  1.32e+01  0.3155379883  1.408553e-01 0.9208000000000001
1  1.38e+01  0.3136920741  1.408553e-01 0.9208000000000001
1  1.45e+01  0.3120017109  1.408553e-01 0.9208000000000001
1  1.51e+01  0.3104173065  1.408553e-01 0.9208000000000001
1  1.58e+01  0.3089819299  1.408553e-01 0.9208000000000001
1  1.66e+01  0.3076600324  1.408553e-01 0.9208000000000001
1  1.74e+01  0.3064463299  1.408553e-01 0.9208000000000001
1  1.82e+01  0.3053595378  1.408553e-01 0.9208000000000001
1  1.91e+01  0.3043184107  1.408553e-01 0.9208000000000001
1  2.00e+01  0.3033992135  1.408553e-01 0.9208000000000001
1  2.09e+01  0.3025469213  1.408553e-01 0.9208000000000001
1  2.19e+01  0.3017283953  1.408553e-01 0.9208000000000001
1  2.29e+01  0.3010206481  1.408553e-01 0.9208000000000001
1  2.40e+01  0.3003411279  1.408553e-01 0.9208000000000001
1  2.51e+01  0.2997051028  1.408553e-01 0.9208000000000001
1  2.63e+01  0.2991187962  1.408553e-01 0.9208000000000001
1  2.75e+01  0.2985717818  1.408553e-01 0.9208000000000001
1  2.88e+01  0.2980525189  1.408553e-01 0.9208000000000001
1  3.02e+01  0.2975438337  1.408553e-01 0.9208000000000001
1  3.16e+01  0.2970770037  1.408553e-01 0.9208000000000001
1  3.31e+01  0.2966327655  1.408553e-01 0.9208000000000001
1  3.47e+01  0.2962001552  1.408553e-01 0.9208000000000001
1  3.63e+01  0.2957927674  1.408553e-01 0.9208000000000001
1  3.80e+01  0.2954002696  1.408553e-01 0.9208000000000001
1  3.98e+01  0.2949932033  1.408553e-01 0.9208000000000001
1  4.17e+01  0.2945815281  1.408553e-01 0.9208000000000001
1  4.37e+01  0.2941773086  1.408553e-01 0.9208000000000001
1  4.57e+01  0.2937796169  1.408553e-01 0.9208000000000001
1  4.79e+01  0.2933549003  1.408553e-01 0.9208000000000001
1  5.01e+01  0.2929259724  1.408553e-01 0.9208000000000001
1  5.25e+01  0.2924666828  1.408553e-01 0.9208000000000001
1  5.50e+01  0.2920059299  1.408553e-01 0.9208000000000001
1  5.75e+01  0.2914776617  1.408553e-01 0.9208000000000001
1  6.03e+01  0.2909388209  1.408553e-01 0.9208000000000001
1  6.31e+01  0.2903808821  1.408553e-01 0.9208000000000001
1  6.61e+01  0.2897400284  1.408553e-01 0.9208000000000001
1  6.92e+01  0.2890537784  1.408553e-01 0.9208000000000001
1  7.24e+01  0.2882925752  1.408553e-01 0.9208000000000001
1  7.59e+01  0.2874200253  1.408553e-01 0.9208000000000001
1  7.94e+01  0.2864681201  1.408553e-01 0.9208000000000001
1  8.32e+01  0.2854065354  1.408553e-01 0.9208000000000001
1  8.71e+01  0.2841807984  1.408553e-01 0.9208000000000001
1  9.12e+01  0.2827685591  1.408553e-01 0.9208000000000001
1  9.55e+01  0.2811265203  1.408553e-01 0.9208000000000001
1  1.00e+02  0.2792170741  1.408553e-01 0.9208000000000001
1  1.05e+02  0.2769862891  1.408553e-01 0.9208000000000001
1  1.10e+02  0.2743294919  1.408553e-01 0.9208000000000001
1  1.15e+02  0.2711369169  1.408553e-01 0.9208000000000001
1  1.20e+02  0.2672570139  1.408553e-01 0.9208000000000001
1  1.26e+02  0.2625158096  1.408553e-01 0.9208000000000001
1  1.32e+02  0.2566348939  1.408553e-01 0.9208000000000001
1  1.38e+02  0.2493610146  1.408553e-01 0.9208000000000001
1  1.45e+02  0.2402270678  1.408553e-01 0.9208000000000001
1  1.51e+02  0.2288335937  1.408553e-01 0.9208000000000001
1  1.58e+02  0.2147411477  1.408553e-01 0.9208000000000001
1  1.66e+02  0.1976736501  1.408553e-01 0.9208000000000001
1  1.74e+02  0.1777642843  1.408553e-01 0.9208000000000001
1  1.82e+02  0.1557990239  1.408553e-01 0.9208000000000001
1  1.91e+02  0.1332176725  1.408553e-01 0.9208000000000001
1  2.00e+02  0.1117546944  1.408553e-01 0.9208000000000001
1  2.09e+02  0.09278315362  1.408553e-01 0.9208000000000001
1  2.19e+02  0.07703058934  1.408553e-01 0.9208000000000001
1  2.29e+02  0.06448199341  1.408553e-01 0.9208000000000001
1  2.40e+02  0.05475637298  1.408553e-01 0.9208000000000001
1  2.51e+02  0.04730672303  1.408553e-01 0.9208000000000001
1  2.63e+02  0.04162516356  1.408553e-01 0.9208000000000001
1  2.75e+02  0.03727168175  1.408553e-01 0.9208000000000001
1  2.88e+02  0.03391720039  1.408553e-01 0.9208000000000001
1  3.02e+02  0.03130460682  1.408553e-01 0.9208000000000001
1  3.16e+02  0.02926005521  1.408553e-01 0.9208000000000001
1  3.31e+02  0.02764271712  1.408553e-01 0.9208000000000001
1  3.47e+02  0.02634648006  1.408553e-01 0.9208000000000001
1  3.63e+02  0.025301204  1.408553e-01 0.9208000000000001
1  3.80e+02  0.02445379405  1.408553e-01 0.9208000000000001
1  3.98e+02  0.02375945908  1.408553e-01 0.9208000000000001
1  4.17e+02  0.0231867464  1.408553e-01 0.9208000000000001
1  4.37e+02  0.02270898047  1.408553e-01 0.9208000000000001
1  4.57e+02  0.02230981966  1.408553e-01 0.9208000000000001
1  4.79e+02  0.02197557685  1.408553e-01 0.9208000000000001
1  5.01e+02  0.02169249801  1.408553e-01 0.9208000000000001
1  5.25e+02  0.02145314147  1.408553e-01 0.9208000000000001
1  5.50e+02  0.02124924109  1.408553e-01 0.9208000000000001
1  5.75e+02  0.02107404306  1.408553e-01 0.9208000000000001
1  6.03e+02  0.02092292148  1.408553e-01 0.9208000000000001
1  6.31e+02  0.02079191793  1.408553e-01 0.9208000000000001
1  6.61e+02  0.02067848874  1.408553e-01 0.9208000000000001
1  6.92e+02  0.0205800305  1.408553e-01 0.9208000000000001
1  7.24e+02  0.0204955546  1.408553e-01 0.9208000000000001
1  7.59e+02  0.02042157966  1.408553e-01 0.9208000000000001
1  7.94e+02  0.02035558163  1.408553e-01 0.9208000000000001
1  8.32e+02  0.0202996874  1.408553e-01 0.9208000000000001
1  8.71e+02  0.02024919737  1.408553e-01 0.9208000000000001
1  9.12e+02  0.02020382206  1.408553e-01 0.9208000000000001
1  9.55e+02  0.02016601023  1.408553e-01 0.9208000000000001
1  1.00e+03  0.02013092403  1.408553e-01 0.9208000000000001
1  1.05e+03  0.02009985141  1.408553e-01 0.9208000000000001
1  1.10e+03  0.02007261016  1.408553e-01 0.9208000000000001
1  1.15e+03  0.02004899602  1.408553e-01 0.9208000000000001
1  1.20e+03  0.02002812277  1.408553e-01 0.9208000000000001
1  1.26e+03  0.02000880115  1.408553e-01 0.9208000000000001
1  1.32e+03  0.01999135833  1.408553e-01 0.9208000000000001
1  1.38e+03  0.01997716171  1.408553e-01 0.9208000000000001
1  1.45e+03  0.01996291701  1.408553e-01 0.9208000000000001
1  1.51e+03  0.01995080518  1.408553e-01 0.9208000000000001
1  1.58e+03  0.01993927051  1.408553e-01 0.9208000000000001
1  1.66e+03  0.01992980596  1.408553e-01 0.9208000000000001
1  1.74e+03  0.01992066382  1.408553e-01 0.9208000000000001
1  1.82e+03  0.01991419053  1.408553e-01 0.9208000000000001
1  1.91e+03  0.01990637168  1.408553e-01 0.9208000000000001
1  2.00e+03  0.01990041793  1.408553e-01 0.9208000000000001
1  2.09e+03  0.01989441878  1.408553e-01 0.9208000000000001
1  2.19e+03  0.01988883775  1.408553e-01 0.9208000000000001
1  2.29e+03  0.019885343  1.408553e-01 0.9208000000000001
1  2.40e+03  0.01988077704  1.408553e-01 0.9208000000000001
1  2.51e+03  0.01987625597  1.408553e-01 0.9208000000000001
1  2.63e+03  0.01987284375  1.408553e-01 0.9208000000000001
1  2.75e+03  0.01986982381  1.408553e-01 0.9208000000000001
1  2.88e+03  0.01986714607  1.408553e-01 0.9208000000000001
1  3.02e+03  0.01986635196  1.408553e-01 0.9208000000000001
1  3.16e+03  0.01986295769  1.408553e-01 0.9208000000000001
1  3.31e+03  0.0198628534  1.408553e-01 0.9208000000000001
1  3.47e+03  0.01985806325  1.408553e-01 0.9208000000000001
1  3.63e+03  0.01986002904  1.408553e-01 0.9208000000000001
1  3.80e+03  0.01985574441  1.408553e-01 0.9208000000000001
1  3.98e+03  0.019851302  1.408553e-01 0.9208000000000001
1  4.17e+03  0.01984512801  1.408553e-01 0.9208000000000001
1  4.37e+03  0.01984639939  1.408553e-01 0.9208000000000001
1  4.57e+03  0.01984331022  1.408553e-01 0.9208000000000001
1  4.79e+03  0.01984099038  1.408553e-01 0.9208000000000001
1  5.01e+03  0.01984259442  1.408553e-01 0.9208000000000001
1  5.25e+03  0.01986366242  1.408553e-01 0.9208000000000001
1  5.50e+03  0.01990060693  1.408553e-01 0.9208000000000001
1  5.75e+03  0.01988086958  1.408553e-01 0.9208000000000001
1  6.03e+03  0.01988226282  1.408553e-01 0.9208000000000001
1  6.31e+03  0.01997467448  1.408553e-01 0.9208000000000001
1  6.61e+03  0.01993116854  1.408553e-01 0.9208000000000001
1  6.92e+03  0.02007728246  1.408553e-01 0.9208000000000001
1  7.24e+03  0.02003602618  1.408553e-01 0.9208000000000001
1  7.59e+03  0.02025804103  1.408553e-01 0.9208000000000001
1  7.94e+03  0.02032919731  1.408553e-01 0.9208000000000001
1  8.32e+03  0.02042138805  1.408553e-01 0.9208000000000001
1  8.71e+03  0.02075335868  1.408553e-01 0.9208000000000001
1  9.12e+03  0.02106637133  1.408553e-01 0.9208000000000001
1  9.55e+03  0.02131041187  1.408553e-01 0.9208000000000001
1  1.00e+04  0.02166081763  1.408553e-01 0.9208000000000001
1  1.05e+04  0.02215218777  1.408553e-01 0.9208000000000001
1  1.10e+04  0.02284743017  1.408553e-01 0.9208000000000001
1  1.15e+04  0.02365839598  1.408553e-01 0.9208000000000001
1  1.20e+04  0.02468158702  1.408553e-01 0.9208000000000001
1  1.26e+04  0.02572647846  1.408553e-01 0.9208000000000001
1  1.32e+04  0.02699251468  1.408553e-01 0.9208000000000001
1  1.38e+04  0.0286225416  1.408553e-01 0.9208000000000001
1  1.45e+04  0.03067104853  1.408553e-01 0.9208000000000001
1  1.51e+04  0.03304910702  1.408553e-01 0.9208000000000001
1  1.58e+04  0.03548595394  1.408553e-01 0.9208000000000001
1  1.66e+04  0.03791199535  1.408553e-01 0.9208000000000001
1  1.74e+04  0.04067304285  1.408553e-01 0.9208000000000001
1  1.82e+04  0.04414532865  1.408553e-01 0.9208000000000001
1  1.91e+04  0.04803529911  1.408553e-01 0.9208000000000001
1  2.00e+04  0.05193947007  1.408553e-01 0.9208000000000001
1  2.09e+04  0.05669014144  1.408553e-01 0.9208000000000001
1  2.19e+04  0.06129487223  1.408553e-01 0.9208000000000001
1  2.29e+04  0.0662621652  1.408553e-01 0.9208000000000001
1  2.40e+04  0.07255440603  1.408553e-01 0.9208000000000001
1  2.51e+04  0.07743932173  1.408553e-01 0.9208000000000001
1  2.63e+04  0.08489037267  1.408553e-01 0.9208000000000001
1  2.75e+04  0.09031963067  1.408553e-01 0.9208000000000001
1  2.88e+04  0.09849148377  1.408553e-01 0.9208000000000001
1  3.02e+04  0.1045934141  1.408553e-01 0.9208000000000001
1  3.16e+04  0.1131497635  1.408553e-01 0.9208000000000001
1  3.31e+04  0.1205239671  1.408553e-01 0.9208000000000001
1  3.47e+04  0.1283307338  1.408553e-01 0.9208000000000001
1  3.63e+04  0.1376653016  1.408553e-01 0.9208000000000001
1  3.80e+04  0.1454270639  1.408553e-01 0.9208000000000001
1  3.98e+04  0.1536905637  1.408553e-01 0.9208000000000001
1  4.17e+04  0.1642675421  1.408553e-01 0.9208000000000001
1  4.37e+04  0.1726106407  1.408553e-01 0.9208000000000001
1  4.57e+04  0.1800942879  1.408553e-01 0.9208000000000001
1  4.79e+04  0.1911329445  1.408553e-01 0.9208000000000001
1  5.01e+04  0.2018172787  1.408553e-01 0.9208000000000001
1  5.25e+04  0.2092420064  1.408553e-01 0.9208000000000001
1  5.50e+04  0.2172922068  1.408553e-01 0.9208000000000001
1  5.75e+04  0.2280761469  1.408553e-01 0.9208000000000001
1  6.03e+04  0.2392178364  1.408553e-01 0.9208000000000001
1  6.31e+04  0.2486810411  1.408553e-01 0.9208000000000001
1  6.61e+04  0.2566298606  1.408553e-01 0.9208000000000001
1  6.92e+04  0.2642955928  1.408553e-01 0.9208000000000001
1  7.24e+04  0.27300289  1.408553e-01 0.9208000000000001
1  7.59e+04  0.283304211  1.408553e-01 0.9208000000000001
1  7.94e+04  0.2943375117  1.408553e-01 0.9208000000000001
1  8.32e+04  0.3044910145  1.408553e-01 0.9208000000000001
1  8.71e+04  0.3128238389  1.408553e-01 0.9208000000000001
1  9.12e+04  0.3196738871  1.408553e-01 0.9208000000000001
1  9.55e+04  0.3261087875  1.408553e-01 0.9208000000000001
1  1.00e+05  0.3330577233  1.408553e-01 0.9208000000000001
1  1.05e+05  0.3408864981  1.408553e-01 0.9208000000000001
1  1.10e+05  0.3494894725  1.408553e-01 0.9208000000000001
1  1.15e+05  0.3585483573  1.408553e-01 0.9208000000000001
1  1.20e+05  0.3676942596  1.408553e-01 0.9208000000000001
1  1.26e+05  0.3765650384  1.408553e-01 0.9208000000000001
1  1.32e+05  0.3848458387  1.408553e-01 0.9208000000000001
1  1.38e+05  0.3923240578  1.408553e-01 0.9208000000000001
1  1.45e+05  0.3989305719  1.408553e-01 0.9208000000000001
1  1.51e+05  0.4047390027  1.408553e-01 0.9208000000000001
1  1.58e+05  0.4099243246  1.408553e-01 0.9208000000000001
1  1.66e+05  0.4147031281  1.408553e-01 0.9208000000000001
1  1.74e+05  0.419279828  1.408553e-01 0.9208000000000001
1  1.82e+05  0.4238131972  1.408553e-01 0.9208000000000001
1  1.91e+05  0.42840547  1.408553e-01 0.9208000000000001
1  2.00e+05  0.4331079309  1.408553e-01 0.9208000000000001
1  2.09e+05  0.4379341647  1.408553e-01 0.9208000000000001
1  2.19e+05  0.4428737542  1.408553e-01 0.9208000000000001
1  2.29e+05  0.4479026567  1.408553e-01 0.9208000000000001
1  2.40e+05  0.4529896005  1.408553e-01 0.9208000000000001
1  2.51e+05  0.4580995658  1.408553e-01 0.9208000000000001
1  2.63e+05  0.4631957948  1.408553e-01 0.9208000000000001
1  2.75e+05  0.4682413652  1.408553e-01 0.9208000000000001
1  2.88e+05  0.473200759  1.408553e-01 0.9208000000000001
1  3.02e+05  0.4780414115  1.408553e-01 0.9208000000000001
1  3.16e+05  0.4827350353  1.408553e-01 0.9208000000000001
1  3.31e+05  0.487258527  1.408553e-01 0.9208000000000001
1  3.47e+05  0.4915943691  1.408553e-01 0.9208000000000001
1  3.63e+05  0.4957305541  1.408553e-01 0.9208000000000001
1  3.80e+05  0.4996601389  1.408553e-01 0.9208000000000001
1  3.98e+05  0.5033805654  1.408553e-01 0.9208000000000001
1  4.17e+05  0.5068928774  1.408553e-01 0.9208000000000001
1  4.37e+05  0.5102009361  1.408553e-01 0.9208000000000001
1  4.57e+05  0.5133107015  1.408553e-01 0.9208000000000001
1  4.79e+05  0.516229614  1.408553e-01 0.9208000000000001
1  5.01e+05  0.5189660884  1.408553e-01 0.9208000000000001
1  5.25e+05  0.521529116  1.408553e-01 0.9208000000000001
1  5.50e+05  0.5239279607  1.408553e-01 0.9208000000000001
1  5.75e+05  0.5261719336  1.408553e-01 0.9208000000000001
1  6.03e+05  0.52827023  1.408553e-01 0.9208000000000001
1  6.31e+05  0.5302318148  1.408553e-01 0.9208000000000001
1  6.61e+05  0.5320653426  1.408553e-01 0.9208000000000001
1  6.92e+05  0.5337791063  1.408553e-01 0.9208000000000001
1  7.24e+05  0.5353810046  1.408553e-01 0.9208000000000001
1  7.59e+05  0.5368785242  1.408553e-01 0.9208000000000001
1  7.94e+05  0.5382787327  1.408553e-01 0.9208000000000001
1  8.32e+05  0.5395882799  1.408553e-01 0.9208000000000001
1  8.71e+05  0.5408134043  1.408553e-01 0.9208000000000001
1  9.12e+05  0.5419599444  1.408553e-01 0.9208000000000001
1  9.55e+05  0.5430333529  1.408553e-01 0.9208000000000001
1  1.00e+06  0.544038713  1.408553e-01 0.9208000000000001
1  1.05e+06  0.5449807562  1.408553e-01 0.9208000000000001
1  1.10e+06  0.5458638812  1.408553e-01 0.9208000000000001
1  1.15e+06  0.5466921728  1.408553e-01 0.9208000000000001
1  1.20e+06  0.5474694212  1.408553e-01 0.9208000000000001
1  1.26e+06  0.5481991405  1.408553e-01 0.9208000000000001
1  1.32e+06  0.5488845878  1.408553e-01 0.9208000000000001
1  1.38e+06  0.5495287803  1.408553e-01 0.9208000000000001
1  1.45e+06  0.5501345126  1.408553e-01 0.9208000000000001
1  1.51e+06  0.5507043729  1.408553e-01 0.9208000000000001
1  1.58e+06  0.5512407582  1.408553e-01 0.9208000000000001
1  1.66e+06  0.5517458887  1.408553e-01 0.9208000000000001
1  1.74e+06  0.5522218211  1.408553e-01 0.9208000000000001
1  1.82e+06  0.5526704615  1.408553e-01 0.9208000000000001
1  1.91e+06  0.5530935795  1.408553e-01 0.9208000000000001
1  2.00e+06  0.5534928101  1.408553e-01 0.9208000000000001
1  2.09e+06  0.5538696734  1.408553e-01 0.9208000000000001
1  2.19e+06  0.5542255802  1.408553e-01 0.9208000000000001
1  2.29e+06  0.5545618413  1.408553e-01 0.9208000000000001
1  2.40e+06  0.5548796742  1.408553e-01 0.9208000000000001
1  2.51e+06  0.5551802109  1.408553e-01 0.9208000000000001
1  2.63e+06  0.5554645046  1.408553e-01 0.9208000000000001
1  2.75e+06  0.555733536  1.408553e-01 0.9208000000000001
1  2.88e+06  0.5559882183  1.408553e-01 0.9208000000000001
1  3.02e+06  0.5562294028  1.408553e-01 0.9208000000000001
1  3.16e+06  0.5564578831  1.408553e-01 0.9208000000000001
1  3.31e+06  0.5566744007  1.408553e-01 0.9208000000000001
1  3.47e+06  0.5568796474  1.408553e-01 0.9208000000000001
1  3.63e+06  0.5570742697  1.408553e-01 0.9208000000000001
1  3.80e+06  0.5572588725  1.408553e-01 0.9208000000000001
1  3.98e+06  0.5574340217  1.408553e-01 0.9208000000000001
1  4.17e+06  0.5576002469  1.408553e-01 0.9208000000000001
1  4.37e+06  0.5577580444  1.408553e-01 0.9208000000000001
1  4.57e+06  0.5579078797  1.408553e-01 0.9208000000000001
1  4.79e+06  0.5580501892  1.408553e-01 0.9208000000000001
1  5.01e+06  0.5581853825  1.408553e-01 0.9208000000000001
1  5.25e+06  0.5583138443  1.408553e-01 0.9208000000000001
1  5.50e+06  0.5584359361  1.408553e-01 0.9208000000000001
1  5.75e+06  0.5585519979  1.408553e-01 0.9208000000000001
1  6.03e+06  0.5586623493  1.408553e-01 0.9208000000000001
1  6.31e+06  0.5587672912  1.408553e-01 0.9208000000000001
1  6.61e+06  0.5588671072  1.408553e-01 0.9208000000000001
1  6.92e+06  0.5589620641  1.408553e-01 0.9208000000000001
1  7.24e+06  0.5590524136  1.408553e-01 0.9208000000000001
1  7.59e+06  0.5591383931  1.408553e-01 0.9208000000000001
1  7.94e+06  0.5592202267  1.408553e-01 0.9208000000000001
1  8.32e+06  0.5592981256  1.408553e-01 0.9208000000000001
1  8.71e+06  0.5593722895  1.408553e-01 0.9208000000000001
1  9.12e+06  0.559442907  1.408553e-01 0.9208000000000001
1  9.55e+06  0.5595101565  1.408553e-01 0.9208000000000001
1  1.00e+07  0.5595742065  1.408553e-01 0.9208000000000001
