1  1.00e-03  0.5604099744  1.434252e-01 0.9376
1  1.05e-03  0.5604087635  1.434252e-01 0.9376
1  1.10e-03  0.5604073156  1.434252e-01 0.9376
1  1.15e-03  0.5604059951  1.434252e-01 0.9376
1  1.20e-03  0.5604044304  1.434252e-01 0.9376
1  1.26e-03  0.5604029106  1.434252e-01 0.9376
1  1.32e-03  0.5604011805  1.434252e-01 0.9376
1  1.38e-03  0.5603994108  1.434252e-01 0.9376
1  1.45e-03  0.5603976084  1.434252e-01 0.9376
1  1.51e-03  0.5603958398  1.434252e-01 0.9376
1  1.58e-03  0.560393752  1.434252e-01 0.9376
1  1.66e-03  0.5603917424  1.434252e-01 0.9376
1  1.74e-03  0.5603895879  1.434252e-01 0.9376
1  1.82e-03  0.5603872941  1.434252e-01 0.9376
1  1.91e-03  0.5603849313  1.434252e-01 0.9376
1  2.00e-03  0.560382414  1.434252e-01 0.9376
1  2.09e-03  0.5603797544  1.434252e-01 0.9376
1  2.19e-03  0.5603770446  1.434252e-01 0.9376
1  2.29e-03  0.5603742263  1.434252e-01 0.9376
1  2.40e-03  0.5603712707  1.434252e-01 0.9376
1  2.51e-03  0.5603680693  1.434252e-01 0.9376
1  2.63e-03  0.5603648185  1.434252e-01 0.9376
1  2.75e-03  0.5603613647  1.434252e-01 0.9376
1  2.88e-03  0.5603577785  1.434252e-01 0.9376
1  3.02e-03  0.5603539942  1.434252e-01 0.9376
1  3.16e-03  0.5603500891  1.434252e-01 0.9376
1  3.31e-03  0.5603459191  1.434252e-01 0.9376
1  3.47e-03  0.5603415968  1.434252e-01 0.9376
1  3.63e-03  0.560337078  1.434252e-01 0.9376
1  3.80e-03  0.5603323512  1.434252e-01 0.9376
1  3.98e-03  0.5603273668  1.434252e-01 0.9376
1  4.17e-03  0.5603221769  1.434252e-01 0.9376
1  4.37e-03  0.5603167457  1.434252e-01 0.9376
1  4.57e-03  0.5603110278  1.434252e-01 0.9376
1  4.79e-03  0.5603050409  1.434252e-01 0.9376
1  5.01e-03  0.5602987944  1.434252e-01 0.9376
1  5.25e-03  0.560292258  1.434252e-01 0.9376
1  5.50e-03  0.5602853888  1.434252e-01 0.9376
1  5.75e-03  0.5602782081  1.434252e-01 0.9376
1  6.03e-03  0.5602706946  1.434252e-01 0.9376
1  6.31e-03  0.5602627998  1.434252e-01 0.9376
1  6.61e-03  0.5602545585  1.434252e-01 0.9376
1  6.92e-03  0.5602459311  1.434252e-01 0.9376
1  7.24e-03  0.5602368885  1.434252e-01 0.9376
1  7.59e-03  0.5602273965  1.434252e-01 0.9376
1  7.94e-03  0.5602174851  1.434252e-01 0.9376
1  8.32e-03  0.5602070948  1.434252e-01 0.9376
1  8.71e-03  0.5601961947  1.434252e-01 0.9376
1  9.12e-03  0.5601848306  1.434252e-01 0.9376
1  9.55e-03  0.5601729073  1.434252e-01 0.9376
1  1.00e-02  0.5601603751  1.434252e-01 0.9376
1  1.05e-02  0.5601473304  1.434252e-01 0.9376
1  1.10e-02  0.5601336076  1.434252e-01 0.9376
1  1.15e-02  0.5601192801  1.434252e-01 0.9376
1  1.20e-02  0.5601042525  1.434252e-01 0.9376
1  1.26e-02  0.5600884707  1.434252e-01 0.9376
1  1.32e-02  0.5600720205  1.434252e-01 0.9376
1  1.38e-02  0.5600547767  1.434252e-01 0.9376
1  1.45e-02  0.5600366799  1.434252e-01 0.9376
1  1.51e-02  0.5600177224  1.434252e-01 0.9376
1  1.58e-02  0.5599979128  1.434252e-01 0.9376
1  1.66e-02  0.5599771796  1.434252e-01 0.9376
1  1.74e-02  0.5599553745  1.434252e-01 0.9376
1  1.82e-02  0.5599326313  1.434252e-01 0.9376
1  1.91e-02  0.5599087924  1.434252e-01 0.9376
1  2.00e-02  0.5598838372  1.434252e-01 0.9376
1  2.09e-02  0.5598576032  1.434252e-01 0.9376
1  2.19e-02  0.5598302081  1.434252e-01 0.9376
1  2.29e-02  0.5598015027  1.434252e-01 0.9376
1  2.40e-02  0.5597715084  1.434252e-01 0.9376
1  2.51e-02  0.5597399853  1.434252e-01 0.9376
1  2.63e-02  0.5597070512  1.434252e-01 0.9376
1  2.75e-02  0.5596725621  1.434252e-01 0.9376
1  2.88e-02  0.5596363684  1.434252e-01 0.9376
1  3.02e-02  0.5595984312  1.434252e-01 0.9376
1  3.16e-02  0.5595587511  1.434252e-01 0.9376
1  3.31e-02  0.559517162  1.434252e-01 0.9376
1  3.47e-02  0.5594736266  1.434252e-01 0.9376
1  3.63e-02  0.5594280398  1.434252e-01 0.9376
1  3.80e-02  0.5593802755  1.434252e-01 0.9376
1  3.98e-02  0.5593303727  1.434252e-01 0.9376
1  4.17e-02  0.5592779717  1.434252e-01 0.9376
1  4.37e-02  0.559222929  1.434252e-01 0.9376
1  4.57e-02  0.5591654255  1.434252e-01 0.9376
1  4.79e-02  0.5591052934  1.434252e-01 0.9376
1  5.01e-02  0.5590422661  1.434252e-01 0.9376
1  5.25e-02  0.5589761777  1.434252e-01 0.9376
1  5.50e-02  0.5589068525  1.434252e-01 0.9376
1  5.75e-02  0.5588342476  1.434252e-01 0.9376
1  6.03e-02  0.5587582405  1.434252e-01 0.9376
1  6.31e-02  0.5586786537  1.434252e-01 0.9376
1  6.61e-02  0.5585953272  1.434252e-01 0.9376
1  6.92e-02  0.5585077607  1.434252e-01 0.9376
1  7.24e-02  0.5584160315  1.434252e-01 0.9376
1  7.59e-02  0.5583200829  1.434252e-01 0.9376
1  7.94e-02  0.558219794  1.434252e-01 0.9376
1  8.32e-02  0.5581144652  1.434252e-01 0.9376
1  8.71e-02  0.5580039597  1.434252e-01 0.9376
1  9.12e-02  0.5578879793  1.434252e-01 0.9376
1  9.55e-02  0.5577670161  1.434252e-01 0.9376
1  1.00e-01  0.557639996  1.434252e-01 0.9376
1  1.05e-01  0.5575064798  1.434252e-01 0.9376
1  1.10e-01  0.5573672529  1.434252e-01 0.9376
1  1.15e-01  0.5572209719  1.434252e-01 0.9376
1  1.20e-01  0.5570677026  1.434252e-01 0.9376
1  1.26e-01  0.5569069154  1.434252e-01 0.9376
1  1.32e-01  0.5567381432  1.434252e-01 0.9376
1  1.38e-01  0.5565618851  1.434252e-01 0.9376
1  1.45e-01  0.5563767152  1.434252e-01 0.9376
1  1.51e-01  0.5561819956  1.434252e-01 0.9376
1  1.58e-01  0.5559788823  1.434252e-01 0.9376
1  1.66e-01  0.5557655419  1.434252e-01 0.9376
1  1.74e-01  0.5555417734  1.434252e-01 0.9376
1  1.82e-01  0.5553071079  1.434252e-01 0.9376
1  1.91e-01  0.5550604188  1.434252e-01 0.9376
1  2.00e-01  0.5548022948  1.434252e-01 0.9376
1  2.09e-01  0.5545314166  1.434252e-01 0.9376
1  2.19e-01  0.5542473513  1.434252e-01 0.9376
1  2.29e-01  0.5539495342  1.434252e-01 0.9376
1  2.40e-01  0.5536368001  1.434252e-01 0.9376
1  2.51e-01  0.5533097215  1.434252e-01 0.9376
1  2.63e-01  0.5529647448  1.434252e-01 0.9376
1  2.75e-01  0.552603707  1.434252e-01 0.9376
1  2.88e-01  0.5522248834  1.434252e-01 0.9376
1  3.02e-01  0.5518278092  1.434252e-01 0.9376
1  3.16e-01  0.5514100699  1.434252e-01 0.9376
1  3.31e-01  0.5509721376  1.434252e-01 0.9376
1  3.47e-01  0.5505108468  1.434252e-01 0.9376
1  3.63e-01  0.5500276916  1.434252e-01 0.9376
1  3.80e-01  0.5495205917  1.434252e-01 0.9376
1  3.98e-01  0.54898888  1.434252e-01 0.9376
1  4.17e-01  0.5484293662  1.434252e-01 0.9376
1  4.37e-01  0.5478415971  1.434252e-01 0.9376
1  4.57e-01  0.5472221553  1.434252e-01 0.9376
1  4.79e-01  0.5465738885  1.434252e-01 0.9376
1  5.01e-01  0.5458909563  1.434252e-01 0.9376
1  5.25e-01  0.5451741627  1.434252e-01 0.9376
1  5.50e-01  0.5444211955  1.434252e-01 0.9376
1  5.75e-01  0.5436296395  1.434252e-01 0.9376
1  6.03e-01  0.5427957818  1.434252e-01 0.9376
1  6.31e-01  0.5419221037  1.434252e-01 0.9376
1  6.61e-01  0.541000926  1.434252e-01 0.9376
1  6.92e-01  0.5400315369  1.434252e-01 0.9376
1  7.24e-01  0.5390129628  1.434252e-01 0.9376
1  7.59e-01  0.5379393799  1.434252e-01 0.9376
1  7.94e-01  0.536810442  1.434252e-01 0.9376
1  8.32e-01  0.5356254399  1.434252e-01 0.9376
1  8.71e-01  0.5343750232  1.434252e-01 0.9376
1  9.12e-01  0.5330589235  1.434252e-01 0.9376
1  9.55e-01  0.5316735339  1.434252e-01 0.9376
1  1.00e+00  0.5302146772  1.434252e-01 0.9376
1  1.05e+00  0.5286801588  1.434252e-01 0.9376
1  1.10e+00  0.5270631616  1.434252e-01 0.9376
1  1.15e+00  0.5253615585  1.434252e-01 0.9376
1  1.20e+00  0.5235674242  1.434252e-01 0.9376
1  1.26e+00  0.5216798439  1.434252e-01 0.9376
1  1.32e+00  0.5196895399  1.434252e-01 0.9376
1  1.38e+00  0.5175932183  1.434252e-01 0.9376
1  1.45e+00  0.5153908068  1.434252e-01 0.9376
1  1.51e+00  0.5130721298  1.434252e-01 0.9376
1  1.58e+00  0.5106255462  1.434252e-01 0.9376
1  1.66e+00  0.508057327  1.434252e-01 0.9376
1  1.74e+00  0.5053486179  1.434252e-01 0.9376
1  1.82e+00  0.5025082628  1.434252e-01 0.9376
1  1.91e+00  0.4995173075  1.434252e-01 0.9376
1  2.00e+00  0.496382054  1.434252e-01 0.9376
1  2.09e+00  0.4930822685  1.434252e-01 0.9376
1  2.19e+00  0.4896263822  1.434252e-01 0.9376
1  2.29e+00  0.4860114429  1.434252e-01 0.9376
1  2.40e+00  0.4822136657  1.434252e-01 0.9376
1  2.51e+00  0.4782578195  1.434252e-01 0.9376
1  2.63e+00  0.47411731  1.434252e-01 0.9376
1  2.75e+00  0.4698077205  1.434252e-01 0.9376
1  2.88e+00  0.4653164058  1.434252e-01 0.9376
1  3.02e+00  0.4606463987  1.434252e-01 0.9376
1  3.16e+00  0.4558226957  1.434252e-01 0.9376
1  3.31e+00  0.4508331473  1.434252e-01 0.9376
1  3.47e+00  0.4456769781  1.434252e-01 0.9376
1  3.63e+00  0.4403784394  1.434252e-01 0.9376
1  3.80e+00  0.4349698847  1.434252e-01 0.9376
1  3.98e+00  0.4294265361  1.434252e-01 0.9376
1  4.17e+00  0.4237820276  1.434252e-01 0.9376
1  4.37e+00  0.4180845116  1.434252e-01 0.9376
1  4.57e+00  0.4123113707  1.434252e-01 0.9376
1  4.79e+00  0.4065413484  1.434252e-01 0.9376
1  5.01e+00  0.4007426335  1.434252e-01 0.9376
1  5.25e+00  0.3949831283  1.434252e-01 0.9376
1  5.50e+00  0.3892926562  1.434252e-01 0.9376
1  5.75e+00  0.3836586587  1.434252e-01 0.9376
1  6.03e+00  0.3781440472  1.434252e-01 0.9376
1  6.31e+00  0.3727735169  1.434252e-01 0.9376
1  6.61e+00  0.3675587022  1.434252e-01 0.9376
1  6.92e+00  0.3625372016  1.434252e-01 0.9376
1  7.24e+00  0.3576924391  1.434252e-01 0.9376
1  7.59e+00  0.3530829132  1.434252e-01 0.9376
1  7.94e+00  0.3486607781  1.434252e-01 0.9376
1  8.32e+00  0.3444870304  1.434252e-01 0.9376
1  8.71e+00  0.3405556421  1.434252e-01 0.9376
1  9.12e+00  0.336876425  1.434252e-01 0.9376
1  9.55e+00  0.3334082972  1.434252e-01 0.9376
1  1.00e+01  0.3301522764  1.434252e-01 0.9376
1  1.05e+01  0.3271583074  1.434252e-01 0.9376
1  1.10e+01  0.3243566257  1.434252e-01 0.9376
1  1.15e+01  0.3217854989  1.434252e-01 0.9376
1  1.20e+01  0.3193948674  1.434252e-01 0.9376
1  1.26e+01  0.317143815  1.434252e-01 0.9376
1  1.32e+01  0.3151751326  1.434252e-01 0.9376
1  1.38e+01  0.3132760889  1.434252e-01 0.9376
1  1.45e+01  0.3115709742  1.434252e-01 0.9376
1  1.51e+01  0.309990248  1.434252e-01 0.9376
1  1.58e+01  0.3085477982  1.434252e-01 0.9376
1  1.66e+01  0.307242366  1.434252e-01 0.9376
1  1.74e+01  0.306021646  1.434252e-01 0.9376
1  1.82e+01  0.3049102039  1.434252e-01 0.9376
1  1.91e+01  0.30388522  1.434252e-01 0.9376
1  2.00e+01  0.3029651219  1.434252e-01 0.9376
1  2.09e+01  0.3020874862  1.434252e-01 0.9376
1  2.19e+01  0.3012827579  1.434252e-01 0.9376
1  2.29e+01  0.3005545708  1.434252e-01 0.9376
1  2.40e+01  0.2998808946  1.434252e-01 0.9376
1  2.51e+01  0.2992278432  1.434252e-01 0.9376
1  2.63e+01  0.2986567683  1.434252e-01 0.9376
1  2.75e+01  0.2980876168  1.434252e-01 0.9376
1  2.88e+01  0.2975785732  1.434252e-01 0.9376
1  3.02e+01  0.2970623889  1.434252e-01 0.9376
1  3.16e+01  0.296608303  1.434252e-01 0.9376
1  3.31e+01  0.2961594338  1.434252e-01 0.9376
1  3.47e+01  0.2957156697  1.434252e-01 0.9376
1  3.63e+01  0.2952828778  1.434252e-01 0.9376
1  3.80e+01  0.2948781737  1.434252e-01 0.9376
1  3.98e+01  0.2944829739  1.434252e-01 0.9376
1  4.17e+01  0.294076036  1.434252e-01 0.9376
1  4.37e+01  0.293664641  1.434252e-01 0.9376
1  4.57e+01  0.2932455928  1.434252e-01 0.9376
1  4.79e+01  0.2927951873  1.434252e-01 0.9376
1  5.01e+01  0.2923763823  1.434252e-01 0.9376
1  5.25e+01  0.2919163538  1.434252e-01 0.9376
1  5.50e+01  0.2914206096  1.434252e-01 0.9376
1  5.75e+01  0.2909054029  1.434252e-01 0.9376
1  6.03e+01  0.2903510263  1.434252e-01 0.9376
1  6.31e+01  0.289756945  1.434252e-01 0.9376
1  6.61e+01  0.2891153261  1.434252e-01 0.9376
1  6.92e+01  0.2883824293  1.434252e-01 0.9376
1  7.24e+01  0.2876059531  1.434252e-01 0.9376
1  7.59e+01  0.2867273729  1.434252e-01 0.9376
1  7.94e+01  0.2857460122  1.434252e-01 0.9376
1  8.32e+01  0.2846527115  1.434252e-01 0.9376
1  8.71e+01  0.2833818435  1.434252e-01 0.9376
1  9.12e+01  0.2819522219  1.434252e-01 0.9376
1  9.55e+01  0.2802676978  1.434252e-01 0.9376
1  1.00e+02  0.2783301161  1.434252e-01 0.9376
1  1.05e+02  0.2760283675  1.434252e-01 0.9376
1  1.10e+02  0.2733243081  1.434252e-01 0.9376
1  1.15e+02  0.2700466294  1.434252e-01 0.9376
1  1.20e+02  0.266102336  1.434252e-01 0.9376
1  1.26e+02  0.2612897047  1.434252e-01 0.9376
1  1.32e+02  0.2553740307  1.434252e-01 0.9376
1  1.38e+02  0.2479938097  1.434252e-01 0.9376
1  1.45e+02  0.238843322  1.434252e-01 0.9376
1  1.51e+02  0.227464443  1.434252e-01 0.9376
1  1.58e+02  0.213447362  1.434252e-01 0.9376
1  1.66e+02  0.1965651388  1.434252e-01 0.9376
1  1.74e+02  0.1769765163  1.434252e-01 0.9376
1  1.82e+02  0.1554493679  1.434252e-01 0.9376
1  1.91e+02  0.1333504501  1.434252e-01 0.9376
1  2.00e+02  0.1123206813  1.434252e-01 0.9376
1  2.09e+02  0.09370237109  1.434252e-01 0.9376
1  2.19e+02  0.07813730973  1.434252e-01 0.9376
1  2.29e+02  0.06569276867  1.434252e-01 0.9376
1  2.40e+02  0.05598008185  1.434252e-01 0.9376
1  2.51e+02  0.04850570959  1.434252e-01 0.9376
1  2.63e+02  0.04277133879  1.434252e-01 0.9376
1  2.75e+02  0.03836916533  1.434252e-01 0.9376
1  2.88e+02  0.03496577109  1.434252e-01 0.9376
1  3.02e+02  0.0323149009  1.434252e-01 0.9376
1  3.16e+02  0.03022918978  1.434252e-01 0.9376
1  3.31e+02  0.0285764369  1.434252e-01 0.9376
1  3.47e+02  0.02725254361  1.434252e-01 0.9376
1  3.63e+02  0.02618348544  1.434252e-01 0.9376
1  3.80e+02  0.02531647564  1.434252e-01 0.9376
1  3.98e+02  0.02460215097  1.434252e-01 0.9376
1  4.17e+02  0.02401063997  1.434252e-01 0.9376
1  4.37e+02  0.02352137124  1.434252e-01 0.9376
1  4.57e+02  0.02311432352  1.434252e-01 0.9376
1  4.79e+02  0.02277164623  1.434252e-01 0.9376
1  5.01e+02  0.02247871413  1.434252e-01 0.9376
1  5.25e+02  0.02223075967  1.434252e-01 0.9376
1  5.50e+02  0.02202073791  1.434252e-01 0.9376
1  5.75e+02  0.02183974523  1.434252e-01 0.9376
1  6.03e+02  0.02168468358  1.434252e-01 0.9376
1  6.31e+02  0.02155117478  1.434252e-01 0.9376
1  6.61e+02  0.02143577403  1.434252e-01 0.9376
1  6.92e+02  0.0213354933  1.434252e-01 0.9376
1  7.24e+02  0.02124679642  1.434252e-01 0.9376
1  7.59e+02  0.02116966027  1.434252e-01 0.9376
1  7.94e+02  0.02110260651  1.434252e-01 0.9376
1  8.32e+02  0.02104399593  1.434252e-01 0.9376
1  8.71e+02  0.020991732  1.434252e-01 0.9376
1  9.12e+02  0.0209474585  1.434252e-01 0.9376
1  9.55e+02  0.02090594767  1.434252e-01 0.9376
1  1.00e+03  0.02087143378  1.434252e-01 0.9376
1  1.05e+03  0.02084027889  1.434252e-01 0.9376
1  1.10e+03  0.02081185438  1.434252e-01 0.9376
1  1.15e+03  0.02078614034  1.434252e-01 0.9376
1  1.20e+03  0.02076396603  1.434252e-01 0.9376
1  1.26e+03  0.02074390652  1.434252e-01 0.9376
1  1.32e+03  0.02072797747  1.434252e-01 0.9376
1  1.38e+03  0.02071078775  1.434252e-01 0.9376
1  1.45e+03  0.02069667919  1.434252e-01 0.9376
1  1.51e+03  0.02068414299  1.434252e-01 0.9376
1  1.58e+03  0.02067399678  1.434252e-01 0.9376
1  1.66e+03  0.02066350486  1.434252e-01 0.9376
1  1.74e+03  0.02065444075  1.434252e-01 0.9376
1  1.82e+03  0.02064661577  1.434252e-01 0.9376
1  1.91e+03  0.02063930776  1.434252e-01 0.9376
1  2.00e+03  0.0206318322  1.434252e-01 0.9376
1  2.09e+03  0.0206261587  1.434252e-01 0.9376
1  2.19e+03  0.02062086096  1.434252e-01 0.9376
1  2.29e+03  0.02061636534  1.434252e-01 0.9376
1  2.40e+03  0.02061166045  1.434252e-01 0.9376
1  2.51e+03  0.02060838733  1.434252e-01 0.9376
1  2.63e+03  0.02060463193  1.434252e-01 0.9376
1  2.75e+03  0.02060222983  1.434252e-01 0.9376
1  2.88e+03  0.02059806212  1.434252e-01 0.9376
1  3.02e+03  0.02059651454  1.434252e-01 0.9376
1  3.16e+03  0.02059486275  1.434252e-01 0.9376
1  3.31e+03  0.02059177325  1.434252e-01 0.9376
1  3.47e+03  0.02059135841  1.434252e-01 0.9376
1  3.63e+03  0.02059260828  1.434252e-01 0.9376
1  3.80e+03  0.02058416061  1.434252e-01 0.9376
1  3.98e+03  0.02058065543  1.434252e-01 0.9376
1  4.17e+03  0.02057979827  1.434252e-01 0.9376
1  4.37e+03  0.02058156058  1.434252e-01 0.9376
1  4.57e+03  0.02058061036  1.434252e-01 0.9376
1  4.79e+03  0.02057801903  1.434252e-01 0.9376
1  5.01e+03  0.0205714842  1.434252e-01 0.9376
1  5.25e+03  0.02058102112  1.434252e-01 0.9376
1  5.50e+03  0.0206189824  1.434252e-01 0.9376
1  5.75e+03  0.020617939  1.434252e-01 0.9376
1  6.03e+03  0.0205886785  1.434252e-01 0.9376
1  6.31e+03  0.02068233871  1.434252e-01 0.9376
1  6.61e+03  0.02063882422  1.434252e-01 0.9376
1  6.92e+03  0.02075425478  1.434252e-01 0.9376
1  7.24e+03  0.02072342415  1.434252e-01 0.9376
1  7.59e+03  0.02090763727  1.434252e-01 0.9376
1  7.94e+03  0.02091501525  1.434252e-01 0.9376
1  8.32e+03  0.02103189578  1.434252e-01 0.9376
1  8.71e+03  0.02133705057  1.434252e-01 0.9376
1  9.12e+03  0.02155117702  1.434252e-01 0.9376
1  9.55e+03  0.02173461932  1.434252e-01 0.9376
1  1.00e+04  0.02204724659  1.434252e-01 0.9376
1  1.05e+04  0.02249078826  1.434252e-01 0.9376
1  1.10e+04  0.0231136196  1.434252e-01 0.9376
1  1.15e+04  0.02382441387  1.434252e-01 0.9376
1  1.20e+04  0.02473412026  1.434252e-01 0.9376
1  1.26e+04  0.02565447225  1.434252e-01 0.9376
1  1.32e+04  0.02675560854  1.434252e-01 0.9376
1  1.38e+04  0.02817660575  1.434252e-01 0.9376
1  1.45e+04  0.0299978467  1.434252e-01 0.9376
1  1.51e+04  0.03218408569  1.434252e-01 0.9376
1  1.58e+04  0.03447409624  1.434252e-01 0.9376
1  1.66e+04  0.03672013577  1.434252e-01 0.9376
1  1.74e+04  0.03920411211  1.434252e-01 0.9376
1  1.82e+04  0.04237970144  1.434252e-01 0.9376
1  1.91e+04  0.04609073459  1.434252e-01 0.9376
1  2.00e+04  0.04976804579  1.434252e-01 0.9376
1  2.09e+04  0.05412844111  1.434252e-01 0.9376
1  2.19e+04  0.05856390144  1.434252e-01 0.9376
1  2.29e+04  0.06325131156  1.434252e-01 0.9376
1  2.40e+04  0.06920564193  1.434252e-01 0.9376
1  2.51e+04  0.07393295761  1.434252e-01 0.9376
1  2.63e+04  0.08100464367  1.434252e-01 0.9376
1  2.75e+04  0.08629405979  1.434252e-01 0.9376
1  2.88e+04  0.09411122985  1.434252e-01 0.9376
1  3.02e+04  0.1000840291  1.434252e-01 0.9376
1  3.16e+04  0.1083113619  1.434252e-01 0.9376
1  3.31e+04  0.1155732747  1.434252e-01 0.9376
1  3.47e+04  0.1231075828  1.434252e-01 0.9376
1  3.63e+04  0.1322896858  1.434252e-01 0.9376
1  3.80e+04  0.1399169622  1.434252e-01 0.9376
1  3.98e+04  0.1479548895  1.434252e-01 0.9376
1  4.17e+04  0.158465806  1.434252e-01 0.9376
1  4.37e+04  0.1666817679  1.434252e-01 0.9376
1  4.57e+04  0.174027597  1.434252e-01 0.9376
1  4.79e+04  0.1850126714  1.434252e-01 0.9376
1  5.01e+04  0.1956334366  1.434252e-01 0.9376
1  5.25e+04  0.2030034421  1.434252e-01 0.9376
1  5.50e+04  0.211017754  1.434252e-01 0.9376
1  5.75e+04  0.2217587965  1.434252e-01 0.9376
1  6.03e+04  0.2328997333  1.434252e-01 0.9376
1  6.31e+04  0.2424143283  1.434252e-01 0.9376
1  6.61e+04  0.2503928337  1.434252e-01 0.9376
1  6.92e+04  0.2580438101  1.434252e-01 0.9376
1  7.24e+04  0.2667565208  1.434252e-01 0.9376
1  7.59e+04  0.2771306969  1.434252e-01 0.9376
1  7.94e+04  0.2882789364  1.434252e-01 0.9376
1  8.32e+04  0.2985405192  1.434252e-01 0.9376
1  8.71e+04  0.3069544328  1.434252e-01 0.9376
1  9.12e+04  0.313867916  1.434252e-01 0.9376
1  9.55e+04  0.3203648674  1.434252e-01 0.9376
1  1.00e+05  0.3273856881  1.434252e-01 0.9376
1  1.05e+05  0.3353036513  1.434252e-01 0.9376
1  1.10e+05  0.3440190095  1.434252e-01 0.9376
1  1.15e+05  0.3532151859  1.434252e-01 0.9376
1  1.20e+05  0.3625177566  1.434252e-01 0.9376
1  1.26e+05  0.371552994  1.434252e-01 0.9376
1  1.32e+05  0.3799931946  1.434252e-01 0.9376
1  1.38e+05  0.3876163778  1.434252e-01 0.9376
1  1.45e+05  0.3943496463  1.434252e-01 0.9376
1  1.51e+05  0.4002678908  1.434252e-01 0.9376
1  1.58e+05  0.4055504156  1.434252e-01 0.9376
1  1.66e+05  0.4104191251  1.434252e-01 0.9376
1  1.74e+05  0.4150832925  1.434252e-01 0.9376
1  1.82e+05  0.4197054288  1.434252e-01 0.9376
1  1.91e+05  0.4243902937  1.434252e-01 0.9376
1  2.00e+05  0.4291906721  1.434252e-01 0.9376
1  2.09e+05  0.4341208672  1.434252e-01 0.9376
1  2.19e+05  0.4391705895  1.434252e-01 0.9376
1  2.29e+05  0.4443154578  1.434252e-01 0.9376
1  2.40e+05  0.4495234816  1.434252e-01 0.9376
1  2.51e+05  0.4547586229  1.434252e-01 0.9376
1  2.63e+05  0.4599828969  1.434252e-01 0.9376
1  2.75e+05  0.4651580466  1.434252e-01 0.9376
1  2.88e+05  0.4702472111  1.434252e-01 0.9376
1  3.02e+05  0.4752165599  1.434252e-01 0.9376
1  3.16e+05  0.4800366798  1.434252e-01 0.9376
1  3.31e+05  0.4846835195  1.434252e-01 0.9376
1  3.47e+05  0.489138805  1.434252e-01 0.9376
1  3.63e+05  0.4933899604  1.434252e-01 0.9376
1  3.80e+05  0.4974296457  1.434252e-01 0.9376
1  3.98e+05  0.5012550548  1.434252e-01 0.9376
1  4.17e+05  0.5048671071  1.434252e-01 0.9376
1  4.37e+05  0.5082696389  1.434252e-01 0.9376
1  4.57e+05  0.5114686623  1.434252e-01 0.9376
1  4.79e+05  0.514471728  1.434252e-01 0.9376
1  5.01e+05  0.5172874045  1.434252e-01 0.9376
1  5.25e+05  0.5199248662  1.434252e-01 0.9376
1  5.50e+05  0.5223935806  1.434252e-01 0.9376
1  5.75e+05  0.5247030748  1.434252e-01 0.9376
1  6.03e+05  0.5268627668  1.434252e-01 0.9376
1  6.31e+05  0.5288818454  1.434252e-01 0.9376
1  6.61e+05  0.5307691879  1.434252e-01 0.9376
1  6.92e+05  0.5325333056  1.434252e-01 0.9376
1  7.24e+05  0.534182309  1.434252e-01 0.9376
1  7.59e+05  0.5357238891  1.434252e-01 0.9376
1  7.94e+05  0.537165309  1.434252e-01 0.9376
1  8.32e+05  0.5385134049  1.434252e-01 0.9376
1  8.71e+05  0.5397745918  1.434252e-01 0.9376
1  9.12e+05  0.540954875  1.434252e-01 0.9376
1  9.55e+05  0.5420598642  1.434252e-01 0.9376
1  1.00e+06  0.5430947897  1.434252e-01 0.9376
1  1.05e+06  0.544064521  1.434252e-01 0.9376
1  1.10e+06  0.5449735856  1.434252e-01 0.9376
1  1.15e+06  0.5458261885  1.434252e-01 0.9376
1  1.20e+06  0.5466262316  1.434252e-01 0.9376
1  1.26e+06  0.5473773334  1.434252e-01 0.9376
1  1.32e+06  0.5480828474  1.434252e-01 0.9376
1  1.38e+06  0.5487458808  1.434252e-01 0.9376
1  1.45e+06  0.5493693114  1.434252e-01 0.9376
1  1.51e+06  0.5499558048  1.434252e-01 0.9376
1  1.58e+06  0.5505078298  1.434252e-01 0.9376
1  1.66e+06  0.5510276728  1.434252e-01 0.9376
1  1.74e+06  0.5515174524  1.434252e-01 0.9376
1  1.82e+06  0.551979132  1.434252e-01 0.9376
1  1.91e+06  0.5524145333  1.434252e-01 0.9376
1  2.00e+06  0.5528253414  1.434252e-01 0.9376
1  2.09e+06  0.5532131216  1.434252e-01 0.9376
1  2.19e+06  0.553579327  1.434252e-01 0.9376
1  2.29e+06  0.5539253079  1.434252e-01 0.9376
1  2.40e+06  0.5542523182  1.434252e-01 0.9376
1  2.51e+06  0.5545615238  1.434252e-01 0.9376
1  2.63e+06  0.5548540093  1.434252e-01 0.9376
1  2.75e+06  0.555130785  1.434252e-01 0.9376
1  2.88e+06  0.5553927912  1.434252e-01 0.9376
1  3.02e+06  0.5556409046  1.434252e-01 0.9376
1  3.16e+06  0.5558759427  1.434252e-01 0.9376
1  3.31e+06  0.5560986688  1.434252e-01 0.9376
1  3.47e+06  0.5563097955  1.434252e-01 0.9376
1  3.63e+06  0.5565099886  1.434252e-01 0.9376
1  3.80e+06  0.5566998707  1.434252e-01 0.9376
1  3.98e+06  0.5568800246  1.434252e-01 0.9376
1  4.17e+06  0.5570509958  1.434252e-01 0.9376
1  4.37e+06  0.5572132951  1.434252e-01 0.9376
1  4.57e+06  0.5573674016  1.434252e-01 0.9376
1  4.79e+06  0.5575137648  1.434252e-01 0.9376
1  5.01e+06  0.5576528063  1.434252e-01 0.9376
1  5.25e+06  0.5577849222  1.434252e-01 0.9376
1  5.50e+06  0.5579104845  1.434252e-01 0.9376
1  5.75e+06  0.5580298432  1.434252e-01 0.9376
1  6.03e+06  0.5581433273  1.434252e-01 0.9376
1  6.31e+06  0.5582512467  1.434252e-01 0.9376
1  6.61e+06  0.5583538929  1.434252e-01 0.9376
1  6.92e+06  0.5584515408  1.434252e-01 0.9376
1  7.24e+06  0.5585444493  1.434252e-01 0.9376
1  7.59e+06  0.5586328628  1.434252e-01 0.9376
1  7.94e+06  0.5587170117  1.434252e-01 0.9376
1  8.32e+06  0.5587971136  1.434252e-01 0.9376
1  8.71e+06  0.5588733739  1.434252e-01 0.9376
1  9.12e+06  0.5589459866  1.434252e-01 0.9376
1  9.55e+06  0.5590151354  1.434252e-01 0.9376
1  1.00e+07  0.5590809935  1.434252e-01 0.9376
