1  1.00e-03  0.5580250209  1.562748e-01 1.0216
1  1.05e-03  0.5580238122  1.562748e-01 1.0216
1  1.10e-03  0.5580223695  1.562748e-01 1.0216
1  1.15e-03  0.5580210657  1.562748e-01 1.0216
1  1.20e-03  0.5580194964  1.562748e-01 1.0216
1  1.26e-03  0.5580179874  1.562748e-01 1.0216
1  1.32e-03  0.558016279  1.562748e-01 1.0216
1  1.38e-03  0.5580145093  1.562748e-01 1.0216
1  1.45e-03  0.5580127073  1.562748e-01 1.0216
1  1.51e-03  0.5580109543  1.562748e-01 1.0216
1  1.58e-03  0.5580088763  1.562748e-01 1.0216
1  1.66e-03  0.5580068685  1.562748e-01 1.0216
1  1.74e-03  0.5580047225  1.562748e-01 1.0216
1  1.82e-03  0.558002438  1.562748e-01 1.0216
1  1.91e-03  0.5580000886  1.562748e-01 1.0216
1  2.00e-03  0.5579975853  1.562748e-01 1.0216
1  2.09e-03  0.5579949432  1.562748e-01 1.0216
1  2.19e-03  0.5579922425  1.562748e-01 1.0216
1  2.29e-03  0.557989442  1.562748e-01 1.0216
1  2.40e-03  0.5579864787  1.562748e-01 1.0216
1  2.51e-03  0.5579833014  1.562748e-01 1.0216
1  2.63e-03  0.5579800545  1.562748e-01 1.0216
1  2.75e-03  0.5579766382  1.562748e-01 1.0216
1  2.88e-03  0.5579730665  1.562748e-01 1.0216
1  3.02e-03  0.5579692951  1.562748e-01 1.0216
1  3.16e-03  0.5579654048  1.562748e-01 1.0216
1  3.31e-03  0.557961244  1.562748e-01 1.0216
1  3.47e-03  0.5579569546  1.562748e-01 1.0216
1  3.63e-03  0.5579524491  1.562748e-01 1.0216
1  3.80e-03  0.5579477411  1.562748e-01 1.0216
1  3.98e-03  0.5579427693  1.562748e-01 1.0216
1  4.17e-03  0.5579375866  1.562748e-01 1.0216
1  4.37e-03  0.5579321746  1.562748e-01 1.0216
1  4.57e-03  0.557926489  1.562748e-01 1.0216
1  4.79e-03  0.5579205442  1.562748e-01 1.0216
1  5.01e-03  0.5579143248  1.562748e-01 1.0216
1  5.25e-03  0.557907787  1.562748e-01 1.0216
1  5.50e-03  0.5579009556  1.562748e-01 1.0216
1  5.75e-03  0.5578937981  1.562748e-01 1.0216
1  6.03e-03  0.5578863116  1.562748e-01 1.0216
1  6.31e-03  0.5578784806  1.562748e-01 1.0216
1  6.61e-03  0.557870247  1.562748e-01 1.0216
1  6.92e-03  0.5578616464  1.562748e-01 1.0216
1  7.24e-03  0.5578526319  1.562748e-01 1.0216
1  7.59e-03  0.557843211  1.562748e-01 1.0216
1  7.94e-03  0.5578333293  1.562748e-01 1.0216
1  8.32e-03  0.5578229816  1.562748e-01 1.0216
1  8.71e-03  0.5578121698  1.562748e-01 1.0216
1  9.12e-03  0.5578007963  1.562748e-01 1.0216
1  9.55e-03  0.5577889042  1.562748e-01 1.0216
1  1.00e-02  0.5577765007  1.562748e-01 1.0216
1  1.05e-02  0.5577634257  1.562748e-01 1.0216
1  1.10e-02  0.5577497993  1.562748e-01 1.0216
1  1.15e-02  0.5577354877  1.562748e-01 1.0216
1  1.20e-02  0.5577205186  1.562748e-01 1.0216
1  1.26e-02  0.5577048897  1.562748e-01 1.0216
1  1.32e-02  0.5576884407  1.562748e-01 1.0216
1  1.38e-02  0.5576712395  1.562748e-01 1.0216
1  1.45e-02  0.557653252  1.562748e-01 1.0216
1  1.51e-02  0.5576344224  1.562748e-01 1.0216
1  1.58e-02  0.5576146628  1.562748e-01 1.0216
1  1.66e-02  0.5575939549  1.562748e-01 1.0216
1  1.74e-02  0.557572365  1.562748e-01 1.0216
1  1.82e-02  0.5575496509  1.562748e-01 1.0216
1  1.91e-02  0.5575258883  1.562748e-01 1.0216
1  2.00e-02  0.5575009824  1.562748e-01 1.0216
1  2.09e-02  0.557475005  1.562748e-01 1.0216
1  2.19e-02  0.5574477145  1.562748e-01 1.0216
1  2.29e-02  0.5574191461  1.562748e-01 1.0216
1  2.40e-02  0.5573891473  1.562748e-01 1.0216
1  2.51e-02  0.5573578485  1.562748e-01 1.0216
1  2.63e-02  0.5573249812  1.562748e-01 1.0216
1  2.75e-02  0.5572905512  1.562748e-01 1.0216
1  2.88e-02  0.5572545553  1.562748e-01 1.0216
1  3.02e-02  0.5572168901  1.562748e-01 1.0216
1  3.16e-02  0.5571773727  1.562748e-01 1.0216
1  3.31e-02  0.5571360162  1.562748e-01 1.0216
1  3.47e-02  0.5570926704  1.562748e-01 1.0216
1  3.63e-02  0.5570472518  1.562748e-01 1.0216
1  3.80e-02  0.5569996967  1.562748e-01 1.0216
1  3.98e-02  0.5569497464  1.562748e-01 1.0216
1  4.17e-02  0.5568975618  1.562748e-01 1.0216
1  4.37e-02  0.5568430385  1.562748e-01 1.0216
1  4.57e-02  0.5567857753  1.562748e-01 1.0216
1  4.79e-02  0.5567256841  1.562748e-01 1.0216
1  5.01e-02  0.5566627642  1.562748e-01 1.0216
1  5.25e-02  0.5565969139  1.562748e-01 1.0216
1  5.50e-02  0.5565280125  1.562748e-01 1.0216
1  5.75e-02  0.5564558125  1.562748e-01 1.0216
1  6.03e-02  0.5563801146  1.562748e-01 1.0216
1  6.31e-02  0.5563007752  1.562748e-01 1.0216
1  6.61e-02  0.5562175743  1.562748e-01 1.0216
1  6.92e-02  0.5561306797  1.562748e-01 1.0216
1  7.24e-02  0.5560396001  1.562748e-01 1.0216
1  7.59e-02  0.555944016  1.562748e-01 1.0216
1  7.94e-02  0.5558436022  1.562748e-01 1.0216
1  8.32e-02  0.5557386357  1.562748e-01 1.0216
1  8.71e-02  0.5556287689  1.562748e-01 1.0216
1  9.12e-02  0.555513822  1.562748e-01 1.0216
1  9.55e-02  0.5553927897  1.562748e-01 1.0216
1  1.00e-01  0.5552661868  1.562748e-01 1.0216
1  1.05e-01  0.555133901  1.562748e-01 1.0216
1  1.10e-01  0.5549945621  1.562748e-01 1.0216
1  1.15e-01  0.5548488622  1.562748e-01 1.0216
1  1.20e-01  0.5546960884  1.562748e-01 1.0216
1  1.26e-01  0.5545360778  1.562748e-01 1.0216
1  1.32e-01  0.5543685754  1.562748e-01 1.0216
1  1.38e-01  0.5541923187  1.562748e-01 1.0216
1  1.45e-01  0.5540079247  1.562748e-01 1.0216
1  1.51e-01  0.5538151817  1.562748e-01 1.0216
1  1.58e-01  0.5536120631  1.562748e-01 1.0216
1  1.66e-01  0.5533994459  1.562748e-01 1.0216
1  1.74e-01  0.5531765695  1.562748e-01 1.0216
1  1.82e-01  0.5529428423  1.562748e-01 1.0216
1  1.91e-01  0.5526983191  1.562748e-01 1.0216
1  2.00e-01  0.5524412909  1.562748e-01 1.0216
1  2.09e-01  0.5521717954  1.562748e-01 1.0216
1  2.19e-01  0.5518890782  1.562748e-01 1.0216
1  2.29e-01  0.5515922803  1.562748e-01 1.0216
1  2.40e-01  0.5512812642  1.562748e-01 1.0216
1  2.51e-01  0.5509538452  1.562748e-01 1.0216
1  2.63e-01  0.5506121449  1.562748e-01 1.0216
1  2.75e-01  0.5502525822  1.562748e-01 1.0216
1  2.88e-01  0.5498750591  1.562748e-01 1.0216
1  3.02e-01  0.5494783902  1.562748e-01 1.0216
1  3.16e-01  0.5490630859  1.562748e-01 1.0216
1  3.31e-01  0.5486262549  1.562748e-01 1.0216
1  3.47e-01  0.5481693679  1.562748e-01 1.0216
1  3.63e-01  0.5476883122  1.562748e-01 1.0216
1  3.80e-01  0.5471830864  1.562748e-01 1.0216
1  3.98e-01  0.5466513242  1.562748e-01 1.0216
1  4.17e-01  0.5460940178  1.562748e-01 1.0216
1  4.37e-01  0.5455086978  1.562748e-01 1.0216
1  4.57e-01  0.5448954167  1.562748e-01 1.0216
1  4.79e-01  0.5442484872  1.562748e-01 1.0216
1  5.01e-01  0.5435715328  1.562748e-01 1.0216
1  5.25e-01  0.5428569902  1.562748e-01 1.0216
1  5.50e-01  0.542106308  1.562748e-01 1.0216
1  5.75e-01  0.5413178929  1.562748e-01 1.0216
1  6.03e-01  0.5404892803  1.562748e-01 1.0216
1  6.31e-01  0.5396154881  1.562748e-01 1.0216
1  6.61e-01  0.5386993686  1.562748e-01 1.0216
1  6.92e-01  0.5377356946  1.562748e-01 1.0216
1  7.24e-01  0.5367197232  1.562748e-01 1.0216
1  7.59e-01  0.5356533129  1.562748e-01 1.0216
1  7.94e-01  0.534531934  1.562748e-01 1.0216
1  8.32e-01  0.5333471712  1.562748e-01 1.0216
1  8.71e-01  0.5321041273  1.562748e-01 1.0216
1  9.12e-01  0.5307935038  1.562748e-01 1.0216
1  9.55e-01  0.5294169858  1.562748e-01 1.0216
1  1.00e+00  0.5279661479  1.562748e-01 1.0216
1  1.05e+00  0.5264348118  1.562748e-01 1.0216
1  1.10e+00  0.5248254698  1.562748e-01 1.0216
1  1.15e+00  0.5231307166  1.562748e-01 1.0216
1  1.20e+00  0.5213459899  1.562748e-01 1.0216
1  1.26e+00  0.519468617  1.562748e-01 1.0216
1  1.32e+00  0.517491908  1.562748e-01 1.0216
1  1.38e+00  0.5154058508  1.562748e-01 1.0216
1  1.45e+00  0.5132096957  1.562748e-01 1.0216
1  1.51e+00  0.5108994906  1.562748e-01 1.0216
1  1.58e+00  0.5084749779  1.562748e-01 1.0216
1  1.66e+00  0.5059146319  1.562748e-01 1.0216
1  1.74e+00  0.5032223594  1.562748e-01 1.0216
1  1.82e+00  0.5003893731  1.562748e-01 1.0216
1  1.91e+00  0.497417315  1.562748e-01 1.0216
1  2.00e+00  0.4942987934  1.562748e-01 1.0216
1  2.09e+00  0.4910150944  1.562748e-01 1.0216
1  2.19e+00  0.4875777392  1.562748e-01 1.0216
1  2.29e+00  0.4839652063  1.562748e-01 1.0216
1  2.40e+00  0.4801978423  1.562748e-01 1.0216
1  2.51e+00  0.4762553917  1.562748e-01 1.0216
1  2.63e+00  0.4721235685  1.562748e-01 1.0216
1  2.75e+00  0.4678297287  1.562748e-01 1.0216
1  2.88e+00  0.4633686811  1.562748e-01 1.0216
1  3.02e+00  0.4587164688  1.562748e-01 1.0216
1  3.16e+00  0.4539105104  1.562748e-01 1.0216
1  3.31e+00  0.4489342627  1.562748e-01 1.0216
1  3.47e+00  0.4437876375  1.562748e-01 1.0216
1  3.63e+00  0.4385099529  1.562748e-01 1.0216
1  3.80e+00  0.4331158427  1.562748e-01 1.0216
1  3.98e+00  0.4275736572  1.562748e-01 1.0216
1  4.17e+00  0.4219512335  1.562748e-01 1.0216
1  4.37e+00  0.4162631344  1.562748e-01 1.0216
1  4.57e+00  0.4104962539  1.562748e-01 1.0216
1  4.79e+00  0.4047317493  1.562748e-01 1.0216
1  5.01e+00  0.3989381595  1.562748e-01 1.0216
1  5.25e+00  0.3931705963  1.562748e-01 1.0216
1  5.50e+00  0.387477732  1.562748e-01 1.0216
1  5.75e+00  0.3818363288  1.562748e-01 1.0216
1  6.03e+00  0.3763193601  1.562748e-01 1.0216
1  6.31e+00  0.370952795  1.562748e-01 1.0216
1  6.61e+00  0.3657100292  1.562748e-01 1.0216
1  6.92e+00  0.360682662  1.562748e-01 1.0216
1  7.24e+00  0.3558088163  1.562748e-01 1.0216
1  7.59e+00  0.3511684064  1.562748e-01 1.0216
1  7.94e+00  0.3467557961  1.562748e-01 1.0216
1  8.32e+00  0.3425753996  1.562748e-01 1.0216
1  8.71e+00  0.3386220854  1.562748e-01 1.0216
1  9.12e+00  0.3348762954  1.562748e-01 1.0216
1  9.55e+00  0.331394387  1.562748e-01 1.0216
1  1.00e+01  0.3281565325  1.562748e-01 1.0216
1  1.05e+01  0.3251064522  1.562748e-01 1.0216
1  1.10e+01  0.3223047901  1.562748e-01 1.0216
1  1.15e+01  0.3196627178  1.562748e-01 1.0216
1  1.20e+01  0.3173058713  1.562748e-01 1.0216
1  1.26e+01  0.3150605377  1.562748e-01 1.0216
1  1.32e+01  0.3130208475  1.562748e-01 1.0216
1  1.38e+01  0.3111211157  1.562748e-01 1.0216
1  1.45e+01  0.3093907276  1.562748e-01 1.0216
1  1.51e+01  0.3077968237  1.562748e-01 1.0216
1  1.58e+01  0.3063435128  1.562748e-01 1.0216
1  1.66e+01  0.3049914512  1.562748e-01 1.0216
1  1.74e+01  0.3037584373  1.562748e-01 1.0216
1  1.82e+01  0.302649277  1.562748e-01 1.0216
1  1.91e+01  0.3015884688  1.562748e-01 1.0216
1  2.00e+01  0.3006525742  1.562748e-01 1.0216
1  2.09e+01  0.2997667726  1.562748e-01 1.0216
1  2.19e+01  0.2989345498  1.562748e-01 1.0216
1  2.29e+01  0.2981924572  1.562748e-01 1.0216
1  2.40e+01  0.2974973979  1.562748e-01 1.0216
1  2.51e+01  0.2968233864  1.562748e-01 1.0216
1  2.63e+01  0.2962309158  1.562748e-01 1.0216
1  2.75e+01  0.2956372935  1.562748e-01 1.0216
1  2.88e+01  0.2951053165  1.562748e-01 1.0216
1  3.02e+01  0.2945771628  1.562748e-01 1.0216
1  3.16e+01  0.2940992028  1.562748e-01 1.0216
1  3.31e+01  0.2936233896  1.562748e-01 1.0216
1  3.47e+01  0.2931576142  1.562748e-01 1.0216
1  3.63e+01  0.2926923686  1.562748e-01 1.0216
1  3.80e+01  0.2922379414  1.562748e-01 1.0216
1  3.98e+01  0.2918031425  1.562748e-01 1.0216
1  4.17e+01  0.2913680171  1.562748e-01 1.0216
1  4.37e+01  0.2909174591  1.562748e-01 1.0216
1  4.57e+01  0.2904459833  1.562748e-01 1.0216
1  4.79e+01  0.2899847647  1.562748e-01 1.0216
1  5.01e+01  0.289481561  1.562748e-01 1.0216
1  5.25e+01  0.2889719299  1.562748e-01 1.0216
1  5.50e+01  0.2884233588  1.562748e-01 1.0216
1  5.75e+01  0.2878608725  1.562748e-01 1.0216
1  6.03e+01  0.2872391607  1.562748e-01 1.0216
1  6.31e+01  0.2865541674  1.562748e-01 1.0216
1  6.61e+01  0.2858197417  1.562748e-01 1.0216
1  6.92e+01  0.2850393529  1.562748e-01 1.0216
1  7.24e+01  0.2841463561  1.562748e-01 1.0216
1  7.59e+01  0.2831631765  1.562748e-01 1.0216
1  7.94e+01  0.2820604244  1.562748e-01 1.0216
1  8.32e+01  0.2808155343  1.562748e-01 1.0216
1  8.71e+01  0.2794121381  1.562748e-01 1.0216
1  9.12e+01  0.277789739  1.562748e-01 1.0216
1  9.55e+01  0.2759177174  1.562748e-01 1.0216
1  1.00e+02  0.2737494443  1.562748e-01 1.0216
1  1.05e+02  0.271223604  1.562748e-01 1.0216
1  1.10e+02  0.2682591646  1.562748e-01 1.0216
1  1.15e+02  0.2646945137  1.562748e-01 1.0216
1  1.20e+02  0.2604384347  1.562748e-01 1.0216
1  1.26e+02  0.2553098634  1.562748e-01 1.0216
1  1.32e+02  0.2490916819  1.562748e-01 1.0216
1  1.38e+02  0.2414609034  1.562748e-01 1.0216
1  1.45e+02  0.2321947489  1.562748e-01 1.0216
1  1.51e+02  0.2209000666  1.562748e-01 1.0216
1  1.58e+02  0.2073364307  1.562748e-01 1.0216
1  1.66e+02  0.1914191342  1.562748e-01 1.0216
1  1.74e+02  0.1733812417  1.562748e-01 1.0216
1  1.82e+02  0.153902394  1.562748e-01 1.0216
1  1.91e+02  0.134067944  1.562748e-01 1.0216
1  2.00e+02  0.1150932625  1.562748e-01 1.0216
1  2.09e+02  0.09803460543  1.562748e-01 1.0216
1  2.19e+02  0.08348518506  1.562748e-01 1.0216
1  2.29e+02  0.07153986025  1.562748e-01 1.0216
1  2.40e+02  0.06198042277  1.562748e-01 1.0216
1  2.51e+02  0.05445291925  1.562748e-01 1.0216
1  2.63e+02  0.0485615213  1.562748e-01 1.0216
1  2.75e+02  0.04395032414  1.562748e-01 1.0216
1  2.88e+02  0.04034342863  1.562748e-01 1.0216
1  3.02e+02  0.03749262687  1.562748e-01 1.0216
1  3.16e+02  0.03522621925  1.562748e-01 1.0216
1  3.31e+02  0.03341354638  1.562748e-01 1.0216
1  3.47e+02  0.03195593383  1.562748e-01 1.0216
1  3.63e+02  0.03076994771  1.562748e-01 1.0216
1  3.80e+02  0.02980145153  1.562748e-01 1.0216
1  3.98e+02  0.02900396877  1.562748e-01 1.0216
1  4.17e+02  0.02834188382  1.562748e-01 1.0216
1  4.37e+02  0.02779268509  1.562748e-01 1.0216
1  4.57e+02  0.02732923304  1.562748e-01 1.0216
1  4.79e+02  0.02693742264  1.562748e-01 1.0216
1  5.01e+02  0.02660655992  1.562748e-01 1.0216
1  5.25e+02  0.02632488787  1.562748e-01 1.0216
1  5.50e+02  0.02608574984  1.562748e-01 1.0216
1  5.75e+02  0.02587905788  1.562748e-01 1.0216
1  6.03e+02  0.02570155822  1.562748e-01 1.0216
1  6.31e+02  0.02554898048  1.562748e-01 1.0216
1  6.61e+02  0.02541678593  1.562748e-01 1.0216
1  6.92e+02  0.02530000504  1.562748e-01 1.0216
1  7.24e+02  0.02519975497  1.562748e-01 1.0216
1  7.59e+02  0.02511167898  1.562748e-01 1.0216
1  7.94e+02  0.02503394152  1.562748e-01 1.0216
1  8.32e+02  0.0249678013  1.562748e-01 1.0216
1  8.71e+02  0.02490766034  1.562748e-01 1.0216
1  9.12e+02  0.02485535307  1.562748e-01 1.0216
1  9.55e+02  0.0248090326  1.562748e-01 1.0216
1  1.00e+03  0.02476783945  1.562748e-01 1.0216
1  1.05e+03  0.02473092228  1.562748e-01 1.0216
1  1.10e+03  0.02469916346  1.562748e-01 1.0216
1  1.15e+03  0.02467066824  1.562748e-01 1.0216
1  1.20e+03  0.02464572305  1.562748e-01 1.0216
1  1.26e+03  0.0246220901  1.562748e-01 1.0216
1  1.32e+03  0.02460309504  1.562748e-01 1.0216
1  1.38e+03  0.02458341188  1.562748e-01 1.0216
1  1.45e+03  0.0245672063  1.562748e-01 1.0216
1  1.51e+03  0.0245529556  1.562748e-01 1.0216
1  1.58e+03  0.02454054515  1.562748e-01 1.0216
1  1.66e+03  0.02452895119  1.562748e-01 1.0216
1  1.74e+03  0.02451773266  1.562748e-01 1.0216
1  1.82e+03  0.0245098438  1.562748e-01 1.0216
1  1.91e+03  0.02450024338  1.562748e-01 1.0216
1  2.00e+03  0.02449404233  1.562748e-01 1.0216
1  2.09e+03  0.02448599098  1.562748e-01 1.0216
1  2.19e+03  0.02448056507  1.562748e-01 1.0216
1  2.29e+03  0.02447439666  1.562748e-01 1.0216
1  2.40e+03  0.02446954937  1.562748e-01 1.0216
1  2.51e+03  0.02446554248  1.562748e-01 1.0216
1  2.63e+03  0.02446195804  1.562748e-01 1.0216
1  2.75e+03  0.02445811524  1.562748e-01 1.0216
1  2.88e+03  0.0244533167  1.562748e-01 1.0216
1  3.02e+03  0.0244514739  1.562748e-01 1.0216
1  3.16e+03  0.02444828719  1.562748e-01 1.0216
1  3.31e+03  0.02444613504  1.562748e-01 1.0216
1  3.47e+03  0.02444464107  1.562748e-01 1.0216
1  3.63e+03  0.02444288477  1.562748e-01 1.0216
1  3.80e+03  0.02444320222  1.562748e-01 1.0216
1  3.98e+03  0.02444030249  1.562748e-01 1.0216
1  4.17e+03  0.02443533099  1.562748e-01 1.0216
1  4.37e+03  0.02443706765  1.562748e-01 1.0216
1  4.57e+03  0.0244329139  1.562748e-01 1.0216
1  4.79e+03  0.02443669581  1.562748e-01 1.0216
1  5.01e+03  0.02443697403  1.562748e-01 1.0216
1  5.25e+03  0.02443706198  1.562748e-01 1.0216
1  5.50e+03  0.02442564672  1.562748e-01 1.0216
1  5.75e+03  0.02443278818  1.562748e-01 1.0216
1  6.03e+03  0.02444950489  1.562748e-01 1.0216
1  6.31e+03  0.02442436265  1.562748e-01 1.0216
1  6.61e+03  0.02447021026  1.562748e-01 1.0216
1  6.92e+03  0.024434326  1.562748e-01 1.0216
1  7.24e+03  0.0245038249  1.562748e-01 1.0216
1  7.59e+03  0.02448035507  1.562748e-01 1.0216
1  7.94e+03  0.0245176113  1.562748e-01 1.0216
1  8.32e+03  0.02463183495  1.562748e-01 1.0216
1  8.71e+03  0.02465451239  1.562748e-01 1.0216
1  9.12e+03  0.02467631404  1.562748e-01 1.0216
1  9.55e+03  0.02480007525  1.562748e-01 1.0216
1  1.00e+04  0.02501858961  1.562748e-01 1.0216
1  1.05e+04  0.02525130105  1.562748e-01 1.0216
1  1.10e+04  0.02556012588  1.562748e-01 1.0216
1  1.15e+04  0.02587881135  1.562748e-01 1.0216
1  1.20e+04  0.02635906402  1.562748e-01 1.0216
1  1.26e+04  0.02686057119  1.562748e-01 1.0216
1  1.32e+04  0.02742545858  1.562748e-01 1.0216
1  1.38e+04  0.02811272395  1.562748e-01 1.0216
1  1.45e+04  0.02898434296  1.562748e-01 1.0216
1  1.51e+04  0.0302029815  1.562748e-01 1.0216
1  1.58e+04  0.03175829814  1.562748e-01 1.0216
1  1.66e+04  0.03336546264  1.562748e-01 1.0216
1  1.74e+04  0.03487133192  1.562748e-01 1.0216
1  1.82e+04  0.03669530802  1.562748e-01 1.0216
1  1.91e+04  0.03941215958  1.562748e-01 1.0216
1  2.00e+04  0.04226604158  1.562748e-01 1.0216
1  2.09e+04  0.0448798149  1.562748e-01 1.0216
1  2.19e+04  0.04832854807  1.562748e-01 1.0216
1  2.29e+04  0.05196379226  1.562748e-01 1.0216
1  2.40e+04  0.05609337982  1.562748e-01 1.0216
1  2.51e+04  0.06019741951  1.562748e-01 1.0216
1  2.63e+04  0.06533750569  1.562748e-01 1.0216
1  2.75e+04  0.06995438359  1.562748e-01 1.0216
1  2.88e+04  0.07597031904  1.562748e-01 1.0216
1  3.02e+04  0.08127725925  1.562748e-01 1.0216
1  3.16e+04  0.08777886559  1.562748e-01 1.0216
1  3.31e+04  0.09444966702  1.562748e-01 1.0216
1  3.47e+04  0.1004846759  1.562748e-01 1.0216
1  3.63e+04  0.1088650762  1.562748e-01 1.0216
1  3.80e+04  0.1156385788  1.562748e-01 1.0216
1  3.98e+04  0.1225002116  1.562748e-01 1.0216
1  4.17e+04  0.1325008814  1.562748e-01 1.0216
1  4.37e+04  0.1399189757  1.562748e-01 1.0216
1  4.57e+04  0.1465266026  1.562748e-01 1.0216
1  4.79e+04  0.1570264474  1.562748e-01 1.0216
1  5.01e+04  0.1671272727  1.562748e-01 1.0216
1  5.25e+04  0.1741622226  1.562748e-01 1.0216
1  5.50e+04  0.1818616942  1.562748e-01 1.0216
1  5.75e+04  0.1921638433  1.562748e-01 1.0216
1  6.03e+04  0.2031362259  1.562748e-01 1.0216
1  6.31e+04  0.2127990694  1.562748e-01 1.0216
1  6.61e+04  0.2208002376  1.562748e-01 1.0216
1  6.92e+04  0.2282351684  1.562748e-01 1.0216
1  7.24e+04  0.2368396727  1.562748e-01 1.0216
1  7.59e+04  0.2474398685  1.562748e-01 1.0216
1  7.94e+04  0.2590150651  1.562748e-01 1.0216
1  8.32e+04  0.2696821551  1.562748e-01 1.0216
1  8.71e+04  0.2784001305  1.562748e-01 1.0216
1  9.12e+04  0.2855554317  1.562748e-01 1.0216
1  9.55e+04  0.2922888004  1.562748e-01 1.0216
1  1.00e+05  0.2995805641  1.562748e-01 1.0216
1  1.05e+05  0.3078437022  1.562748e-01 1.0216
1  1.10e+05  0.3170203335  1.562748e-01 1.0216
1  1.15e+05  0.3268125075  1.562748e-01 1.0216
1  1.20e+05  0.3368210309  1.562748e-01 1.0216
1  1.26e+05  0.3466124181  1.562748e-01 1.0216
1  1.32e+05  0.3557921871  1.562748e-01 1.0216
1  1.38e+05  0.3640900691  1.562748e-01 1.0216
1  1.45e+05  0.3714137527  1.562748e-01 1.0216
1  1.51e+05  0.3778438522  1.562748e-01 1.0216
1  1.58e+05  0.3835801531  1.562748e-01 1.0216
1  1.66e+05  0.3888695748  1.562748e-01 1.0216
1  1.74e+05  0.3939442197  1.562748e-01 1.0216
1  1.82e+05  0.398984343  1.562748e-01 1.0216
1  1.91e+05  0.4041070579  1.562748e-01 1.0216
1  2.00e+05  0.4093729393  1.562748e-01 1.0216
1  2.09e+05  0.4148004777  1.562748e-01 1.0216
1  2.19e+05  0.4203806584  1.562748e-01 1.0216
1  2.29e+05  0.4260878972  1.562748e-01 1.0216
1  2.40e+05  0.4318868716  1.562748e-01 1.0216
1  2.51e+05  0.4377364886  1.562748e-01 1.0216
1  2.63e+05  0.4435924942  1.562748e-01 1.0216
1  2.75e+05  0.4494097177  1.562748e-01 1.0216
1  2.88e+05  0.4551442946  1.562748e-01 1.0216
1  3.02e+05  0.4607557678  1.562748e-01 1.0216
1  3.16e+05  0.4662088112  1.562748e-01 1.0216
1  3.31e+05  0.4714743703  1.562748e-01 1.0216
1  3.47e+05  0.4765301508  1.562748e-01 1.0216
1  3.63e+05  0.4813605183  1.562748e-01 1.0216
1  3.80e+05  0.4859559521  1.562748e-01 1.0216
1  3.98e+05  0.4903122281  1.562748e-01 1.0216
1  4.17e+05  0.4944294839  1.562748e-01 1.0216
1  4.37e+05  0.4983112875  1.562748e-01 1.0216
1  4.57e+05  0.5019637853  1.562748e-01 1.0216
1  4.79e+05  0.5053949713  1.562748e-01 1.0216
1  5.01e+05  0.5086140858  1.562748e-01 1.0216
1  5.25e+05  0.5116311417  1.562748e-01 1.0216
1  5.50e+05  0.5144565591  1.562748e-01 1.0216
1  5.75e+05  0.5171008927  1.562748e-01 1.0216
1  6.03e+05  0.5195746314  1.562748e-01 1.0216
1  6.31e+05  0.5218880536  1.562748e-01 1.0216
1  6.61e+05  0.524051126  1.562748e-01 1.0216
1  6.92e+05  0.5260734346  1.562748e-01 1.0216
1  7.24e+05  0.5279641392  1.562748e-01 1.0216
1  7.59e+05  0.529731946  1.562748e-01 1.0216
1  7.94e+05  0.5313850943  1.562748e-01 1.0216
1  8.32e+05  0.5329313521  1.562748e-01 1.0216
1  8.71e+05  0.534378021  1.562748e-01 1.0216
1  9.12e+05  0.5357319449  1.562748e-01 1.0216
1  9.55e+05  0.5369995247  1.562748e-01 1.0216
1  1.00e+06  0.5381867346  1.562748e-01 1.0216
1  1.05e+06  0.5392991419  1.562748e-01 1.0216
1  1.10e+06  0.5403419266  1.562748e-01 1.0216
1  1.15e+06  0.5413199033  1.562748e-01 1.0216
1  1.20e+06  0.5422375425  1.562748e-01 1.0216
1  1.26e+06  0.5430989919  1.562748e-01 1.0216
1  1.32e+06  0.5439080975  1.562748e-01 1.0216
1  1.38e+06  0.5446684241  1.562748e-01 1.0216
1  1.45e+06  0.5453832749  1.562748e-01 1.0216
1  1.51e+06  0.54605571  1.562748e-01 1.0216
1  1.58e+06  0.5466885645  1.562748e-01 1.0216
1  1.66e+06  0.5472844649  1.562748e-01 1.0216
1  1.74e+06  0.547845845  1.562748e-01 1.0216
1  1.82e+06  0.548374961  1.562748e-01 1.0216
1  1.91e+06  0.5488739062  1.562748e-01 1.0216
1  2.00e+06  0.5493446172  1.562748e-01 1.0216
1  2.09e+06  0.5497888932  1.562748e-01 1.0216
1  2.19e+06  0.5502084055  1.562748e-01 1.0216
1  2.29e+06  0.5506047053  1.562748e-01 1.0216
1  2.40e+06  0.5509792341  1.562748e-01 1.0216
1  2.51e+06  0.5513333322  1.562748e-01 1.0216
1  2.63e+06  0.5516682469  1.562748e-01 1.0216
1  2.75e+06  0.5519851388  1.562748e-01 1.0216
1  2.88e+06  0.5522850888  1.562748e-01 1.0216
1  3.02e+06  0.5525691045  1.562748e-01 1.0216
1  3.16e+06  0.5528381257  1.562748e-01 1.0216
1  3.31e+06  0.5530930293  1.562748e-01 1.0216
1  3.47e+06  0.553334634  1.562748e-01 1.0216
1  3.63e+06  0.5535637048  1.562748e-01 1.0216
1  3.80e+06  0.5537809572  1.562748e-01 1.0216
1  3.98e+06  0.5539870603  1.562748e-01 1.0216
1  4.17e+06  0.5541826405  1.562748e-01 1.0216
1  4.37e+06  0.5543682847  1.562748e-01 1.0216
1  4.57e+06  0.5545445431  1.562748e-01 1.0216
1  4.79e+06  0.5547119314  1.562748e-01 1.0216
1  5.01e+06  0.5548709337  1.562748e-01 1.0216
1  5.25e+06  0.5550220045  1.562748e-01 1.0216
1  5.50e+06  0.555165571  1.562748e-01 1.0216
1  5.75e+06  0.5553020345  1.562748e-01 1.0216
1  6.03e+06  0.5554317727  1.562748e-01 1.0216
1  6.31e+06  0.5555551407  1.562748e-01 1.0216
1  6.61e+06  0.5556724732  1.562748e-01 1.0216
1  6.92e+06  0.5557840852  1.562748e-01 1.0216
1  7.24e+06  0.5558902737  1.562748e-01 1.0216
1  7.59e+06  0.5559913188  1.562748e-01 1.0216
1  7.94e+06  0.5560874847  1.562748e-01 1.0216
1  8.32e+06  0.5561790206  1.562748e-01 1.0216
1  8.71e+06  0.5562661621  1.562748e-01 1.0216
1  9.12e+06  0.5563491315  1.562748e-01 1.0216
1  9.55e+06  0.5564281389  1.562748e-01 1.0216
1  1.00e+07  0.5565033831  1.562748e-01 1.0216
