1  1.00e-03  0.5571441908  1.608027e-01 1.0512000000000001
1  1.05e-03  0.5571429816  1.608027e-01 1.0512000000000001
1  1.10e-03  0.5571415443  1.608027e-01 1.0512000000000001
1  1.15e-03  0.5571402437  1.608027e-01 1.0512000000000001
1  1.20e-03  0.5571386732  1.608027e-01 1.0512000000000001
1  1.26e-03  0.5571371702  1.608027e-01 1.0512000000000001
1  1.32e-03  0.5571354629  1.608027e-01 1.0512000000000001
1  1.38e-03  0.5571336948  1.608027e-01 1.0512000000000001
1  1.45e-03  0.5571319014  1.608027e-01 1.0512000000000001
1  1.51e-03  0.5571301447  1.608027e-01 1.0512000000000001
1  1.58e-03  0.5571280726  1.608027e-01 1.0512000000000001
1  1.66e-03  0.5571260715  1.608027e-01 1.0512000000000001
1  1.74e-03  0.5571239311  1.608027e-01 1.0512000000000001
1  1.82e-03  0.5571216497  1.608027e-01 1.0512000000000001
1  1.91e-03  0.5571192935  1.608027e-01 1.0512000000000001
1  2.00e-03  0.5571167943  1.608027e-01 1.0512000000000001
1  2.09e-03  0.557114158  1.608027e-01 1.0512000000000001
1  2.19e-03  0.5571114707  1.608027e-01 1.0512000000000001
1  2.29e-03  0.5571086677  1.608027e-01 1.0512000000000001
1  2.40e-03  0.5571057166  1.608027e-01 1.0512000000000001
1  2.51e-03  0.5571025451  1.608027e-01 1.0512000000000001
1  2.63e-03  0.5570993022  1.608027e-01 1.0512000000000001
1  2.75e-03  0.5570958835  1.608027e-01 1.0512000000000001
1  2.88e-03  0.5570923191  1.608027e-01 1.0512000000000001
1  3.02e-03  0.5570885488  1.608027e-01 1.0512000000000001
1  3.16e-03  0.5570846636  1.608027e-01 1.0512000000000001
1  3.31e-03  0.5570805249  1.608027e-01 1.0512000000000001
1  3.47e-03  0.5570762289  1.608027e-01 1.0512000000000001
1  3.63e-03  0.5570717369  1.608027e-01 1.0512000000000001
1  3.80e-03  0.5570670351  1.608027e-01 1.0512000000000001
1  3.98e-03  0.5570620639  1.608027e-01 1.0512000000000001
1  4.17e-03  0.5570569067  1.608027e-01 1.0512000000000001
1  4.37e-03  0.5570514926  1.608027e-01 1.0512000000000001
1  4.57e-03  0.5570458101  1.608027e-01 1.0512000000000001
1  4.79e-03  0.557039885  1.608027e-01 1.0512000000000001
1  5.01e-03  0.5570336583  1.608027e-01 1.0512000000000001
1  5.25e-03  0.5570271402  1.608027e-01 1.0512000000000001
1  5.50e-03  0.5570203347  1.608027e-01 1.0512000000000001
1  5.75e-03  0.5570131895  1.608027e-01 1.0512000000000001
1  6.03e-03  0.5570056975  1.608027e-01 1.0512000000000001
1  6.31e-03  0.5569978869  1.608027e-01 1.0512000000000001
1  6.61e-03  0.5569896541  1.608027e-01 1.0512000000000001
1  6.92e-03  0.55698109  1.608027e-01 1.0512000000000001
1  7.24e-03  0.5569720861  1.608027e-01 1.0512000000000001
1  7.59e-03  0.5569626513  1.608027e-01 1.0512000000000001
1  7.94e-03  0.5569528167  1.608027e-01 1.0512000000000001
1  8.32e-03  0.5569424547  1.608027e-01 1.0512000000000001
1  8.71e-03  0.5569316585  1.608027e-01 1.0512000000000001
1  9.12e-03  0.5569203086  1.608027e-01 1.0512000000000001
1  9.55e-03  0.5569084487  1.608027e-01 1.0512000000000001
1  1.00e-02  0.556896049  1.608027e-01 1.0512000000000001
1  1.05e-02  0.5568830208  1.608027e-01 1.0512000000000001
1  1.10e-02  0.5568693791  1.608027e-01 1.0512000000000001
1  1.15e-02  0.5568551306  1.608027e-01 1.0512000000000001
1  1.20e-02  0.5568401852  1.608027e-01 1.0512000000000001
1  1.26e-02  0.5568245609  1.608027e-01 1.0512000000000001
1  1.32e-02  0.5568081216  1.608027e-01 1.0512000000000001
1  1.38e-02  0.5567909694  1.608027e-01 1.0512000000000001
1  1.45e-02  0.5567729802  1.608027e-01 1.0512000000000001
1  1.51e-02  0.5567541637  1.608027e-01 1.0512000000000001
1  1.58e-02  0.5567344402  1.608027e-01 1.0512000000000001
1  1.66e-02  0.5567137982  1.608027e-01 1.0512000000000001
1  1.74e-02  0.5566922283  1.608027e-01 1.0512000000000001
1  1.82e-02  0.5566695231  1.608027e-01 1.0512000000000001
1  1.91e-02  0.5566458738  1.608027e-01 1.0512000000000001
1  2.00e-02  0.5566209694  1.608027e-01 1.0512000000000001
1  2.09e-02  0.5565950196  1.608027e-01 1.0512000000000001
1  2.19e-02  0.5565677295  1.608027e-01 1.0512000000000001
1  2.29e-02  0.5565392401  1.608027e-01 1.0512000000000001
1  2.40e-02  0.5565092731  1.608027e-01 1.0512000000000001
1  2.51e-02  0.5564780727  1.608027e-01 1.0512000000000001
1  2.63e-02  0.5564452888  1.608027e-01 1.0512000000000001
1  2.75e-02  0.5564109203  1.608027e-01 1.0512000000000001
1  2.88e-02  0.5563748821  1.608027e-01 1.0512000000000001
1  3.02e-02  0.5563373345  1.608027e-01 1.0512000000000001
1  3.16e-02  0.5562977806  1.608027e-01 1.0512000000000001
1  3.31e-02  0.5562565026  1.608027e-01 1.0512000000000001
1  3.47e-02  0.5562132404  1.608027e-01 1.0512000000000001
1  3.63e-02  0.5561678552  1.608027e-01 1.0512000000000001
1  3.80e-02  0.5561204445  1.608027e-01 1.0512000000000001
1  3.98e-02  0.5560705642  1.608027e-01 1.0512000000000001
1  4.17e-02  0.5560185744  1.608027e-01 1.0512000000000001
1  4.37e-02  0.5559639612  1.608027e-01 1.0512000000000001
1  4.57e-02  0.5559068304  1.608027e-01 1.0512000000000001
1  4.79e-02  0.5558469643  1.608027e-01 1.0512000000000001
1  5.01e-02  0.5557841526  1.608027e-01 1.0512000000000001
1  5.25e-02  0.5557183896  1.608027e-01 1.0512000000000001
1  5.50e-02  0.5556494269  1.608027e-01 1.0512000000000001
1  5.75e-02  0.5555772956  1.608027e-01 1.0512000000000001
1  6.03e-02  0.5555017115  1.608027e-01 1.0512000000000001
1  6.31e-02  0.5554227538  1.608027e-01 1.0512000000000001
1  6.61e-02  0.5553396362  1.608027e-01 1.0512000000000001
1  6.92e-02  0.5552529082  1.608027e-01 1.0512000000000001
1  7.24e-02  0.5551617538  1.608027e-01 1.0512000000000001
1  7.59e-02  0.555066406  1.608027e-01 1.0512000000000001
1  7.94e-02  0.5549661581  1.608027e-01 1.0512000000000001
1  8.32e-02  0.5548614716  1.608027e-01 1.0512000000000001
1  8.71e-02  0.5547515672  1.608027e-01 1.0512000000000001
1  9.12e-02  0.5546367651  1.608027e-01 1.0512000000000001
1  9.55e-02  0.5545162735  1.608027e-01 1.0512000000000001
1  1.00e-01  0.5543889068  1.608027e-01 1.0512000000000001
1  1.05e-01  0.5542573463  1.608027e-01 1.0512000000000001
1  1.10e-01  0.5541187029  1.608027e-01 1.0512000000000001
1  1.15e-01  0.5539733178  1.608027e-01 1.0512000000000001
1  1.20e-01  0.5538205797  1.608027e-01 1.0512000000000001
1  1.26e-01  0.5536606551  1.608027e-01 1.0512000000000001
1  1.32e-01  0.553493159  1.608027e-01 1.0512000000000001
1  1.38e-01  0.5533176383  1.608027e-01 1.0512000000000001
1  1.45e-01  0.5531334764  1.608027e-01 1.0512000000000001
1  1.51e-01  0.5529408955  1.608027e-01 1.0512000000000001
1  1.58e-01  0.5527379531  1.608027e-01 1.0512000000000001
1  1.66e-01  0.552526241  1.608027e-01 1.0512000000000001
1  1.74e-01  0.5523032662  1.608027e-01 1.0512000000000001
1  1.82e-01  0.5520703901  1.608027e-01 1.0512000000000001
1  1.91e-01  0.5518259834  1.608027e-01 1.0512000000000001
1  2.00e-01  0.5515687826  1.608027e-01 1.0512000000000001
1  2.09e-01  0.5513001814  1.608027e-01 1.0512000000000001
1  2.19e-01  0.5510175296  1.608027e-01 1.0512000000000001
1  2.29e-01  0.5507217651  1.608027e-01 1.0512000000000001
1  2.40e-01  0.5504107138  1.608027e-01 1.0512000000000001
1  2.51e-01  0.5500847522  1.608027e-01 1.0512000000000001
1  2.63e-01  0.5497425797  1.608027e-01 1.0512000000000001
1  2.75e-01  0.5493834979  1.608027e-01 1.0512000000000001
1  2.88e-01  0.5490075014  1.608027e-01 1.0512000000000001
1  3.02e-01  0.5486118321  1.608027e-01 1.0512000000000001
1  3.16e-01  0.5481959301  1.608027e-01 1.0512000000000001
1  3.31e-01  0.5477611476  1.608027e-01 1.0512000000000001
1  3.47e-01  0.5473037978  1.608027e-01 1.0512000000000001
1  3.63e-01  0.5468239331  1.608027e-01 1.0512000000000001
1  3.80e-01  0.5463187985  1.608027e-01 1.0512000000000001
1  3.98e-01  0.5457895754  1.608027e-01 1.0512000000000001
1  4.17e-01  0.5452331082  1.608027e-01 1.0512000000000001
1  4.37e-01  0.5446482103  1.608027e-01 1.0512000000000001
1  4.57e-01  0.5440359554  1.608027e-01 1.0512000000000001
1  4.79e-01  0.5433890752  1.608027e-01 1.0512000000000001
1  5.01e-01  0.5427127265  1.608027e-01 1.0512000000000001
1  5.25e-01  0.5420009395  1.608027e-01 1.0512000000000001
1  5.50e-01  0.5412522924  1.608027e-01 1.0512000000000001
1  5.75e-01  0.5404631342  1.608027e-01 1.0512000000000001
1  6.03e-01  0.5396377032  1.608027e-01 1.0512000000000001
1  6.31e-01  0.5387659501  1.608027e-01 1.0512000000000001
1  6.61e-01  0.5378495009  1.608027e-01 1.0512000000000001
1  6.92e-01  0.5368870108  1.608027e-01 1.0512000000000001
1  7.24e-01  0.5358754734  1.608027e-01 1.0512000000000001
1  7.59e-01  0.5348111826  1.608027e-01 1.0512000000000001
1  7.94e-01  0.5336886381  1.608027e-01 1.0512000000000001
1  8.32e-01  0.5325073968  1.608027e-01 1.0512000000000001
1  8.71e-01  0.5312654105  1.608027e-01 1.0512000000000001
1  9.12e-01  0.529960096  1.608027e-01 1.0512000000000001
1  9.55e-01  0.5285824836  1.608027e-01 1.0512000000000001
1  1.00e+00  0.5271340735  1.608027e-01 1.0512000000000001
1  1.05e+00  0.5256091591  1.608027e-01 1.0512000000000001
1  1.10e+00  0.5240027856  1.608027e-01 1.0512000000000001
1  1.15e+00  0.5223096726  1.608027e-01 1.0512000000000001
1  1.20e+00  0.5205295149  1.608027e-01 1.0512000000000001
1  1.26e+00  0.5186520836  1.608027e-01 1.0512000000000001
1  1.32e+00  0.5166783448  1.608027e-01 1.0512000000000001
1  1.38e+00  0.5146011009  1.608027e-01 1.0512000000000001
1  1.45e+00  0.5124086086  1.608027e-01 1.0512000000000001
1  1.51e+00  0.5101007251  1.608027e-01 1.0512000000000001
1  1.58e+00  0.5076783573  1.608027e-01 1.0512000000000001
1  1.66e+00  0.5051217249  1.608027e-01 1.0512000000000001
1  1.74e+00  0.5024399393  1.608027e-01 1.0512000000000001
1  1.82e+00  0.4996116929  1.608027e-01 1.0512000000000001
1  1.91e+00  0.4966455991  1.608027e-01 1.0512000000000001
1  2.00e+00  0.4935274023  1.608027e-01 1.0512000000000001
1  2.09e+00  0.4902545248  1.608027e-01 1.0512000000000001
1  2.19e+00  0.4868221917  1.608027e-01 1.0512000000000001
1  2.29e+00  0.4832139932  1.608027e-01 1.0512000000000001
1  2.40e+00  0.4794553089  1.608027e-01 1.0512000000000001
1  2.51e+00  0.4755148161  1.608027e-01 1.0512000000000001
1  2.63e+00  0.4713918689  1.608027e-01 1.0512000000000001
1  2.75e+00  0.4671022966  1.608027e-01 1.0512000000000001
1  2.88e+00  0.4626494317  1.608027e-01 1.0512000000000001
1  3.02e+00  0.4580070106  1.608027e-01 1.0512000000000001
1  3.16e+00  0.4532054979  1.608027e-01 1.0512000000000001
1  3.31e+00  0.448234191  1.608027e-01 1.0512000000000001
1  3.47e+00  0.4430935932  1.608027e-01 1.0512000000000001
1  3.63e+00  0.4378236647  1.608027e-01 1.0512000000000001
1  3.80e+00  0.4324335774  1.608027e-01 1.0512000000000001
1  3.98e+00  0.4269090037  1.608027e-01 1.0512000000000001
1  4.17e+00  0.4212847039  1.608027e-01 1.0512000000000001
1  4.37e+00  0.4155939342  1.608027e-01 1.0512000000000001
1  4.57e+00  0.4098295102  1.608027e-01 1.0512000000000001
1  4.79e+00  0.4040671126  1.608027e-01 1.0512000000000001
1  5.01e+00  0.3982756462  1.608027e-01 1.0512000000000001
1  5.25e+00  0.3925056689  1.608027e-01 1.0512000000000001
1  5.50e+00  0.3868107172  1.608027e-01 1.0512000000000001
1  5.75e+00  0.3811692251  1.608027e-01 1.0512000000000001
1  6.03e+00  0.3756525912  1.608027e-01 1.0512000000000001
1  6.31e+00  0.3702834279  1.608027e-01 1.0512000000000001
1  6.61e+00  0.3650368319  1.608027e-01 1.0512000000000001
1  6.92e+00  0.3599955433  1.608027e-01 1.0512000000000001
1  7.24e+00  0.3551260323  1.608027e-01 1.0512000000000001
1  7.59e+00  0.3504701461  1.608027e-01 1.0512000000000001
1  7.94e+00  0.3460630639  1.608027e-01 1.0512000000000001
1  8.32e+00  0.3418695818  1.608027e-01 1.0512000000000001
1  8.71e+00  0.3378973339  1.608027e-01 1.0512000000000001
1  9.12e+00  0.3341549447  1.608027e-01 1.0512000000000001
1  9.55e+00  0.3306564687  1.608027e-01 1.0512000000000001
1  1.00e+01  0.327415752  1.608027e-01 1.0512000000000001
1  1.05e+01  0.3243521713  1.608027e-01 1.0512000000000001
1  1.10e+01  0.3215546167  1.608027e-01 1.0512000000000001
1  1.15e+01  0.318882939  1.608027e-01 1.0512000000000001
1  1.20e+01  0.3165378993  1.608027e-01 1.0512000000000001
1  1.26e+01  0.3142726812  1.608027e-01 1.0512000000000001
1  1.32e+01  0.3122364739  1.608027e-01 1.0512000000000001
1  1.38e+01  0.3103185625  1.608027e-01 1.0512000000000001
1  1.45e+01  0.3086056001  1.608027e-01 1.0512000000000001
1  1.51e+01  0.3069842039  1.608027e-01 1.0512000000000001
1  1.58e+01  0.30551496  1.608027e-01 1.0512000000000001
1  1.66e+01  0.3041917726  1.608027e-01 1.0512000000000001
1  1.74e+01  0.3029507831  1.608027e-01 1.0512000000000001
1  1.82e+01  0.3017936044  1.608027e-01 1.0512000000000001
1  1.91e+01  0.3007697505  1.608027e-01 1.0512000000000001
1  2.00e+01  0.2998005957  1.608027e-01 1.0512000000000001
1  2.09e+01  0.298893872  1.608027e-01 1.0512000000000001
1  2.19e+01  0.2980970162  1.608027e-01 1.0512000000000001
1  2.29e+01  0.2973101415  1.608027e-01 1.0512000000000001
1  2.40e+01  0.2965995962  1.608027e-01 1.0512000000000001
1  2.51e+01  0.295951704  1.608027e-01 1.0512000000000001
1  2.63e+01  0.2953176767  1.608027e-01 1.0512000000000001
1  2.75e+01  0.2947454911  1.608027e-01 1.0512000000000001
1  2.88e+01  0.294182954  1.608027e-01 1.0512000000000001
1  3.02e+01  0.2936793054  1.608027e-01 1.0512000000000001
1  3.16e+01  0.2931571154  1.608027e-01 1.0512000000000001
1  3.31e+01  0.2926681229  1.608027e-01 1.0512000000000001
1  3.47e+01  0.2922014562  1.608027e-01 1.0512000000000001
1  3.63e+01  0.2917522534  1.608027e-01 1.0512000000000001
1  3.80e+01  0.2912993641  1.608027e-01 1.0512000000000001
1  3.98e+01  0.2908335898  1.608027e-01 1.0512000000000001
1  4.17e+01  0.2903688656  1.608027e-01 1.0512000000000001
1  4.37e+01  0.2899068158  1.608027e-01 1.0512000000000001
1  4.57e+01  0.2894472077  1.608027e-01 1.0512000000000001
1  4.79e+01  0.2889503168  1.608027e-01 1.0512000000000001
1  5.01e+01  0.2884528909  1.608027e-01 1.0512000000000001
1  5.25e+01  0.2879155946  1.608027e-01 1.0512000000000001
1  5.50e+01  0.2873571266  1.608027e-01 1.0512000000000001
1  5.75e+01  0.28674164  1.608027e-01 1.0512000000000001
1  6.03e+01  0.2860977675  1.608027e-01 1.0512000000000001
1  6.31e+01  0.2854094851  1.608027e-01 1.0512000000000001
1  6.61e+01  0.2846547739  1.608027e-01 1.0512000000000001
1  6.92e+01  0.2837971942  1.608027e-01 1.0512000000000001
1  7.24e+01  0.2828822074  1.608027e-01 1.0512000000000001
1  7.59e+01  0.2818666325  1.608027e-01 1.0512000000000001
1  7.94e+01  0.280721266  1.608027e-01 1.0512000000000001
1  8.32e+01  0.279418602  1.608027e-01 1.0512000000000001
1  8.71e+01  0.277952396  1.608027e-01 1.0512000000000001
1  9.12e+01  0.2762767495  1.608027e-01 1.0512000000000001
1  9.55e+01  0.2743741611  1.608027e-01 1.0512000000000001
1  1.00e+02  0.2721369404  1.608027e-01 1.0512000000000001
1  1.05e+02  0.2695329616  1.608027e-01 1.0512000000000001
1  1.10e+02  0.2664464643  1.608027e-01 1.0512000000000001
1  1.15e+02  0.2628268607  1.608027e-01 1.0512000000000001
1  1.20e+02  0.2584745897  1.608027e-01 1.0512000000000001
1  1.26e+02  0.2532530951  1.608027e-01 1.0512000000000001
1  1.32e+02  0.2469230701  1.608027e-01 1.0512000000000001
1  1.38e+02  0.2392534754  1.608027e-01 1.0512000000000001
1  1.45e+02  0.2299594101  1.608027e-01 1.0512000000000001
1  1.51e+02  0.2187526882  1.608027e-01 1.0512000000000001
1  1.58e+02  0.2053773396  1.608027e-01 1.0512000000000001
1  1.66e+02  0.1898028301  1.608027e-01 1.0512000000000001
1  1.74e+02  0.1722793491  1.608027e-01 1.0512000000000001
1  1.82e+02  0.153458465  1.608027e-01 1.0512000000000001
1  1.91e+02  0.1343402946  1.608027e-01 1.0512000000000001
1  2.00e+02  0.1160267877  1.608027e-01 1.0512000000000001
1  2.09e+02  0.09949024047  1.608027e-01 1.0512000000000001
1  2.19e+02  0.08528760397  1.608027e-01 1.0512000000000001
1  2.29e+02  0.07353944858  1.608027e-01 1.0512000000000001
1  2.40e+02  0.06406166566  1.608027e-01 1.0512000000000001
1  2.51e+02  0.05654178349  1.608027e-01 1.0512000000000001
1  2.63e+02  0.05061409437  1.608027e-01 1.0512000000000001
1  2.75e+02  0.04595183787  1.608027e-01 1.0512000000000001
1  2.88e+02  0.04228363801  1.608027e-01 1.0512000000000001
1  3.02e+02  0.0393725138  1.608027e-01 1.0512000000000001
1  3.16e+02  0.03705009819  1.608027e-01 1.0512000000000001
1  3.31e+02  0.03518706189  1.608027e-01 1.0512000000000001
1  3.47e+02  0.0336855147  1.608027e-01 1.0512000000000001
1  3.63e+02  0.03245993692  1.608027e-01 1.0512000000000001
1  3.80e+02  0.0314585053  1.608027e-01 1.0512000000000001
1  3.98e+02  0.03063139036  1.608027e-01 1.0512000000000001
1  4.17e+02  0.02994462705  1.608027e-01 1.0512000000000001
1  4.37e+02  0.02937346706  1.608027e-01 1.0512000000000001
1  4.57e+02  0.02889120515  1.608027e-01 1.0512000000000001
1  4.79e+02  0.02848754875  1.608027e-01 1.0512000000000001
1  5.01e+02  0.0281417588  1.608027e-01 1.0512000000000001
1  5.25e+02  0.02784914994  1.608027e-01 1.0512000000000001
1  5.50e+02  0.02759693649  1.608027e-01 1.0512000000000001
1  5.75e+02  0.02738338716  1.608027e-01 1.0512000000000001
1  6.03e+02  0.02719881704  1.608027e-01 1.0512000000000001
1  6.31e+02  0.02703832938  1.608027e-01 1.0512000000000001
1  6.61e+02  0.02689831386  1.608027e-01 1.0512000000000001
1  6.92e+02  0.02677735597  1.608027e-01 1.0512000000000001
1  7.24e+02  0.0266718603  1.608027e-01 1.0512000000000001
1  7.59e+02  0.02657944393  1.608027e-01 1.0512000000000001
1  7.94e+02  0.02649936124  1.608027e-01 1.0512000000000001
1  8.32e+02  0.02642918804  1.608027e-01 1.0512000000000001
1  8.71e+02  0.02636593895  1.608027e-01 1.0512000000000001
1  9.12e+02  0.0263120387  1.608027e-01 1.0512000000000001
1  9.55e+02  0.02626328429  1.608027e-01 1.0512000000000001
1  1.00e+03  0.02622057177  1.608027e-01 1.0512000000000001
1  1.05e+03  0.02618124928  1.608027e-01 1.0512000000000001
1  1.10e+03  0.02614802945  1.608027e-01 1.0512000000000001
1  1.15e+03  0.02611951061  1.608027e-01 1.0512000000000001
1  1.20e+03  0.02609175371  1.608027e-01 1.0512000000000001
1  1.26e+03  0.02606740603  1.608027e-01 1.0512000000000001
1  1.32e+03  0.0260467082  1.608027e-01 1.0512000000000001
1  1.38e+03  0.02602778731  1.608027e-01 1.0512000000000001
1  1.45e+03  0.02601092698  1.608027e-01 1.0512000000000001
1  1.51e+03  0.02599667743  1.608027e-01 1.0512000000000001
1  1.58e+03  0.02598131887  1.608027e-01 1.0512000000000001
1  1.66e+03  0.0259691673  1.608027e-01 1.0512000000000001
1  1.74e+03  0.02595860354  1.608027e-01 1.0512000000000001
1  1.82e+03  0.02594833462  1.608027e-01 1.0512000000000001
1  1.91e+03  0.02594001936  1.608027e-01 1.0512000000000001
1  2.00e+03  0.02593142507  1.608027e-01 1.0512000000000001
1  2.09e+03  0.02592460284  1.608027e-01 1.0512000000000001
1  2.19e+03  0.02591800039  1.608027e-01 1.0512000000000001
1  2.29e+03  0.02591345527  1.608027e-01 1.0512000000000001
1  2.40e+03  0.02590792672  1.608027e-01 1.0512000000000001
1  2.51e+03  0.02590219881  1.608027e-01 1.0512000000000001
1  2.63e+03  0.02589802575  1.608027e-01 1.0512000000000001
1  2.75e+03  0.02589408828  1.608027e-01 1.0512000000000001
1  2.88e+03  0.02589224074  1.608027e-01 1.0512000000000001
1  3.02e+03  0.02588759544  1.608027e-01 1.0512000000000001
1  3.16e+03  0.02588501908  1.608027e-01 1.0512000000000001
1  3.31e+03  0.02588328427  1.608027e-01 1.0512000000000001
1  3.47e+03  0.02588020651  1.608027e-01 1.0512000000000001
1  3.63e+03  0.02588028539  1.608027e-01 1.0512000000000001
1  3.80e+03  0.02587926611  1.608027e-01 1.0512000000000001
1  3.98e+03  0.02587560539  1.608027e-01 1.0512000000000001
1  4.17e+03  0.02586978623  1.608027e-01 1.0512000000000001
1  4.37e+03  0.02586987358  1.608027e-01 1.0512000000000001
1  4.57e+03  0.02586927854  1.608027e-01 1.0512000000000001
1  4.79e+03  0.02586564189  1.608027e-01 1.0512000000000001
1  5.01e+03  0.02587031398  1.608027e-01 1.0512000000000001
1  5.25e+03  0.02587546256  1.608027e-01 1.0512000000000001
1  5.50e+03  0.02586735722  1.608027e-01 1.0512000000000001
1  5.75e+03  0.02585987964  1.608027e-01 1.0512000000000001
1  6.03e+03  0.02588365462  1.608027e-01 1.0512000000000001
1  6.31e+03  0.02586469631  1.608027e-01 1.0512000000000001
1  6.61e+03  0.02588380685  1.608027e-01 1.0512000000000001
1  6.92e+03  0.02587108275  1.608027e-01 1.0512000000000001
1  7.24e+03  0.02591605559  1.608027e-01 1.0512000000000001
1  7.59e+03  0.02587724558  1.608027e-01 1.0512000000000001
1  7.94e+03  0.02593929607  1.608027e-01 1.0512000000000001
1  8.32e+03  0.02599089024  1.608027e-01 1.0512000000000001
1  8.71e+03  0.02597630116  1.608027e-01 1.0512000000000001
1  9.12e+03  0.02601556405  1.608027e-01 1.0512000000000001
1  9.55e+03  0.02613903758  1.608027e-01 1.0512000000000001
1  1.00e+04  0.02631663803  1.608027e-01 1.0512000000000001
1  1.05e+04  0.02647646951  1.608027e-01 1.0512000000000001
1  1.10e+04  0.02669852843  1.608027e-01 1.0512000000000001
1  1.15e+04  0.02692390459  1.608027e-01 1.0512000000000001
1  1.20e+04  0.02729813513  1.608027e-01 1.0512000000000001
1  1.26e+04  0.0277101215  1.608027e-01 1.0512000000000001
1  1.32e+04  0.02817580383  1.608027e-01 1.0512000000000001
1  1.38e+04  0.02872937835  1.608027e-01 1.0512000000000001
1  1.45e+04  0.02938433604  1.608027e-01 1.0512000000000001
1  1.51e+04  0.03030308774  1.608027e-01 1.0512000000000001
1  1.58e+04  0.0315822272  1.608027e-01 1.0512000000000001
1  1.66e+04  0.03300738898  1.608027e-01 1.0512000000000001
1  1.74e+04  0.03431798632  1.608027e-01 1.0512000000000001
1  1.82e+04  0.03577478095  1.608027e-01 1.0512000000000001
1  1.91e+04  0.03810207199  1.608027e-01 1.0512000000000001
1  2.00e+04  0.04074029167  1.608027e-01 1.0512000000000001
1  2.09e+04  0.04288317869  1.608027e-01 1.0512000000000001
1  2.19e+04  0.0459198995  1.608027e-01 1.0512000000000001
1  2.29e+04  0.04930906337  1.608027e-01 1.0512000000000001
1  2.40e+04  0.05279841622  1.608027e-01 1.0512000000000001
1  2.51e+04  0.05671025785  1.608027e-01 1.0512000000000001
1  2.63e+04  0.06121469016  1.608027e-01 1.0512000000000001
1  2.75e+04  0.06557895246  1.608027e-01 1.0512000000000001
1  2.88e+04  0.07099705549  1.608027e-01 1.0512000000000001
1  3.02e+04  0.07604457554  1.608027e-01 1.0512000000000001
1  3.16e+04  0.08194745799  1.608027e-01 1.0512000000000001
1  3.31e+04  0.08838731748  1.608027e-01 1.0512000000000001
1  3.47e+04  0.09387095948  1.608027e-01 1.0512000000000001
1  3.63e+04  0.1019565513  1.608027e-01 1.0512000000000001
1  3.80e+04  0.1083666677  1.608027e-01 1.0512000000000001
1  3.98e+04  0.1148168368  1.608027e-01 1.0512000000000001
1  4.17e+04  0.124563574  1.608027e-01 1.0512000000000001
1  4.37e+04  0.1316517319  1.608027e-01 1.0512000000000001
1  4.57e+04  0.137991089  1.608027e-01 1.0512000000000001
1  4.79e+04  0.1482341591  1.608027e-01 1.0512000000000001
1  5.01e+04  0.1580823857  1.608027e-01 1.0512000000000001
1  5.25e+04  0.1649823941  1.608027e-01 1.0512000000000001
1  5.50e+04  0.1725175796  1.608027e-01 1.0512000000000001
1  5.75e+04  0.1825817946  1.608027e-01 1.0512000000000001
1  6.03e+04  0.1934361776  1.608027e-01 1.0512000000000001
1  6.31e+04  0.2031083263  1.608027e-01 1.0512000000000001
1  6.61e+04  0.2110666803  1.608027e-01 1.0512000000000001
1  6.92e+04  0.2183723434  1.608027e-01 1.0512000000000001
1  7.24e+04  0.2268888467  1.608027e-01 1.0512000000000001
1  7.59e+04  0.2375137979  1.608027e-01 1.0512000000000001
1  7.94e+04  0.2491783342  1.608027e-01 1.0512000000000001
1  8.32e+04  0.2599331361  1.608027e-01 1.0512000000000001
1  8.71e+04  0.2687179511  1.608027e-01 1.0512000000000001
1  9.12e+04  0.2759286997  1.608027e-01 1.0512000000000001
1  9.55e+04  0.282715342  1.608027e-01 1.0512000000000001
1  1.00e+05  0.2900659426  1.608027e-01 1.0512000000000001
1  1.05e+05  0.2984089383  1.608027e-01 1.0512000000000001
1  1.10e+05  0.3077063188  1.608027e-01 1.0512000000000001
1  1.15e+05  0.3176705179  1.608027e-01 1.0512000000000001
1  1.20e+05  0.3278946062  1.608027e-01 1.0512000000000001
1  1.26e+05  0.3379234203  1.608027e-01 1.0512000000000001
1  1.32e+05  0.3473382287  1.608027e-01 1.0512000000000001
1  1.38e+05  0.3558514652  1.608027e-01 1.0512000000000001
1  1.45e+05  0.3633638847  1.608027e-01 1.0512000000000001
1  1.51e+05  0.3699578382  1.608027e-01 1.0512000000000001
1  1.58e+05  0.3758397375  1.608027e-01 1.0512000000000001
1  1.66e+05  0.3812645577  1.608027e-01 1.0512000000000001
1  1.74e+05  0.3864717599  1.608027e-01 1.0512000000000001
1  1.82e+05  0.3916474225  1.608027e-01 1.0512000000000001
1  1.91e+05  0.3969128919  1.608027e-01 1.0512000000000001
1  2.00e+05  0.4023316161  1.608027e-01 1.0512000000000001
1  2.09e+05  0.4079238201  1.608027e-01 1.0512000000000001
1  2.19e+05  0.4136812124  1.608027e-01 1.0512000000000001
1  2.29e+05  0.4195779964  1.608027e-01 1.0512000000000001
1  2.40e+05  0.4255777926  1.608027e-01 1.0512000000000001
1  2.51e+05  0.4316377532  1.608027e-01 1.0512000000000001
1  2.63e+05  0.4377113723  1.608027e-01 1.0512000000000001
1  2.75e+05  0.4437509588  1.608027e-01 1.0512000000000001
1  2.88e+05  0.4497100762  1.608027e-01 1.0512000000000001
1  3.02e+05  0.4555458241  1.608027e-01 1.0512000000000001
1  3.16e+05  0.4612206874  1.608027e-01 1.0512000000000001
1  3.31e+05  0.4667037505  1.608027e-01 1.0512000000000001
1  3.47e+05  0.4719712113  1.608027e-01 1.0512000000000001
1  3.63e+05  0.4770062726  1.608027e-01 1.0512000000000001
1  3.80e+05  0.481798567  1.608027e-01 1.0512000000000001
1  3.98e+05  0.4863432978  1.608027e-01 1.0512000000000001
1  4.17e+05  0.4906402601  1.608027e-01 1.0512000000000001
1  4.37e+05  0.4946928661  1.608027e-01 1.0512000000000001
1  4.57e+05  0.4985072551  1.608027e-01 1.0512000000000001
1  4.79e+05  0.5020915283  1.608027e-01 1.0512000000000001
1  5.01e+05  0.5054551211  1.608027e-01 1.0512000000000001
1  5.25e+05  0.5086083054  1.608027e-01 1.0512000000000001
1  5.50e+05  0.5115618069  1.608027e-01 1.0512000000000001
1  5.75e+05  0.5143265173  1.608027e-01 1.0512000000000001
1  6.03e+05  0.5169132824  1.608027e-01 1.0512000000000001
1  6.31e+05  0.5193327483  1.608027e-01 1.0512000000000001
1  6.61e+05  0.5215952531  1.608027e-01 1.0512000000000001
1  6.92e+05  0.5237107518  1.608027e-01 1.0512000000000001
1  7.24e+05  0.525688767  1.608027e-01 1.0512000000000001
1  7.59e+05  0.5275383576  1.608027e-01 1.0512000000000001
1  7.94e+05  0.5292681037  1.608027e-01 1.0512000000000001
1  8.32e+05  0.5308861002  1.608027e-01 1.0512000000000001
1  8.71e+05  0.5323999601  1.608027e-01 1.0512000000000001
1  9.12e+05  0.5338168233  1.608027e-01 1.0512000000000001
1  9.55e+05  0.5351433704  1.608027e-01 1.0512000000000001
1  1.00e+06  0.5363858395  1.608027e-01 1.0512000000000001
1  1.05e+06  0.5375500453  1.608027e-01 1.0512000000000001
1  1.10e+06  0.5386414002  1.608027e-01 1.0512000000000001
1  1.15e+06  0.5396649363  1.608027e-01 1.0512000000000001
1  1.20e+06  0.5406253266  1.608027e-01 1.0512000000000001
1  1.26e+06  0.5415269083  1.608027e-01 1.0512000000000001
1  1.32e+06  0.5423737035  1.608027e-01 1.0512000000000001
1  1.38e+06  0.5431694412  1.608027e-01 1.0512000000000001
1  1.45e+06  0.5439175768  1.608027e-01 1.0512000000000001
1  1.51e+06  0.5446213124  1.608027e-01 1.0512000000000001
1  1.58e+06  0.5452836145  1.608027e-01 1.0512000000000001
1  1.66e+06  0.5459072322  1.608027e-01 1.0512000000000001
1  1.74e+06  0.5464947126  1.608027e-01 1.0512000000000001
1  1.82e+06  0.5470484177  1.608027e-01 1.0512000000000001
1  1.91e+06  0.5475705379  1.608027e-01 1.0512000000000001
1  2.00e+06  0.5480631016  1.608027e-01 1.0512000000000001
1  2.09e+06  0.5485279925  1.608027e-01 1.0512000000000001
1  2.19e+06  0.5489669598  1.608027e-01 1.0512000000000001
1  2.29e+06  0.5493816275  1.608027e-01 1.0512000000000001
1  2.40e+06  0.5497735058  1.608027e-01 1.0512000000000001
1  2.51e+06  0.5501439979  1.608027e-01 1.0512000000000001
1  2.63e+06  0.5504944092  1.608027e-01 1.0512000000000001
1  2.75e+06  0.5508259555  1.608027e-01 1.0512000000000001
1  2.88e+06  0.5511397687  1.608027e-01 1.0512000000000001
1  3.02e+06  0.5514369037  1.608027e-01 1.0512000000000001
1  3.16e+06  0.5517183445  1.608027e-01 1.0512000000000001
1  3.31e+06  0.5519850095  1.608027e-01 1.0512000000000001
1  3.47e+06  0.5522377559  1.608027e-01 1.0512000000000001
1  3.63e+06  0.5524773847  1.608027e-01 1.0512000000000001
1  3.80e+06  0.552704645  1.608027e-01 1.0512000000000001
1  3.98e+06  0.5529202375  1.608027e-01 1.0512000000000001
1  4.17e+06  0.5531248181  1.608027e-01 1.0512000000000001
1  4.37e+06  0.5533190013  1.608027e-01 1.0512000000000001
1  4.57e+06  0.5535033628  1.608027e-01 1.0512000000000001
1  4.79e+06  0.5536784428  1.608027e-01 1.0512000000000001
1  5.01e+06  0.5538447482  1.608027e-01 1.0512000000000001
1  5.25e+06  0.5540027547  1.608027e-01 1.0512000000000001
1  5.50e+06  0.5541529094  1.608027e-01 1.0512000000000001
1  5.75e+06  0.5542956326  1.608027e-01 1.0512000000000001
1  6.03e+06  0.5544313194  1.608027e-01 1.0512000000000001
1  6.31e+06  0.5545603418  1.608027e-01 1.0512000000000001
1  6.61e+06  0.5546830499  1.608027e-01 1.0512000000000001
1  6.92e+06  0.5547997736  1.608027e-01 1.0512000000000001
1  7.24e+06  0.5549108236  1.608027e-01 1.0512000000000001
1  7.59e+06  0.5550164931  1.608027e-01 1.0512000000000001
1  7.94e+06  0.5551170586  1.608027e-01 1.0512000000000001
1  8.32e+06  0.555212781  1.608027e-01 1.0512000000000001
1  8.71e+06  0.5553039067  1.608027e-01 1.0512000000000001
1  9.12e+06  0.5553906683  1.608027e-01 1.0512000000000001
1  9.55e+06  0.5554732859  1.608027e-01 1.0512000000000001
1  1.00e+07  0.5555519674  1.608027e-01 1.0512000000000001
