1  1.00e-03  0.5583295747  1.546839e-01 1.0112
1  1.05e-03  0.5583283677  1.546839e-01 1.0112
1  1.10e-03  0.5583269223  1.546839e-01 1.0112
1  1.15e-03  0.5583256182  1.546839e-01 1.0112
1  1.20e-03  0.5583240488  1.546839e-01 1.0112
1  1.26e-03  0.5583225368  1.546839e-01 1.0112
1  1.32e-03  0.5583208274  1.546839e-01 1.0112
1  1.38e-03  0.5583190584  1.546839e-01 1.0112
1  1.45e-03  0.5583172536  1.546839e-01 1.0112
1  1.51e-03  0.5583155014  1.546839e-01 1.0112
1  1.58e-03  0.5583134205  1.546839e-01 1.0112
1  1.66e-03  0.5583114123  1.546839e-01 1.0112
1  1.74e-03  0.558309264  1.546839e-01 1.0112
1  1.82e-03  0.5583069785  1.546839e-01 1.0112
1  1.91e-03  0.558304631  1.546839e-01 1.0112
1  2.00e-03  0.5583021253  1.546839e-01 1.0112
1  2.09e-03  0.5582994808  1.546839e-01 1.0112
1  2.19e-03  0.5582967762  1.546839e-01 1.0112
1  2.29e-03  0.5582939758  1.546839e-01 1.0112
1  2.40e-03  0.5582910106  1.546839e-01 1.0112
1  2.51e-03  0.5582878297  1.546839e-01 1.0112
1  2.63e-03  0.5582845838  1.546839e-01 1.0112
1  2.75e-03  0.5582811647  1.546839e-01 1.0112
1  2.88e-03  0.5582775903  1.546839e-01 1.0112
1  3.02e-03  0.5582738198  1.546839e-01 1.0112
1  3.16e-03  0.5582699272  1.546839e-01 1.0112
1  3.31e-03  0.5582657596  1.546839e-01 1.0112
1  3.47e-03  0.5582614709  1.546839e-01 1.0112
1  3.63e-03  0.558256961  1.546839e-01 1.0112
1  3.80e-03  0.5582522507  1.546839e-01 1.0112
1  3.98e-03  0.5582472817  1.546839e-01 1.0112
1  4.17e-03  0.5582420909  1.546839e-01 1.0112
1  4.37e-03  0.5582366806  1.546839e-01 1.0112
1  4.57e-03  0.558230993  1.546839e-01 1.0112
1  4.79e-03  0.5582250373  1.546839e-01 1.0112
1  5.01e-03  0.5582188212  1.546839e-01 1.0112
1  5.25e-03  0.558212281  1.546839e-01 1.0112
1  5.50e-03  0.558205438  1.546839e-01 1.0112
1  5.75e-03  0.558198277  1.546839e-01 1.0112
1  6.03e-03  0.5581907948  1.546839e-01 1.0112
1  6.31e-03  0.5581829504  1.546839e-01 1.0112
1  6.61e-03  0.5581747224  1.546839e-01 1.0112
1  6.92e-03  0.5581661085  1.546839e-01 1.0112
1  7.24e-03  0.5581570924  1.546839e-01 1.0112
1  7.59e-03  0.5581476731  1.546839e-01 1.0112
1  7.94e-03  0.5581377738  1.546839e-01 1.0112
1  8.32e-03  0.5581274337  1.546839e-01 1.0112
1  8.71e-03  0.5581166093  1.546839e-01 1.0112
1  9.12e-03  0.5581052373  1.546839e-01 1.0112
1  9.55e-03  0.5580933356  1.546839e-01 1.0112
1  1.00e-02  0.5580809185  1.546839e-01 1.0112
1  1.05e-02  0.5580678401  1.546839e-01 1.0112
1  1.10e-02  0.5580542156  1.546839e-01 1.0112
1  1.15e-02  0.5580398858  1.546839e-01 1.0112
1  1.20e-02  0.5580249087  1.546839e-01 1.0112
1  1.26e-02  0.5580092642  1.546839e-01 1.0112
1  1.32e-02  0.5579928255  1.546839e-01 1.0112
1  1.38e-02  0.55797561  1.546839e-01 1.0112
1  1.45e-02  0.5579576197  1.546839e-01 1.0112
1  1.51e-02  0.5579387779  1.546839e-01 1.0112
1  1.58e-02  0.5579190111  1.546839e-01 1.0112
1  1.66e-02  0.557898288  1.546839e-01 1.0112
1  1.74e-02  0.5578766692  1.546839e-01 1.0112
1  1.82e-02  0.5578539665  1.546839e-01 1.0112
1  1.91e-02  0.5578301614  1.546839e-01 1.0112
1  2.00e-02  0.5578052682  1.546839e-01 1.0112
1  2.09e-02  0.5577792549  1.546839e-01 1.0112
1  2.19e-02  0.5577519706  1.546839e-01 1.0112
1  2.29e-02  0.557723368  1.546839e-01 1.0112
1  2.40e-02  0.5576933826  1.546839e-01 1.0112
1  2.51e-02  0.5576620276  1.546839e-01 1.0112
1  2.63e-02  0.557629141  1.546839e-01 1.0112
1  2.75e-02  0.5575947316  1.546839e-01 1.0112
1  2.88e-02  0.5575587231  1.546839e-01 1.0112
1  3.02e-02  0.5575209902  1.546839e-01 1.0112
1  3.16e-02  0.5574814951  1.546839e-01 1.0112
1  3.31e-02  0.5574400999  1.546839e-01 1.0112
1  3.47e-02  0.5573967219  1.546839e-01 1.0112
1  3.63e-02  0.5573512986  1.546839e-01 1.0112
1  3.80e-02  0.5573036836  1.546839e-01 1.0112
1  3.98e-02  0.5572537559  1.546839e-01 1.0112
1  4.17e-02  0.5572014936  1.546839e-01 1.0112
1  4.37e-02  0.5571469646  1.546839e-01 1.0112
1  4.57e-02  0.5570896522  1.546839e-01 1.0112
1  4.79e-02  0.5570295069  1.546839e-01 1.0112
1  5.01e-02  0.5569665768  1.546839e-01 1.0112
1  5.25e-02  0.556900704  1.546839e-01 1.0112
1  5.50e-02  0.5568318161  1.546839e-01 1.0112
1  5.75e-02  0.5567595781  1.546839e-01 1.0112
1  6.03e-02  0.5566838423  1.546839e-01 1.0112
1  6.31e-02  0.5566043613  1.546839e-01 1.0112
1  6.61e-02  0.5565211741  1.546839e-01 1.0112
1  6.92e-02  0.5564341657  1.546839e-01 1.0112
1  7.24e-02  0.5563430849  1.546839e-01 1.0112
1  7.59e-02  0.5562474159  1.546839e-01 1.0112
1  7.94e-02  0.5561470408  1.546839e-01 1.0112
1  8.32e-02  0.5560419795  1.546839e-01 1.0112
1  8.71e-02  0.5559321126  1.546839e-01 1.0112
1  9.12e-02  0.5558170235  1.546839e-01 1.0112
1  9.55e-02  0.5556958742  1.546839e-01 1.0112
1  1.00e-01  0.5555693353  1.546839e-01 1.0112
1  1.05e-01  0.555436942  1.546839e-01 1.0112
1  1.10e-01  0.5552974425  1.546839e-01 1.0112
1  1.15e-01  0.5551516642  1.546839e-01 1.0112
1  1.20e-01  0.5549988892  1.546839e-01 1.0112
1  1.26e-01  0.5548388458  1.546839e-01 1.0112
1  1.32e-01  0.5546712637  1.546839e-01 1.0112
1  1.38e-01  0.554494845  1.546839e-01 1.0112
1  1.45e-01  0.5543103742  1.546839e-01 1.0112
1  1.51e-01  0.5541173954  1.546839e-01 1.0112
1  1.58e-01  0.5539143699  1.546839e-01 1.0112
1  1.66e-01  0.5537014266  1.546839e-01 1.0112
1  1.74e-01  0.5534786295  1.546839e-01 1.0112
1  1.82e-01  0.5532445829  1.546839e-01 1.0112
1  1.91e-01  0.5529998527  1.546839e-01 1.0112
1  2.00e-01  0.5527429292  1.546839e-01 1.0112
1  2.09e-01  0.5524730577  1.546839e-01 1.0112
1  2.19e-01  0.5521903214  1.546839e-01 1.0112
1  2.29e-01  0.551893176  1.546839e-01 1.0112
1  2.40e-01  0.5515821487  1.546839e-01 1.0112
1  2.51e-01  0.5512544434  1.546839e-01 1.0112
1  2.63e-01  0.5509126975  1.546839e-01 1.0112
1  2.75e-01  0.5505529831  1.546839e-01 1.0112
1  2.88e-01  0.5501749347  1.546839e-01 1.0112
1  3.02e-01  0.5497781024  1.546839e-01 1.0112
1  3.16e-01  0.5493629915  1.546839e-01 1.0112
1  3.31e-01  0.5489255003  1.546839e-01 1.0112
1  3.47e-01  0.5484684755  1.546839e-01 1.0112
1  3.63e-01  0.5479870062  1.546839e-01 1.0112
1  3.80e-01  0.5474818296  1.546839e-01 1.0112
1  3.98e-01  0.5469494743  1.546839e-01 1.0112
1  4.17e-01  0.5463919165  1.546839e-01 1.0112
1  4.37e-01  0.5458065089  1.546839e-01 1.0112
1  4.57e-01  0.5451923887  1.546839e-01 1.0112
1  4.79e-01  0.5445450026  1.546839e-01 1.0112
1  5.01e-01  0.54386714  1.546839e-01 1.0112
1  5.25e-01  0.543152746  1.546839e-01 1.0112
1  5.50e-01  0.5424014959  1.546839e-01 1.0112
1  5.75e-01  0.5416134616  1.546839e-01 1.0112
1  6.03e-01  0.5407835323  1.546839e-01 1.0112
1  6.31e-01  0.5399095528  1.546839e-01 1.0112
1  6.61e-01  0.5389934872  1.546839e-01 1.0112
1  6.92e-01  0.5380292454  1.546839e-01 1.0112
1  7.24e-01  0.537011975  1.546839e-01 1.0112
1  7.59e-01  0.5359445645  1.546839e-01 1.0112
1  7.94e-01  0.5348233587  1.546839e-01 1.0112
1  8.32e-01  0.5336379759  1.546839e-01 1.0112
1  8.71e-01  0.5323943861  1.546839e-01 1.0112
1  9.12e-01  0.5310820443  1.546839e-01 1.0112
1  9.55e-01  0.5297056204  1.546839e-01 1.0112
1  1.00e+00  0.5282538026  1.546839e-01 1.0112
1  1.05e+00  0.5267207541  1.546839e-01 1.0112
1  1.10e+00  0.5251104194  1.546839e-01 1.0112
1  1.15e+00  0.5234151862  1.546839e-01 1.0112
1  1.20e+00  0.5216288576  1.546839e-01 1.0112
1  1.26e+00  0.5197512822  1.546839e-01 1.0112
1  1.32e+00  0.5177731106  1.546839e-01 1.0112
1  1.38e+00  0.5156842536  1.546839e-01 1.0112
1  1.45e+00  0.5134871875  1.546839e-01 1.0112
1  1.51e+00  0.5111763245  1.546839e-01 1.0112
1  1.58e+00  0.5087500773  1.546839e-01 1.0112
1  1.66e+00  0.5061888463  1.546839e-01 1.0112
1  1.74e+00  0.503492961  1.546839e-01 1.0112
1  1.82e+00  0.50065882  1.546839e-01 1.0112
1  1.91e+00  0.4976844362  1.546839e-01 1.0112
1  2.00e+00  0.494565282  1.546839e-01 1.0112
1  2.09e+00  0.4912781813  1.546839e-01 1.0112
1  2.19e+00  0.4878388555  1.546839e-01 1.0112
1  2.29e+00  0.484225648  1.546839e-01 1.0112
1  2.40e+00  0.4804546257  1.546839e-01 1.0112
1  2.51e+00  0.4765113007  1.546839e-01 1.0112
1  2.63e+00  0.4723772304  1.546839e-01 1.0112
1  2.75e+00  0.4680817767  1.546839e-01 1.0112
1  2.88e+00  0.463617296  1.546839e-01 1.0112
1  3.02e+00  0.4589620938  1.546839e-01 1.0112
1  3.16e+00  0.4541544363  1.546839e-01 1.0112
1  3.31e+00  0.4491765064  1.546839e-01 1.0112
1  3.47e+00  0.4440281313  1.546839e-01 1.0112
1  3.63e+00  0.438747729  1.546839e-01 1.0112
1  3.80e+00  0.4333520258  1.546839e-01 1.0112
1  3.98e+00  0.427825494  1.546839e-01 1.0112
1  4.17e+00  0.422184231  1.546839e-01 1.0112
1  4.37e+00  0.4164949097  1.546839e-01 1.0112
1  4.57e+00  0.4107272343  1.546839e-01 1.0112
1  4.79e+00  0.4049620392  1.546839e-01 1.0112
1  5.01e+00  0.3991677796  1.546839e-01 1.0112
1  5.25e+00  0.3934011071  1.546839e-01 1.0112
1  5.50e+00  0.3877087474  1.546839e-01 1.0112
1  5.75e+00  0.3820677926  1.546839e-01 1.0112
1  6.03e+00  0.3765507789  1.546839e-01 1.0112
1  6.31e+00  0.3711845308  1.546839e-01 1.0112
1  6.61e+00  0.3659438981  1.546839e-01 1.0112
1  6.92e+00  0.3609200514  1.546839e-01 1.0112
1  7.24e+00  0.3560464488  1.546839e-01 1.0112
1  7.59e+00  0.3514116014  1.546839e-01 1.0112
1  7.94e+00  0.34699584  1.546839e-01 1.0112
1  8.32e+00  0.3428181619  1.546839e-01 1.0112
1  8.71e+00  0.3388711119  1.546839e-01 1.0112
1  9.12e+00  0.3351292239  1.546839e-01 1.0112
1  9.55e+00  0.3316526099  1.546839e-01 1.0112
1  1.00e+01  0.3284097402  1.546839e-01 1.0112
1  1.05e+01  0.3253710052  1.546839e-01 1.0112
1  1.10e+01  0.3225613047  1.546839e-01 1.0112
1  1.15e+01  0.3199793404  1.546839e-01 1.0112
1  1.20e+01  0.3175719982  1.546839e-01 1.0112
1  1.26e+01  0.3153366075  1.546839e-01 1.0112
1  1.32e+01  0.3132888765  1.546839e-01 1.0112
1  1.38e+01  0.3114068287  1.546839e-01 1.0112
1  1.45e+01  0.3096613246  1.546839e-01 1.0112
1  1.51e+01  0.3080846633  1.546839e-01 1.0112
1  1.58e+01  0.3066334425  1.546839e-01 1.0112
1  1.66e+01  0.3052734424  1.546839e-01 1.0112
1  1.74e+01  0.3040465621  1.546839e-01 1.0112
1  1.82e+01  0.3029429248  1.546839e-01 1.0112
1  1.91e+01  0.30188023  1.546839e-01 1.0112
1  2.00e+01  0.3009373593  1.546839e-01 1.0112
1  2.09e+01  0.3000693931  1.546839e-01 1.0112
1  2.19e+01  0.299230526  1.546839e-01 1.0112
1  2.29e+01  0.2985015287  1.546839e-01 1.0112
1  2.40e+01  0.2978037756  1.546839e-01 1.0112
1  2.51e+01  0.2971385871  1.546839e-01 1.0112
1  2.63e+01  0.2965412188  1.546839e-01 1.0112
1  2.75e+01  0.295958928  1.546839e-01 1.0112
1  2.88e+01  0.2954259981  1.546839e-01 1.0112
1  3.02e+01  0.2948863292  1.546839e-01 1.0112
1  3.16e+01  0.2944100354  1.546839e-01 1.0112
1  3.31e+01  0.2939401034  1.546839e-01 1.0112
1  3.47e+01  0.2934733466  1.546839e-01 1.0112
1  3.63e+01  0.2930141661  1.546839e-01 1.0112
1  3.80e+01  0.2925782224  1.546839e-01 1.0112
1  3.98e+01  0.2921538022  1.546839e-01 1.0112
1  4.17e+01  0.2917189551  1.546839e-01 1.0112
1  4.37e+01  0.2912743679  1.546839e-01 1.0112
1  4.57e+01  0.2908106886  1.546839e-01 1.0112
1  4.79e+01  0.2903310965  1.546839e-01 1.0112
1  5.01e+01  0.2898575109  1.546839e-01 1.0112
1  5.25e+01  0.2893556637  1.546839e-01 1.0112
1  5.50e+01  0.2888018568  1.546839e-01 1.0112
1  5.75e+01  0.2882541036  1.546839e-01 1.0112
1  6.03e+01  0.2876416681  1.546839e-01 1.0112
1  6.31e+01  0.2869554933  1.546839e-01 1.0112
1  6.61e+01  0.2862402763  1.546839e-01 1.0112
1  6.92e+01  0.285451202  1.546839e-01 1.0112
1  7.24e+01  0.2845706972  1.546839e-01 1.0112
1  7.59e+01  0.283622561  1.546839e-01 1.0112
1  7.94e+01  0.2825345131  1.546839e-01 1.0112
1  8.32e+01  0.2812841792  1.546839e-01 1.0112
1  8.71e+01  0.2799033836  1.546839e-01 1.0112
1  9.12e+01  0.2782972846  1.546839e-01 1.0112
1  9.55e+01  0.2764773123  1.546839e-01 1.0112
1  1.00e+02  0.2743295682  1.546839e-01 1.0112
1  1.05e+02  0.2718374507  1.546839e-01 1.0112
1  1.10e+02  0.2688784444  1.546839e-01 1.0112
1  1.15e+02  0.2653746598  1.546839e-01 1.0112
1  1.20e+02  0.2611508084  1.546839e-01 1.0112
1  1.26e+02  0.2560595078  1.546839e-01 1.0112
1  1.32e+02  0.2498446786  1.546839e-01 1.0112
1  1.38e+02  0.2422601984  1.546839e-01 1.0112
1  1.45e+02  0.2329760599  1.546839e-01 1.0112
1  1.51e+02  0.2216829005  1.546839e-01 1.0112
1  1.58e+02  0.2080631271  1.546839e-01 1.0112
1  1.66e+02  0.1920222112  1.546839e-01 1.0112
1  1.74e+02  0.1737934218  1.546839e-01 1.0112
1  1.82e+02  0.1540643457  1.546839e-01 1.0112
1  1.91e+02  0.1339589301  1.546839e-01 1.0112
1  2.00e+02  0.1147673818  1.546839e-01 1.0112
1  2.09e+02  0.09751924951  1.546839e-01 1.0112
1  2.19e+02  0.08284252241  1.546839e-01 1.0112
1  2.29e+02  0.07081826695  1.546839e-01 1.0112
1  2.40e+02  0.06123612164  1.546839e-01 1.0112
1  2.51e+02  0.05371156813  1.546839e-01 1.0112
1  2.63e+02  0.04784052843  1.546839e-01 1.0112
1  2.75e+02  0.04325484872  1.546839e-01 1.0112
1  2.88e+02  0.03966625496  1.546839e-01 1.0112
1  3.02e+02  0.03683325426  1.546839e-01 1.0112
1  3.16e+02  0.03459297753  1.546839e-01 1.0112
1  3.31e+02  0.03280363281  1.546839e-01 1.0112
1  3.47e+02  0.03135869786  1.546839e-01 1.0112
1  3.63e+02  0.0301891979  1.546839e-01 1.0112
1  3.80e+02  0.02922868751  1.546839e-01 1.0112
1  3.98e+02  0.0284396383  1.546839e-01 1.0112
1  4.17e+02  0.02778772046  1.546839e-01 1.0112
1  4.37e+02  0.02724288403  1.546839e-01 1.0112
1  4.57e+02  0.02678867701  1.546839e-01 1.0112
1  4.79e+02  0.02640549015  1.546839e-01 1.0112
1  5.01e+02  0.02607983951  1.546839e-01 1.0112
1  5.25e+02  0.02580275428  1.546839e-01 1.0112
1  5.50e+02  0.02556415551  1.546839e-01 1.0112
1  5.75e+02  0.0253621626  1.546839e-01 1.0112
1  6.03e+02  0.02518790928  1.546839e-01 1.0112
1  6.31e+02  0.02503670569  1.546839e-01 1.0112
1  6.61e+02  0.02490502747  1.546839e-01 1.0112
1  6.92e+02  0.0247911653  1.546839e-01 1.0112
1  7.24e+02  0.02469308221  1.546839e-01 1.0112
1  7.59e+02  0.02460601254  1.546839e-01 1.0112
1  7.94e+02  0.02453113747  1.546839e-01 1.0112
1  8.32e+02  0.02446244955  1.546839e-01 1.0112
1  8.71e+02  0.02440495636  1.546839e-01 1.0112
1  9.12e+02  0.02435298677  1.546839e-01 1.0112
1  9.55e+02  0.02430844776  1.546839e-01 1.0112
1  1.00e+03  0.02426689339  1.546839e-01 1.0112
1  1.05e+03  0.02423222295  1.546839e-01 1.0112
1  1.10e+03  0.02420087708  1.546839e-01 1.0112
1  1.15e+03  0.02417181417  1.546839e-01 1.0112
1  1.20e+03  0.02414642788  1.546839e-01 1.0112
1  1.26e+03  0.02412381629  1.546839e-01 1.0112
1  1.32e+03  0.02410532818  1.546839e-01 1.0112
1  1.38e+03  0.02408704323  1.546839e-01 1.0112
1  1.45e+03  0.02407048768  1.546839e-01 1.0112
1  1.51e+03  0.02405667786  1.546839e-01 1.0112
1  1.58e+03  0.02404309254  1.546839e-01 1.0112
1  1.66e+03  0.02403175787  1.546839e-01 1.0112
1  1.74e+03  0.02402176076  1.546839e-01 1.0112
1  1.82e+03  0.02401270894  1.546839e-01 1.0112
1  1.91e+03  0.0240039508  1.546839e-01 1.0112
1  2.00e+03  0.02399763437  1.546839e-01 1.0112
1  2.09e+03  0.02398972209  1.546839e-01 1.0112
1  2.19e+03  0.02398455922  1.546839e-01 1.0112
1  2.29e+03  0.02397828864  1.546839e-01 1.0112
1  2.40e+03  0.02397344632  1.546839e-01 1.0112
1  2.51e+03  0.02397050768  1.546839e-01 1.0112
1  2.63e+03  0.02396619122  1.546839e-01 1.0112
1  2.75e+03  0.02396280048  1.546839e-01 1.0112
1  2.88e+03  0.02395819123  1.546839e-01 1.0112
1  3.02e+03  0.02395684923  1.546839e-01 1.0112
1  3.16e+03  0.02395356917  1.546839e-01 1.0112
1  3.31e+03  0.02395131869  1.546839e-01 1.0112
1  3.47e+03  0.0239498463  1.546839e-01 1.0112
1  3.63e+03  0.02394709005  1.546839e-01 1.0112
1  3.80e+03  0.02394737542  1.546839e-01 1.0112
1  3.98e+03  0.02394499819  1.546839e-01 1.0112
1  4.17e+03  0.02394238451  1.546839e-01 1.0112
1  4.37e+03  0.02394359895  1.546839e-01 1.0112
1  4.57e+03  0.02393944049  1.546839e-01 1.0112
1  4.79e+03  0.02394530023  1.546839e-01 1.0112
1  5.01e+03  0.02394389719  1.546839e-01 1.0112
1  5.25e+03  0.02393809976  1.546839e-01 1.0112
1  5.50e+03  0.02392868916  1.546839e-01 1.0112
1  5.75e+03  0.0239457788  1.546839e-01 1.0112
1  6.03e+03  0.02395592933  1.546839e-01 1.0112
1  6.31e+03  0.02393201732  1.546839e-01 1.0112
1  6.61e+03  0.02398232783  1.546839e-01 1.0112
1  6.92e+03  0.02394426843  1.546839e-01 1.0112
1  7.24e+03  0.02402055605  1.546839e-01 1.0112
1  7.59e+03  0.02400692518  1.546839e-01 1.0112
1  7.94e+03  0.02402461067  1.546839e-01 1.0112
1  8.32e+03  0.02415559566  1.546839e-01 1.0112
1  8.71e+03  0.02420218519  1.546839e-01 1.0112
1  9.12e+03  0.02422327795  1.546839e-01 1.0112
1  9.55e+03  0.02435463718  1.546839e-01 1.0112
1  1.00e+04  0.02458327441  1.546839e-01 1.0112
1  1.05e+04  0.02484251987  1.546839e-01 1.0112
1  1.10e+04  0.0251855793  1.546839e-01 1.0112
1  1.15e+04  0.02554281898  1.546839e-01 1.0112
1  1.20e+04  0.02606519261  1.546839e-01 1.0112
1  1.26e+04  0.02660344273  1.546839e-01 1.0112
1  1.32e+04  0.02721176264  1.546839e-01 1.0112
1  1.38e+04  0.02796012999  1.546839e-01 1.0112
1  1.45e+04  0.02892460161  1.546839e-01 1.0112
1  1.51e+04  0.03025749273  1.546839e-01 1.0112
1  1.58e+04  0.03190798567  1.546839e-01 1.0112
1  1.66e+04  0.03358029134  1.546839e-01 1.0112
1  1.74e+04  0.03517091186  1.546839e-01 1.0112
1  1.82e+04  0.0371409155  1.546839e-01 1.0112
1  1.91e+04  0.03999103542  1.546839e-01 1.0112
1  2.00e+04  0.04292578927  1.546839e-01 1.0112
1  2.09e+04  0.045726505  1.546839e-01 1.0112
1  2.19e+04  0.04931251787  1.546839e-01 1.0112
1  2.29e+04  0.05304756586  1.546839e-01 1.0112
1  2.40e+04  0.05740688859  1.546839e-01 1.0112
1  2.51e+04  0.06157884506  1.546839e-01 1.0112
1  2.63e+04  0.06695187177  1.546839e-01 1.0112
1  2.75e+04  0.07165373466  1.546839e-01 1.0112
1  2.88e+04  0.07788747367  1.546839e-01 1.0112
1  3.02e+04  0.08328131499  1.546839e-01 1.0112
1  3.16e+04  0.08999730982  1.546839e-01 1.0112
1  3.31e+04  0.09674556378  1.546839e-01 1.0112
1  3.47e+04  0.102973781  1.546839e-01 1.0112
1  3.63e+04  0.1114562485  1.546839e-01 1.0112
1  3.80e+04  0.1183505562  1.546839e-01 1.0112
1  3.98e+04  0.1253585639  1.546839e-01 1.0112
1  4.17e+04  0.1354391143  1.546839e-01 1.0112
1  4.37e+04  0.1429683128  1.546839e-01 1.0112
1  4.57e+04  0.1496698817  1.546839e-01 1.0112
1  4.79e+04  0.1602494286  1.546839e-01 1.0112
1  5.01e+04  0.1704312886  1.546839e-01 1.0112
1  5.25e+04  0.1775120461  1.546839e-01 1.0112
1  5.50e+04  0.1852626819  1.546839e-01 1.0112
1  5.75e+04  0.1956386339  1.546839e-01 1.0112
1  6.03e+04  0.2066457435  1.546839e-01 1.0112
1  6.31e+04  0.2163000172  1.546839e-01 1.0112
1  6.61e+04  0.2243099151  1.546839e-01 1.0112
1  6.92e+04  0.231783981  1.546839e-01 1.0112
1  7.24e+04  0.2404135396  1.546839e-01 1.0112
1  7.59e+04  0.2509982688  1.546839e-01 1.0112
1  7.94e+04  0.2625343745  1.546839e-01 1.0112
1  8.32e+04  0.2731637454  1.546839e-01 1.0112
1  8.71e+04  0.2818532772  1.546839e-01 1.0112
1  9.12e+04  0.2889854432  1.546839e-01 1.0112
1  9.55e+04  0.2956963416  1.546839e-01 1.0112
1  1.00e+05  0.3029628134  1.546839e-01 1.0112
1  1.05e+05  0.3111926263  1.546839e-01 1.0112
1  1.10e+05  0.3203215587  1.546839e-01 1.0112
1  1.15e+05  0.3300484675  1.546839e-01 1.0112
1  1.20e+05  0.3399769882  1.546839e-01 1.0112
1  1.26e+05  0.3496811836  1.546839e-01 1.0112
1  1.32e+05  0.3587750253  1.546839e-01 1.0112
1  1.38e+05  0.366994307  1.546839e-01 1.0112
1  1.45e+05  0.374249151  1.546839e-01 1.0112
1  1.51e+05  0.3806195238  1.546839e-01 1.0112
1  1.58e+05  0.386302801  1.546839e-01 1.0112
1  1.66e+05  0.3915429677  1.546839e-01 1.0112
1  1.74e+05  0.3965694489  1.546839e-01 1.0112
1  1.82e+05  0.4015603972  1.546839e-01 1.0112
1  1.91e+05  0.406631423  1.546839e-01 1.0112
1  2.00e+05  0.4118421088  1.546839e-01 1.0112
1  2.09e+05  0.4172103691  1.546839e-01 1.0112
1  2.19e+05  0.4227269705  1.546839e-01 1.0112
1  2.29e+05  0.4283664306  1.546839e-01 1.0112
1  2.40e+05  0.4340938137  1.546839e-01 1.0112
1  2.51e+05  0.4398686475  1.546839e-01 1.0112
1  2.63e+05  0.4456474646  1.546839e-01 1.0112
1  2.75e+05  0.4513859703  1.546839e-01 1.0112
1  2.88e+05  0.4570411917  1.546839e-01 1.0112
1  3.02e+05  0.4625735176  1.546839e-01 1.0112
1  3.16e+05  0.4679483784  1.546839e-01 1.0112
1  3.31e+05  0.4731373618  1.546839e-01 1.0112
1  3.47e+05  0.4781186926  1.546839e-01 1.0112
1  3.63e+05  0.4828771342  1.546839e-01 1.0112
1  3.80e+05  0.4874034538  1.546839e-01 1.0112
1  3.98e+05  0.4916936194  1.546839e-01 1.0112
1  4.17e+05  0.4957478804  1.546839e-01 1.0112
1  4.37e+05  0.4995698515  1.546839e-01 1.0112
1  4.57e+05  0.5031656749  1.546839e-01 1.0112
1  4.79e+05  0.5065433001  1.546839e-01 1.0112
1  5.01e+05  0.5097118938  1.546839e-01 1.0112
1  5.25e+05  0.5126813727  1.546839e-01 1.0112
1  5.50e+05  0.5154620457  1.546839e-01 1.0112
1  5.75e+05  0.5180643458  1.546839e-01 1.0112
1  6.03e+05  0.5204986334  1.546839e-01 1.0112
1  6.31e+05  0.5227750556  1.546839e-01 1.0112
1  6.61e+05  0.524903447  1.546839e-01 1.0112
1  6.92e+05  0.5268932623  1.546839e-01 1.0112
1  7.24e+05  0.5287535328  1.546839e-01 1.0112
1  7.59e+05  0.5304928401  1.546839e-01 1.0112
1  7.94e+05  0.5321193031  1.546839e-01 1.0112
1  8.32e+05  0.5336405747  1.546839e-01 1.0112
1  8.71e+05  0.5350638467  1.546839e-01 1.0112
1  9.12e+05  0.5363958591  1.546839e-01 1.0112
1  9.55e+05  0.5376429144  1.546839e-01 1.0112
1  1.00e+06  0.5388108943  1.546839e-01 1.0112
1  1.05e+06  0.5399052791  1.546839e-01 1.0112
1  1.10e+06  0.5409311675  1.546839e-01 1.0112
1  1.15e+06  0.541893298  1.546839e-01 1.0112
1  1.20e+06  0.54279607  1.546839e-01 1.0112
1  1.26e+06  0.5436435649  1.546839e-01 1.0112
1  1.32e+06  0.5444395673  1.546839e-01 1.0112
1  1.38e+06  0.5451875846  1.546839e-01 1.0112
1  1.45e+06  0.5458908665  1.546839e-01 1.0112
1  1.51e+06  0.5465524238  1.546839e-01 1.0112
1  1.58e+06  0.5471750455  1.546839e-01 1.0112
1  1.66e+06  0.5477613155  1.546839e-01 1.0112
1  1.74e+06  0.5483136279  1.546839e-01 1.0112
1  1.82e+06  0.548834202  1.546839e-01 1.0112
1  1.91e+06  0.5493250972  1.546839e-01 1.0112
1  2.00e+06  0.5497882183  1.546839e-01 1.0112
1  2.09e+06  0.550225335  1.546839e-01 1.0112
1  2.19e+06  0.5506380913  1.546839e-01 1.0112
1  2.29e+06  0.5510280128  1.546839e-01 1.0112
1  2.40e+06  0.5513965176  1.546839e-01 1.0112
1  2.51e+06  0.551744924  1.546839e-01 1.0112
1  2.63e+06  0.5520744587  1.546839e-01 1.0112
1  2.75e+06  0.5523862632  1.546839e-01 1.0112
1  2.88e+06  0.552681401  1.546839e-01 1.0112
1  3.02e+06  0.5529608628  1.546839e-01 1.0112
1  3.16e+06  0.5532255733  1.546839e-01 1.0112
1  3.31e+06  0.5534763948  1.546839e-01 1.0112
1  3.47e+06  0.5537141327  1.546839e-01 1.0112
1  3.63e+06  0.5539395395  1.546839e-01 1.0112
1  3.80e+06  0.5541533188  1.546839e-01 1.0112
1  3.98e+06  0.5543561289  1.546839e-01 1.0112
1  4.17e+06  0.554548586  1.546839e-01 1.0112
1  4.37e+06  0.5547312674  1.546839e-01 1.0112
1  4.57e+06  0.5549047142  1.546839e-01 1.0112
1  4.79e+06  0.5550694337  1.546839e-01 1.0112
1  5.01e+06  0.5552259022  1.546839e-01 1.0112
1  5.25e+06  0.5553745668  1.546839e-01 1.0112
1  5.50e+06  0.5555158476  1.546839e-01 1.0112
1  5.75e+06  0.5556501396  1.546839e-01 1.0112
1  6.03e+06  0.555777814  1.546839e-01 1.0112
1  6.31e+06  0.5558992205  1.546839e-01 1.0112
1  6.61e+06  0.5560146882  1.546839e-01 1.0112
1  6.92e+06  0.556124527  1.546839e-01 1.0112
1  7.24e+06  0.5562290292  1.546839e-01 1.0112
1  7.59e+06  0.5563284702  1.546839e-01 1.0112
1  7.94e+06  0.55642311  1.546839e-01 1.0112
1  8.32e+06  0.5565131939  1.546839e-01 1.0112
1  8.71e+06  0.5565989534  1.546839e-01 1.0112
1  9.12e+06  0.5566806074  1.546839e-01 1.0112
1  9.55e+06  0.5567583627  1.546839e-01 1.0112
1  1.00e+07  0.5568324148  1.546839e-01 1.0112
