1  1.00e-03  0.5580485396  1.561524e-01 1.0208000000000002
1  1.05e-03  0.5580473313  1.561524e-01 1.0208000000000002
1  1.10e-03  0.5580458879  1.561524e-01 1.0208000000000002
1  1.15e-03  0.5580445843  1.561524e-01 1.0208000000000002
1  1.20e-03  0.5580430149  1.561524e-01 1.0208000000000002
1  1.26e-03  0.558041506  1.561524e-01 1.0208000000000002
1  1.32e-03  0.5580397975  1.561524e-01 1.0208000000000002
1  1.38e-03  0.5580380278  1.561524e-01 1.0208000000000002
1  1.45e-03  0.5580362253  1.561524e-01 1.0208000000000002
1  1.51e-03  0.5580344727  1.561524e-01 1.0208000000000002
1  1.58e-03  0.5580323945  1.561524e-01 1.0208000000000002
1  1.66e-03  0.5580303866  1.561524e-01 1.0208000000000002
1  1.74e-03  0.5580282404  1.561524e-01 1.0208000000000002
1  1.82e-03  0.5580259557  1.561524e-01 1.0208000000000002
1  1.91e-03  0.5580236066  1.561524e-01 1.0208000000000002
1  2.00e-03  0.5580211034  1.561524e-01 1.0208000000000002
1  2.09e-03  0.5580184606  1.561524e-01 1.0208000000000002
1  2.19e-03  0.5580157601  1.561524e-01 1.0208000000000002
1  2.29e-03  0.5580129591  1.561524e-01 1.0208000000000002
1  2.40e-03  0.5580099957  1.561524e-01 1.0208000000000002
1  2.51e-03  0.5580068181  1.561524e-01 1.0208000000000002
1  2.63e-03  0.5580035715  1.561524e-01 1.0208000000000002
1  2.75e-03  0.5580001548  1.561524e-01 1.0208000000000002
1  2.88e-03  0.557996583  1.561524e-01 1.0208000000000002
1  3.02e-03  0.5579928114  1.561524e-01 1.0208000000000002
1  3.16e-03  0.5579889211  1.561524e-01 1.0208000000000002
1  3.31e-03  0.55798476  1.561524e-01 1.0208000000000002
1  3.47e-03  0.5579804702  1.561524e-01 1.0208000000000002
1  3.63e-03  0.5579759649  1.561524e-01 1.0208000000000002
1  3.80e-03  0.5579712566  1.561524e-01 1.0208000000000002
1  3.98e-03  0.5579662853  1.561524e-01 1.0208000000000002
1  4.17e-03  0.5579611017  1.561524e-01 1.0208000000000002
1  4.37e-03  0.5579556894  1.561524e-01 1.0208000000000002
1  4.57e-03  0.5579500036  1.561524e-01 1.0208000000000002
1  4.79e-03  0.5579440583  1.561524e-01 1.0208000000000002
1  5.01e-03  0.5579378388  1.561524e-01 1.0208000000000002
1  5.25e-03  0.5579313011  1.561524e-01 1.0208000000000002
1  5.50e-03  0.5579244687  1.561524e-01 1.0208000000000002
1  5.75e-03  0.5579173109  1.561524e-01 1.0208000000000002
1  6.03e-03  0.5579098247  1.561524e-01 1.0208000000000002
1  6.31e-03  0.557901993  1.561524e-01 1.0208000000000002
1  6.61e-03  0.5578937594  1.561524e-01 1.0208000000000002
1  6.92e-03  0.557885158  1.561524e-01 1.0208000000000002
1  7.24e-03  0.5578761435  1.561524e-01 1.0208000000000002
1  7.59e-03  0.5578667225  1.561524e-01 1.0208000000000002
1  7.94e-03  0.5578568397  1.561524e-01 1.0208000000000002
1  8.32e-03  0.5578464923  1.561524e-01 1.0208000000000002
1  8.71e-03  0.5578356798  1.561524e-01 1.0208000000000002
1  9.12e-03  0.5578243062  1.561524e-01 1.0208000000000002
1  9.55e-03  0.5578124134  1.561524e-01 1.0208000000000002
1  1.00e-02  0.557800009  1.561524e-01 1.0208000000000002
1  1.05e-02  0.5577869336  1.561524e-01 1.0208000000000002
1  1.10e-02  0.5577733075  1.561524e-01 1.0208000000000002
1  1.15e-02  0.5577589944  1.561524e-01 1.0208000000000002
1  1.20e-02  0.5577440246  1.561524e-01 1.0208000000000002
1  1.26e-02  0.5577283947  1.561524e-01 1.0208000000000002
1  1.32e-02  0.5577119464  1.561524e-01 1.0208000000000002
1  1.38e-02  0.5576947438  1.561524e-01 1.0208000000000002
1  1.45e-02  0.5576767562  1.561524e-01 1.0208000000000002
1  1.51e-02  0.5576579259  1.561524e-01 1.0208000000000002
1  1.58e-02  0.5576381657  1.561524e-01 1.0208000000000002
1  1.66e-02  0.5576174564  1.561524e-01 1.0208000000000002
1  1.74e-02  0.5575958647  1.561524e-01 1.0208000000000002
1  1.82e-02  0.5575731513  1.561524e-01 1.0208000000000002
1  1.91e-02  0.5575493853  1.561524e-01 1.0208000000000002
1  2.00e-02  0.5575244802  1.561524e-01 1.0208000000000002
1  2.09e-02  0.5574985005  1.561524e-01 1.0208000000000002
1  2.19e-02  0.5574712105  1.561524e-01 1.0208000000000002
1  2.29e-02  0.5574426394  1.561524e-01 1.0208000000000002
1  2.40e-02  0.5574126414  1.561524e-01 1.0208000000000002
1  2.51e-02  0.5573813384  1.561524e-01 1.0208000000000002
1  2.63e-02  0.5573484694  1.561524e-01 1.0208000000000002
1  2.75e-02  0.5573140387  1.561524e-01 1.0208000000000002
1  2.88e-02  0.5572780441  1.561524e-01 1.0208000000000002
1  3.02e-02  0.5572403739  1.561524e-01 1.0208000000000002
1  3.16e-02  0.5572008583  1.561524e-01 1.0208000000000002
1  3.31e-02  0.5571594989  1.561524e-01 1.0208000000000002
1  3.47e-02  0.5571161507  1.561524e-01 1.0208000000000002
1  3.63e-02  0.5570707317  1.561524e-01 1.0208000000000002
1  3.80e-02  0.557023172  1.561524e-01 1.0208000000000002
1  3.98e-02  0.5569732228  1.561524e-01 1.0208000000000002
1  4.17e-02  0.556921032  1.561524e-01 1.0208000000000002
1  4.37e-02  0.5568665093  1.561524e-01 1.0208000000000002
1  4.57e-02  0.5568092421  1.561524e-01 1.0208000000000002
1  4.79e-02  0.5567491463  1.561524e-01 1.0208000000000002
1  5.01e-02  0.5566862251  1.561524e-01 1.0208000000000002
1  5.25e-02  0.5566203729  1.561524e-01 1.0208000000000002
1  5.50e-02  0.556551473  1.561524e-01 1.0208000000000002
1  5.75e-02  0.5564792704  1.561524e-01 1.0208000000000002
1  6.03e-02  0.5564035695  1.561524e-01 1.0208000000000002
1  6.31e-02  0.5563242189  1.561524e-01 1.0208000000000002
1  6.61e-02  0.5562410185  1.561524e-01 1.0208000000000002
1  6.92e-02  0.5561541158  1.561524e-01 1.0208000000000002
1  7.24e-02  0.5560630371  1.561524e-01 1.0208000000000002
1  7.59e-02  0.5559674462  1.561524e-01 1.0208000000000002
1  7.94e-02  0.5558670339  1.561524e-01 1.0208000000000002
1  8.32e-02  0.5557620598  1.561524e-01 1.0208000000000002
1  8.71e-02  0.5556521937  1.561524e-01 1.0208000000000002
1  9.12e-02  0.5555372372  1.561524e-01 1.0208000000000002
1  9.55e-02  0.5554161941  1.561524e-01 1.0208000000000002
1  1.00e-01  0.5552895962  1.561524e-01 1.0208000000000002
1  1.05e-01  0.5551573038  1.561524e-01 1.0208000000000002
1  1.10e-01  0.5550179505  1.561524e-01 1.0208000000000002
1  1.15e-01  0.5548722444  1.561524e-01 1.0208000000000002
1  1.20e-01  0.5547194702  1.561524e-01 1.0208000000000002
1  1.26e-01  0.5545594573  1.561524e-01 1.0208000000000002
1  1.32e-01  0.5543919505  1.561524e-01 1.0208000000000002
1  1.38e-01  0.5542156789  1.561524e-01 1.0208000000000002
1  1.45e-01  0.5540312793  1.561524e-01 1.0208000000000002
1  1.51e-01  0.553838521  1.561524e-01 1.0208000000000002
1  1.58e-01  0.5536354074  1.561524e-01 1.0208000000000002
1  1.66e-01  0.5534227643  1.561524e-01 1.0208000000000002
1  1.74e-01  0.553199894  1.561524e-01 1.0208000000000002
1  1.82e-01  0.5529661418  1.561524e-01 1.0208000000000002
1  1.91e-01  0.5527216056  1.561524e-01 1.0208000000000002
1  2.00e-01  0.5524645862  1.561524e-01 1.0208000000000002
1  2.09e-01  0.5521950617  1.561524e-01 1.0208000000000002
1  2.19e-01  0.5519123436  1.561524e-01 1.0208000000000002
1  2.29e-01  0.5516155174  1.561524e-01 1.0208000000000002
1  2.40e-01  0.5513045023  1.561524e-01 1.0208000000000002
1  2.51e-01  0.5509770555  1.561524e-01 1.0208000000000002
1  2.63e-01  0.5506353572  1.561524e-01 1.0208000000000002
1  2.75e-01  0.550275783  1.561524e-01 1.0208000000000002
1  2.88e-01  0.5498982169  1.561524e-01 1.0208000000000002
1  3.02e-01  0.5495015322  1.561524e-01 1.0208000000000002
1  3.16e-01  0.5490862454  1.561524e-01 1.0208000000000002
1  3.31e-01  0.5486493599  1.561524e-01 1.0208000000000002
1  3.47e-01  0.5481924694  1.561524e-01 1.0208000000000002
1  3.63e-01  0.5477113811  1.561524e-01 1.0208000000000002
1  3.80e-01  0.5472061593  1.561524e-01 1.0208000000000002
1  3.98e-01  0.5466743441  1.561524e-01 1.0208000000000002
1  4.17e-01  0.5461170175  1.561524e-01 1.0208000000000002
1  4.37e-01  0.5455316909  1.561524e-01 1.0208000000000002
1  4.57e-01  0.544918353  1.561524e-01 1.0208000000000002
1  4.79e-01  0.5442713829  1.561524e-01 1.0208000000000002
1  5.01e-01  0.5435906846  1.561524e-01 1.0208000000000002
1  5.25e-01  0.542879833  1.561524e-01 1.0208000000000002
1  5.50e-01  0.542129103  1.561524e-01 1.0208000000000002
1  5.75e-01  0.5413407189  1.561524e-01 1.0208000000000002
1  6.03e-01  0.5405120049  1.561524e-01 1.0208000000000002
1  6.31e-01  0.5396381892  1.561524e-01 1.0208000000000002
1  6.61e-01  0.5387220781  1.561524e-01 1.0208000000000002
1  6.92e-01  0.5377583633  1.561524e-01 1.0208000000000002
1  7.24e-01  0.5367422847  1.561524e-01 1.0208000000000002
1  7.59e-01  0.5356758  1.561524e-01 1.0208000000000002
1  7.94e-01  0.5345544434  1.561524e-01 1.0208000000000002
1  8.32e-01  0.5333696208  1.561524e-01 1.0208000000000002
1  8.71e-01  0.5321265395  1.561524e-01 1.0208000000000002
1  9.12e-01  0.5308157778  1.561524e-01 1.0208000000000002
1  9.55e-01  0.529439277  1.561524e-01 1.0208000000000002
1  1.00e+00  0.5279883648  1.561524e-01 1.0208000000000002
1  1.05e+00  0.526456883  1.561524e-01 1.0208000000000002
1  1.10e+00  0.5248474635  1.561524e-01 1.0208000000000002
1  1.15e+00  0.523152675  1.561524e-01 1.0208000000000002
1  1.20e+00  0.5213678223  1.561524e-01 1.0208000000000002
1  1.26e+00  0.5194904413  1.561524e-01 1.0208000000000002
1  1.32e+00  0.5175136279  1.561524e-01 1.0208000000000002
1  1.38e+00  0.5154273441  1.561524e-01 1.0208000000000002
1  1.45e+00  0.5132311131  1.561524e-01 1.0208000000000002
1  1.51e+00  0.5109208579  1.561524e-01 1.0208000000000002
1  1.58e+00  0.5084962288  1.561524e-01 1.0208000000000002
1  1.66e+00  0.5059358096  1.561524e-01 1.0208000000000002
1  1.74e+00  0.5032432523  1.561524e-01 1.0208000000000002
1  1.82e+00  0.5004101679  1.561524e-01 1.0208000000000002
1  1.91e+00  0.4974379368  1.561524e-01 1.0208000000000002
1  2.00e+00  0.4943193762  1.561524e-01 1.0208000000000002
1  2.09e+00  0.4910354056  1.561524e-01 1.0208000000000002
1  2.19e+00  0.4875979034  1.561524e-01 1.0208000000000002
1  2.29e+00  0.4839853068  1.561524e-01 1.0208000000000002
1  2.40e+00  0.4802176713  1.561524e-01 1.0208000000000002
1  2.51e+00  0.4762751584  1.561524e-01 1.0208000000000002
1  2.63e+00  0.4721431451  1.561524e-01 1.0208000000000002
1  2.75e+00  0.4678491827  1.561524e-01 1.0208000000000002
1  2.88e+00  0.4633878805  1.561524e-01 1.0208000000000002
1  3.02e+00  0.4587354283  1.561524e-01 1.0208000000000002
1  3.16e+00  0.4539293446  1.561524e-01 1.0208000000000002
1  3.31e+00  0.4489529687  1.561524e-01 1.0208000000000002
1  3.47e+00  0.4438061993  1.561524e-01 1.0208000000000002
1  3.63e+00  0.4385283075  1.561524e-01 1.0208000000000002
1  3.80e+00  0.4331340788  1.561524e-01 1.0208000000000002
1  3.98e+00  0.4276032112  1.561524e-01 1.0208000000000002
1  4.17e+00  0.4219692175  1.561524e-01 1.0208000000000002
1  4.37e+00  0.4162810269  1.561524e-01 1.0208000000000002
1  4.57e+00  0.4105140841  1.561524e-01 1.0208000000000002
1  4.79e+00  0.4047495211  1.561524e-01 1.0208000000000002
1  5.01e+00  0.3989558821  1.561524e-01 1.0208000000000002
1  5.25e+00  0.3931883876  1.561524e-01 1.0208000000000002
1  5.50e+00  0.3874955668  1.561524e-01 1.0208000000000002
1  5.75e+00  0.3818541883  1.561524e-01 1.0208000000000002
1  6.03e+00  0.3763372135  1.561524e-01 1.0208000000000002
1  6.31e+00  0.3709706838  1.561524e-01 1.0208000000000002
1  6.61e+00  0.365728067  1.561524e-01 1.0208000000000002
1  6.92e+00  0.3607009954  1.561524e-01 1.0208000000000002
1  7.24e+00  0.3558271372  1.561524e-01 1.0208000000000002
1  7.59e+00  0.3511871591  1.561524e-01 1.0208000000000002
1  7.94e+00  0.3467743136  1.561524e-01 1.0208000000000002
1  8.32e+00  0.3425941609  1.561524e-01 1.0208000000000002
1  8.71e+00  0.3386413549  1.561524e-01 1.0208000000000002
1  9.12e+00  0.3348957642  1.561524e-01 1.0208000000000002
1  9.55e+00  0.3314142879  1.561524e-01 1.0208000000000002
1  1.00e+01  0.3281761291  1.561524e-01 1.0208000000000002
1  1.05e+01  0.325126835  1.561524e-01 1.0208000000000002
1  1.10e+01  0.3223246171  1.561524e-01 1.0208000000000002
1  1.15e+01  0.3196592437  1.561524e-01 1.0208000000000002
1  1.20e+01  0.3172598087  1.561524e-01 1.0208000000000002
1  1.26e+01  0.3150601654  1.561524e-01 1.0208000000000002
1  1.32e+01  0.3130416394  1.561524e-01 1.0208000000000002
1  1.38e+01  0.311147174  1.561524e-01 1.0208000000000002
1  1.45e+01  0.3094115576  1.561524e-01 1.0208000000000002
1  1.51e+01  0.3078189996  1.561524e-01 1.0208000000000002
1  1.58e+01  0.3063659392  1.561524e-01 1.0208000000000002
1  1.66e+01  0.3050130287  1.561524e-01 1.0208000000000002
1  1.74e+01  0.3037804661  1.561524e-01 1.0208000000000002
1  1.82e+01  0.3026721211  1.561524e-01 1.0208000000000002
1  1.91e+01  0.3016107528  1.561524e-01 1.0208000000000002
1  2.00e+01  0.3006746718  1.561524e-01 1.0208000000000002
1  2.09e+01  0.2997903104  1.561524e-01 1.0208000000000002
1  2.19e+01  0.2989571294  1.561524e-01 1.0208000000000002
1  2.29e+01  0.2982164399  1.561524e-01 1.0208000000000002
1  2.40e+01  0.2975213042  1.561524e-01 1.0208000000000002
1  2.51e+01  0.2968475692  1.561524e-01 1.0208000000000002
1  2.63e+01  0.2962551599  1.561524e-01 1.0208000000000002
1  2.75e+01  0.2956620346  1.561524e-01 1.0208000000000002
1  2.88e+01  0.2951302936  1.561524e-01 1.0208000000000002
1  3.02e+01  0.2946008012  1.561524e-01 1.0208000000000002
1  3.16e+01  0.294123469  1.561524e-01 1.0208000000000002
1  3.31e+01  0.293648177  1.561524e-01 1.0208000000000002
1  3.47e+01  0.2931821461  1.561524e-01 1.0208000000000002
1  3.63e+01  0.2927169342  1.561524e-01 1.0208000000000002
1  3.80e+01  0.2922638274  1.561524e-01 1.0208000000000002
1  3.98e+01  0.2918301768  1.561524e-01 1.0208000000000002
1  4.17e+01  0.2913954066  1.561524e-01 1.0208000000000002
1  4.37e+01  0.2909452605  1.561524e-01 1.0208000000000002
1  4.57e+01  0.290473933  1.561524e-01 1.0208000000000002
1  4.79e+01  0.2900113945  1.561524e-01 1.0208000000000002
1  5.01e+01  0.2895102627  1.561524e-01 1.0208000000000002
1  5.25e+01  0.2890015176  1.561524e-01 1.0208000000000002
1  5.50e+01  0.2884520346  1.561524e-01 1.0208000000000002
1  5.75e+01  0.2878916418  1.561524e-01 1.0208000000000002
1  6.03e+01  0.2872705509  1.561524e-01 1.0208000000000002
1  6.31e+01  0.286584546  1.561524e-01 1.0208000000000002
1  6.61e+01  0.2858515696  1.561524e-01 1.0208000000000002
1  6.92e+01  0.2850713406  1.561524e-01 1.0208000000000002
1  7.24e+01  0.2841788349  1.561524e-01 1.0208000000000002
1  7.59e+01  0.2831989805  1.561524e-01 1.0208000000000002
1  7.94e+01  0.2820973892  1.561524e-01 1.0208000000000002
1  8.32e+01  0.2808515492  1.561524e-01 1.0208000000000002
1  8.71e+01  0.279450507  1.561524e-01 1.0208000000000002
1  9.12e+01  0.2778289258  1.561524e-01 1.0208000000000002
1  9.55e+01  0.2759608171  1.561524e-01 1.0208000000000002
1  1.00e+02  0.2737934912  1.561524e-01 1.0208000000000002
1  1.05e+02  0.2712707393  1.561524e-01 1.0208000000000002
1  1.10e+02  0.2683074681  1.561524e-01 1.0208000000000002
1  1.15e+02  0.2647467175  1.561524e-01 1.0208000000000002
1  1.20e+02  0.2604928696  1.561524e-01 1.0208000000000002
1  1.26e+02  0.2553677344  1.561524e-01 1.0208000000000002
1  1.32e+02  0.2491503172  1.561524e-01 1.0208000000000002
1  1.38e+02  0.2415213255  1.561524e-01 1.0208000000000002
1  1.45e+02  0.2322554152  1.561524e-01 1.0208000000000002
1  1.51e+02  0.2209611994  1.561524e-01 1.0208000000000002
1  1.58e+02  0.2073921258  1.561524e-01 1.0208000000000002
1  1.66e+02  0.1914647352  1.561524e-01 1.0208000000000002
1  1.74e+02  0.1734114693  1.561524e-01 1.0208000000000002
1  1.82e+02  0.1539138588  1.561524e-01 1.0208000000000002
1  1.91e+02  0.1340600605  1.561524e-01 1.0208000000000002
1  2.00e+02  0.1150683668  1.561524e-01 1.0208000000000002
1  2.09e+02  0.09799381108  1.561524e-01 1.0208000000000002
1  2.19e+02  0.0834370502  1.561524e-01 1.0208000000000002
1  2.29e+02  0.07148528654  1.561524e-01 1.0208000000000002
1  2.40e+02  0.06192390521  1.561524e-01 1.0208000000000002
1  2.51e+02  0.0543965228  1.561524e-01 1.0208000000000002
1  2.63e+02  0.04850720968  1.561524e-01 1.0208000000000002
1  2.75e+02  0.04389628514  1.561524e-01 1.0208000000000002
1  2.88e+02  0.04029128818  1.561524e-01 1.0208000000000002
1  3.02e+02  0.0374421244  1.561524e-01 1.0208000000000002
1  3.16e+02  0.03517735988  1.561524e-01 1.0208000000000002
1  3.31e+02  0.03336615208  1.561524e-01 1.0208000000000002
1  3.47e+02  0.03191001928  1.561524e-01 1.0208000000000002
1  3.63e+02  0.03072454915  1.561524e-01 1.0208000000000002
1  3.80e+02  0.02975730463  1.561524e-01 1.0208000000000002
1  3.98e+02  0.02896047258  1.561524e-01 1.0208000000000002
1  4.17e+02  0.02829891757  1.561524e-01 1.0208000000000002
1  4.37e+02  0.02775060171  1.561524e-01 1.0208000000000002
1  4.57e+02  0.02728735706  1.561524e-01 1.0208000000000002
1  4.79e+02  0.02689652662  1.561524e-01 1.0208000000000002
1  5.01e+02  0.02656560782  1.561524e-01 1.0208000000000002
1  5.25e+02  0.02628427447  1.561524e-01 1.0208000000000002
1  5.50e+02  0.02604554207  1.561524e-01 1.0208000000000002
1  5.75e+02  0.02583889953  1.561524e-01 1.0208000000000002
1  6.03e+02  0.02566165988  1.561524e-01 1.0208000000000002
1  6.31e+02  0.02550924482  1.561524e-01 1.0208000000000002
1  6.61e+02  0.02537711054  1.561524e-01 1.0208000000000002
1  6.92e+02  0.02526049899  1.561524e-01 1.0208000000000002
1  7.24e+02  0.02516073327  1.561524e-01 1.0208000000000002
1  7.59e+02  0.02507248647  1.561524e-01 1.0208000000000002
1  7.94e+02  0.02499503623  1.561524e-01 1.0208000000000002
1  8.32e+02  0.02492870871  1.561524e-01 1.0208000000000002
1  8.71e+02  0.02486870597  1.561524e-01 1.0208000000000002
1  9.12e+02  0.02481647707  1.561524e-01 1.0208000000000002
1  9.55e+02  0.02477043965  1.561524e-01 1.0208000000000002
1  1.00e+03  0.0247290858  1.561524e-01 1.0208000000000002
1  1.05e+03  0.02469230376  1.561524e-01 1.0208000000000002
1  1.10e+03  0.02466066459  1.561524e-01 1.0208000000000002
1  1.15e+03  0.02463217341  1.561524e-01 1.0208000000000002
1  1.20e+03  0.02460717147  1.561524e-01 1.0208000000000002
1  1.26e+03  0.02458351247  1.561524e-01 1.0208000000000002
1  1.32e+03  0.02456469902  1.561524e-01 1.0208000000000002
1  1.38e+03  0.02454501556  1.561524e-01 1.0208000000000002
1  1.45e+03  0.02452876519  1.561524e-01 1.0208000000000002
1  1.51e+03  0.02451460161  1.561524e-01 1.0208000000000002
1  1.58e+03  0.0245020826  1.561524e-01 1.0208000000000002
1  1.66e+03  0.02449053391  1.561524e-01 1.0208000000000002
1  1.74e+03  0.02447936023  1.561524e-01 1.0208000000000002
1  1.82e+03  0.02447143635  1.561524e-01 1.0208000000000002
1  1.91e+03  0.02446185844  1.561524e-01 1.0208000000000002
1  2.00e+03  0.02445570989  1.561524e-01 1.0208000000000002
1  2.09e+03  0.02444762523  1.561524e-01 1.0208000000000002
1  2.19e+03  0.02444225558  1.561524e-01 1.0208000000000002
1  2.29e+03  0.02443603498  1.561524e-01 1.0208000000000002
1  2.40e+03  0.02443119615  1.561524e-01 1.0208000000000002
1  2.51e+03  0.02442730223  1.561524e-01 1.0208000000000002
1  2.63e+03  0.02442366219  1.561524e-01 1.0208000000000002
1  2.75e+03  0.02441985563  1.561524e-01 1.0208000000000002
1  2.88e+03  0.02441503019  1.561524e-01 1.0208000000000002
1  3.02e+03  0.02441325649  1.561524e-01 1.0208000000000002
1  3.16e+03  0.02441005509  1.561524e-01 1.0208000000000002
1  3.31e+03  0.02440788487  1.561524e-01 1.0208000000000002
1  3.47e+03  0.02440640512  1.561524e-01 1.0208000000000002
1  3.63e+03  0.02440456623  1.561524e-01 1.0208000000000002
1  3.80e+03  0.02440489827  1.561524e-01 1.0208000000000002
1  3.98e+03  0.02440203902  1.561524e-01 1.0208000000000002
1  4.17e+03  0.02439721514  1.561524e-01 1.0208000000000002
1  4.37e+03  0.02439893145  1.561524e-01 1.0208000000000002
1  4.57e+03  0.02439474495  1.561524e-01 1.0208000000000002
1  4.79e+03  0.02439873197  1.561524e-01 1.0208000000000002
1  5.01e+03  0.02439884303  1.561524e-01 1.0208000000000002
1  5.25e+03  0.0243985156  1.561524e-01 1.0208000000000002
1  5.50e+03  0.02438720894  1.561524e-01 1.0208000000000002
1  5.75e+03  0.02439503783  1.561524e-01 1.0208000000000002
1  6.03e+03  0.02441134962  1.561524e-01 1.0208000000000002
1  6.31e+03  0.02438627837  1.561524e-01 1.0208000000000002
1  6.61e+03  0.02443236679  1.561524e-01 1.0208000000000002
1  6.92e+03  0.02439645542  1.561524e-01 1.0208000000000002
1  7.24e+03  0.02446632544  1.561524e-01 1.0208000000000002
1  7.59e+03  0.02444336867  1.561524e-01 1.0208000000000002
1  7.94e+03  0.02447954741  1.561524e-01 1.0208000000000002
1  8.32e+03  0.02459538137  1.561524e-01 1.0208000000000002
1  8.71e+03  0.02461966153  1.561524e-01 1.0208000000000002
1  9.12e+03  0.0246409946  1.561524e-01 1.0208000000000002
1  9.55e+03  0.0247642575  1.561524e-01 1.0208000000000002
1  1.00e+04  0.02498465707  1.561524e-01 1.0208000000000002
1  1.05e+04  0.02521940553  1.561524e-01 1.0208000000000002
1  1.10e+04  0.02553080134  1.561524e-01 1.0208000000000002
1  1.15e+04  0.02585234689  1.561524e-01 1.0208000000000002
1  1.20e+04  0.02633574379  1.561524e-01 1.0208000000000002
1  1.26e+04  0.02683996425  1.561524e-01 1.0208000000000002
1  1.32e+04  0.02740801101  1.561524e-01 1.0208000000000002
1  1.38e+04  0.02809969584  1.561524e-01 1.0208000000000002
1  1.45e+04  0.02897815512  1.561524e-01 1.0208000000000002
1  1.51e+04  0.03020544862  1.561524e-01 1.0208000000000002
1  1.58e+04  0.03176813368  1.561524e-01 1.0208000000000002
1  1.66e+04  0.03338025956  1.561524e-01 1.0208000000000002
1  1.74e+04  0.03489232297  1.561524e-01 1.0208000000000002
1  1.82e+04  0.03672723875  1.561524e-01 1.0208000000000002
1  1.91e+04  0.03945442653  1.561524e-01 1.0208000000000002
1  2.00e+04  0.04231440148  1.561524e-01 1.0208000000000002
1  2.09e+04  0.04494217774  1.561524e-01 1.0208000000000002
1  2.19e+04  0.04840162087  1.561524e-01 1.0208000000000002
1  2.29e+04  0.05204427266  1.561524e-01 1.0208000000000002
1  2.40e+04  0.05619147983  1.561524e-01 1.0208000000000002
1  2.51e+04  0.06030071278  1.561524e-01 1.0208000000000002
1  2.63e+04  0.06545856912  1.561524e-01 1.0208000000000002
1  2.75e+04  0.07008204093  1.561524e-01 1.0208000000000002
1  2.88e+04  0.07611460965  1.561524e-01 1.0208000000000002
1  3.02e+04  0.08142830458  1.561524e-01 1.0208000000000002
1  3.16e+04  0.08794634901  1.561524e-01 1.0208000000000002
1  3.31e+04  0.09462316917  1.561524e-01 1.0208000000000002
1  3.47e+04  0.1006730682  1.561524e-01 1.0208000000000002
1  3.63e+04  0.1090613463  1.561524e-01 1.0208000000000002
1  3.80e+04  0.1158442766  1.561524e-01 1.0208000000000002
1  3.98e+04  0.1227171454  1.561524e-01 1.0208000000000002
1  4.17e+04  0.1327241313  1.561524e-01 1.0208000000000002
1  4.37e+04  0.1401508711  1.561524e-01 1.0208000000000002
1  4.57e+04  0.1467657345  1.561524e-01 1.0208000000000002
1  4.79e+04  0.1572719057  1.561524e-01 1.0208000000000002
1  5.01e+04  0.1673791141  1.561524e-01 1.0208000000000002
1  5.25e+04  0.1744176206  1.561524e-01 1.0208000000000002
1  5.50e+04  0.1821211494  1.561524e-01 1.0208000000000002
1  5.75e+04  0.1924291611  1.561524e-01 1.0208000000000002
1  6.03e+04  0.2034043434  1.561524e-01 1.0208000000000002
1  6.31e+04  0.2130666256  1.561524e-01 1.0208000000000002
1  6.61e+04  0.2210685819  1.561524e-01 1.0208000000000002
1  6.92e+04  0.2285066417  1.561524e-01 1.0208000000000002
1  7.24e+04  0.2371131841  1.561524e-01 1.0208000000000002
1  7.59e+04  0.2477123154  1.561524e-01 1.0208000000000002
1  7.94e+04  0.2592846463  1.561524e-01 1.0208000000000002
1  8.32e+04  0.269948962  1.561524e-01 1.0208000000000002
1  8.71e+04  0.2786648413  1.561524e-01 1.0208000000000002
1  9.12e+04  0.2858184307  1.561524e-01 1.0208000000000002
1  9.55e+04  0.29255014  1.561524e-01 1.0208000000000002
1  1.00e+05  0.2998400429  1.561524e-01 1.0208000000000002
1  1.05e+05  0.3081007142  1.561524e-01 1.0208000000000002
1  1.10e+05  0.3172737731  1.561524e-01 1.0208000000000002
1  1.15e+05  0.327061015  1.561524e-01 1.0208000000000002
1  1.20e+05  0.3370634619  1.561524e-01 1.0208000000000002
1  1.26e+05  0.3468482104  1.561524e-01 1.0208000000000002
1  1.32e+05  0.3560214301  1.561524e-01 1.0208000000000002
1  1.38e+05  0.3643133189  1.561524e-01 1.0208000000000002
1  1.45e+05  0.3716317529  1.561524e-01 1.0208000000000002
1  1.51e+05  0.3780572969  1.561524e-01 1.0208000000000002
1  1.58e+05  0.3837895529  1.561524e-01 1.0208000000000002
1  1.66e+05  0.3890752161  1.561524e-01 1.0208000000000002
1  1.74e+05  0.3941461848  1.561524e-01 1.0208000000000002
1  1.82e+05  0.3991825534  1.561524e-01 1.0208000000000002
1  1.91e+05  0.4043013197  1.561524e-01 1.0208000000000002
1  2.00e+05  0.409562982  1.561524e-01 1.0208000000000002
1  2.09e+05  0.414985986  1.561524e-01 1.0208000000000002
1  2.19e+05  0.4205612994  1.561524e-01 1.0208000000000002
1  2.29e+05  0.4262633455  1.561524e-01 1.0208000000000002
1  2.40e+05  0.432056831  1.561524e-01 1.0208000000000002
1  2.51e+05  0.4379007109  1.561524e-01 1.0208000000000002
1  2.63e+05  0.4437507915  1.561524e-01 1.0208000000000002
1  2.75e+05  0.4495619699  1.561524e-01 1.0208000000000002
1  2.88e+05  0.4552904503  1.561524e-01 1.0208000000000002
1  3.02e+05  0.4608958409  1.561524e-01 1.0208000000000002
1  3.16e+05  0.4663428741  1.561524e-01 1.0208000000000002
1  3.31e+05  0.4716025449  1.561524e-01 1.0208000000000002
1  3.47e+05  0.4766525993  1.561524e-01 1.0208000000000002
1  3.63e+05  0.4814774335  1.561524e-01 1.0208000000000002
1  3.80e+05  0.4860675493  1.561524e-01 1.0208000000000002
1  3.98e+05  0.4904187374  1.561524e-01 1.0208000000000002
1  4.17e+05  0.4945311444  1.561524e-01 1.0208000000000002
1  4.37e+05  0.4984083416  1.561524e-01 1.0208000000000002
1  4.57e+05  0.5020564757  1.561524e-01 1.0208000000000002
1  4.79e+05  0.5054835371  1.561524e-01 1.0208000000000002
1  5.01e+05  0.5086987606  1.561524e-01 1.0208000000000002
1  5.25e+05  0.5117121517  1.561524e-01 1.0208000000000002
1  5.50e+05  0.5145341222  1.561524e-01 1.0208000000000002
1  5.75e+05  0.5171752174  1.561524e-01 1.0208000000000002
1  6.03e+05  0.5196459163  1.561524e-01 1.0208000000000002
1  6.31e+05  0.5219564873  1.561524e-01 1.0208000000000002
1  6.61e+05  0.5241168871  1.561524e-01 1.0208000000000002
1  6.92e+05  0.5261366914  1.561524e-01 1.0208000000000002
1  7.24e+05  0.5280250503  1.561524e-01 1.0208000000000002
1  7.59e+05  0.5297906604  1.561524e-01 1.0208000000000002
1  7.94e+05  0.5314417515  1.561524e-01 1.0208000000000002
1  8.32e+05  0.5329860832  1.561524e-01 1.0208000000000002
1  8.71e+05  0.5344309483  1.561524e-01 1.0208000000000002
1  9.12e+05  0.5357831829  1.561524e-01 1.0208000000000002
1  9.55e+05  0.5370491801  1.561524e-01 1.0208000000000002
1  1.00e+06  0.5382349074  1.561524e-01 1.0208000000000002
1  1.05e+06  0.5393459249  1.561524e-01 1.0208000000000002
1  1.10e+06  0.5403874067  1.561524e-01 1.0208000000000002
1  1.15e+06  0.5413641614  1.561524e-01 1.0208000000000002
1  1.20e+06  0.5422806541  1.561524e-01 1.0208000000000002
1  1.26e+06  0.5431410273  1.561524e-01 1.0208000000000002
1  1.32e+06  0.5439491223  1.561524e-01 1.0208000000000002
1  1.38e+06  0.5447084996  1.561524e-01 1.0208000000000002
1  1.45e+06  0.5454224581  1.561524e-01 1.0208000000000002
1  1.51e+06  0.5460940542  1.561524e-01 1.0208000000000002
1  1.58e+06  0.5467261194  1.561524e-01 1.0208000000000002
1  1.66e+06  0.547321277  1.561524e-01 1.0208000000000002
1  1.74e+06  0.5478819576  1.561524e-01 1.0208000000000002
1  1.82e+06  0.5484104147  1.561524e-01 1.0208000000000002
1  1.91e+06  0.5489087389  1.561524e-01 1.0208000000000002
1  2.00e+06  0.5493788644  1.561524e-01 1.0208000000000002
1  2.09e+06  0.5498225882  1.561524e-01 1.0208000000000002
1  2.19e+06  0.5502415793  1.561524e-01 1.0208000000000002
1  2.29e+06  0.550637387  1.561524e-01 1.0208000000000002
1  2.40e+06  0.5510114511  1.561524e-01 1.0208000000000002
1  2.51e+06  0.5513651101  1.561524e-01 1.0208000000000002
1  2.63e+06  0.5516996097  1.561524e-01 1.0208000000000002
1  2.75e+06  0.5520161091  1.561524e-01 1.0208000000000002
1  2.88e+06  0.5523156878  1.561524e-01 1.0208000000000002
1  3.02e+06  0.5525993522  1.561524e-01 1.0208000000000002
1  3.16e+06  0.5528680408  1.561524e-01 1.0208000000000002
1  3.31e+06  0.5531226294  1.561524e-01 1.0208000000000002
1  3.47e+06  0.5533639358  1.561524e-01 1.0208000000000002
1  3.63e+06  0.5535927239  1.561524e-01 1.0208000000000002
1  3.80e+06  0.5538097083  1.561524e-01 1.0208000000000002
1  3.98e+06  0.5540155573  1.561524e-01 1.0208000000000002
1  4.17e+06  0.5542108966  1.561524e-01 1.0208000000000002
1  4.37e+06  0.5543963122  1.561524e-01 1.0208000000000002
1  4.57e+06  0.5545723536  1.561524e-01 1.0208000000000002
1  4.79e+06  0.554739536  1.561524e-01 1.0208000000000002
1  5.01e+06  0.5548983428  1.561524e-01 1.0208000000000002
1  5.25e+06  0.5550492279  1.561524e-01 1.0208000000000002
1  5.50e+06  0.5551926181  1.561524e-01 1.0208000000000002
1  5.75e+06  0.555328914  1.561524e-01 1.0208000000000002
1  6.03e+06  0.5554584929  1.561524e-01 1.0208000000000002
1  6.31e+06  0.5555817096  1.561524e-01 1.0208000000000002
1  6.61e+06  0.5556988982  1.561524e-01 1.0208000000000002
1  6.92e+06  0.5558103733  1.561524e-01 1.0208000000000002
1  7.24e+06  0.5559164317  1.561524e-01 1.0208000000000002
1  7.59e+06  0.5560173531  1.561524e-01 1.0208000000000002
1  7.94e+06  0.5561134012  1.561524e-01 1.0208000000000002
1  8.32e+06  0.5562048251  1.561524e-01 1.0208000000000002
1  8.71e+06  0.5562918599  1.561524e-01 1.0208000000000002
1  9.12e+06  0.5563747278  1.561524e-01 1.0208000000000002
1  9.55e+06  0.5564536386  1.561524e-01 1.0208000000000002
1  1.00e+07  0.5565287908  1.561524e-01 1.0208000000000002
