1  1.00e-03  0.5609521669  1.403658e-01 0.9176
1  1.05e-03  0.5609509522  1.403658e-01 0.9176
1  1.10e-03  0.5609495046  1.403658e-01 0.9176
1  1.15e-03  0.5609481774  1.403658e-01 0.9176
1  1.20e-03  0.5609466128  1.403658e-01 0.9176
1  1.26e-03  0.5609450924  1.403658e-01 0.9176
1  1.32e-03  0.5609433603  1.403658e-01 0.9176
1  1.38e-03  0.5609415882  1.403658e-01 0.9176
1  1.45e-03  0.560939786  1.403658e-01 0.9176
1  1.51e-03  0.5609380126  1.403658e-01 0.9176
1  1.58e-03  0.5609359277  1.403658e-01 0.9176
1  1.66e-03  0.5609339116  1.403658e-01 0.9176
1  1.74e-03  0.5609317571  1.403658e-01 0.9176
1  1.82e-03  0.5609294604  1.403658e-01 0.9176
1  1.91e-03  0.5609270957  1.403658e-01 0.9176
1  2.00e-03  0.5609245772  1.403658e-01 0.9176
1  2.09e-03  0.5609219144  1.403658e-01 0.9176
1  2.19e-03  0.5609192036  1.403658e-01 0.9176
1  2.29e-03  0.5609163809  1.403658e-01 0.9176
1  2.40e-03  0.5609134216  1.403658e-01 0.9176
1  2.51e-03  0.5609102198  1.403658e-01 0.9176
1  2.63e-03  0.5609069613  1.403658e-01 0.9176
1  2.75e-03  0.5609035077  1.403658e-01 0.9176
1  2.88e-03  0.5608999199  1.403658e-01 0.9176
1  3.02e-03  0.5608961273  1.403658e-01 0.9176
1  3.16e-03  0.5608922202  1.403658e-01 0.9176
1  3.31e-03  0.5608880511  1.403658e-01 0.9176
1  3.47e-03  0.5608837206  1.403658e-01 0.9176
1  3.63e-03  0.5608792018  1.403658e-01 0.9176
1  3.80e-03  0.5608744712  1.403658e-01 0.9176
1  3.98e-03  0.5608694714  1.403658e-01 0.9176
1  4.17e-03  0.5608642852  1.403658e-01 0.9176
1  4.37e-03  0.5608588401  1.403658e-01 0.9176
1  4.57e-03  0.5608531156  1.403658e-01 0.9176
1  4.79e-03  0.5608471367  1.403658e-01 0.9176
1  5.01e-03  0.5608408743  1.403658e-01 0.9176
1  5.25e-03  0.5608343284  1.403658e-01 0.9176
1  5.50e-03  0.5608274658  1.403658e-01 0.9176
1  5.75e-03  0.5608202769  1.403658e-01 0.9176
1  6.03e-03  0.5608127438  1.403658e-01 0.9176
1  6.31e-03  0.5608048599  1.403658e-01 0.9176
1  6.61e-03  0.5607965914  1.403658e-01 0.9176
1  6.92e-03  0.5607879699  1.403658e-01 0.9176
1  7.24e-03  0.5607789132  1.403658e-01 0.9176
1  7.59e-03  0.5607694045  1.403658e-01 0.9176
1  7.94e-03  0.5607595037  1.403658e-01 0.9176
1  8.32e-03  0.560749082  1.403658e-01 0.9176
1  8.71e-03  0.5607381869  1.403658e-01 0.9176
1  9.12e-03  0.560726796  1.403658e-01 0.9176
1  9.55e-03  0.5607148653  1.403658e-01 0.9176
1  1.00e-02  0.5607023398  1.403658e-01 0.9176
1  1.05e-02  0.5606892705  1.403658e-01 0.9176
1  1.10e-02  0.5606755239  1.403658e-01 0.9176
1  1.15e-02  0.5606611963  1.403658e-01 0.9176
1  1.20e-02  0.5606461551  1.403658e-01 0.9176
1  1.26e-02  0.5606303781  1.403658e-01 0.9176
1  1.32e-02  0.5606138766  1.403658e-01 0.9176
1  1.38e-02  0.5605966224  1.403658e-01 0.9176
1  1.45e-02  0.5605785013  1.403658e-01 0.9176
1  1.51e-02  0.5605595342  1.403658e-01 0.9176
1  1.58e-02  0.5605396986  1.403658e-01 0.9176
1  1.66e-02  0.5605189484  1.403658e-01 0.9176
1  1.74e-02  0.5604971616  1.403658e-01 0.9176
1  1.82e-02  0.560474354  1.403658e-01 0.9176
1  1.91e-02  0.5604505406  1.403658e-01 0.9176
1  2.00e-02  0.5604255163  1.403658e-01 0.9176
1  2.09e-02  0.5603993058  1.403658e-01 0.9176
1  2.19e-02  0.5603718516  1.403658e-01 0.9176
1  2.29e-02  0.5603431526  1.403658e-01 0.9176
1  2.40e-02  0.5603130719  1.403658e-01 0.9176
1  2.51e-02  0.5602815927  1.403658e-01 0.9176
1  2.63e-02  0.5602486255  1.403658e-01 0.9176
1  2.75e-02  0.5602140795  1.403658e-01 0.9176
1  2.88e-02  0.5601778008  1.403658e-01 0.9176
1  3.02e-02  0.5601399156  1.403658e-01 0.9176
1  3.16e-02  0.560100128  1.403658e-01 0.9176
1  3.31e-02  0.5600585337  1.403658e-01 0.9176
1  3.47e-02  0.5600149741  1.403658e-01 0.9176
1  3.63e-02  0.5599693121  1.403658e-01 0.9176
1  3.80e-02  0.5599215599  1.403658e-01 0.9176
1  3.98e-02  0.5598715112  1.403658e-01 0.9176
1  4.17e-02  0.5598191445  1.403658e-01 0.9176
1  4.37e-02  0.5597640336  1.403658e-01 0.9176
1  4.57e-02  0.5597065094  1.403658e-01 0.9176
1  4.79e-02  0.5596463409  1.403658e-01 0.9176
1  5.01e-02  0.5595832053  1.403658e-01 0.9176
1  5.25e-02  0.5595170337  1.403658e-01 0.9176
1  5.50e-02  0.5594475727  1.403658e-01 0.9176
1  5.75e-02  0.559374907  1.403658e-01 0.9176
1  6.03e-02  0.5592988251  1.403658e-01 0.9176
1  6.31e-02  0.5592193206  1.403658e-01 0.9176
1  6.61e-02  0.5591358043  1.403658e-01 0.9176
1  6.92e-02  0.5590482901  1.403658e-01 0.9176
1  7.24e-02  0.5589564167  1.403658e-01 0.9176
1  7.59e-02  0.5588604304  1.403658e-01 0.9176
1  7.94e-02  0.5587598597  1.403658e-01 0.9176
1  8.32e-02  0.55865449  1.403658e-01 0.9176
1  8.71e-02  0.5585437942  1.403658e-01 0.9176
1  9.12e-02  0.558427876  1.403658e-01 0.9176
1  9.55e-02  0.5583068481  1.403658e-01 0.9176
1  1.00e-01  0.5581794825  1.403658e-01 0.9176
1  1.05e-01  0.5580459448  1.403658e-01 0.9176
1  1.10e-01  0.5579066832  1.403658e-01 0.9176
1  1.15e-01  0.5577602614  1.403658e-01 0.9176
1  1.20e-01  0.5576067054  1.403658e-01 0.9176
1  1.26e-01  0.5574456865  1.403658e-01 0.9176
1  1.32e-01  0.5572767638  1.403658e-01 0.9176
1  1.38e-01  0.5571004123  1.403658e-01 0.9176
1  1.45e-01  0.5569150235  1.403658e-01 0.9176
1  1.51e-01  0.556720402  1.403658e-01 0.9176
1  1.58e-01  0.5565167096  1.403658e-01 0.9176
1  1.66e-01  0.5563035065  1.403658e-01 0.9176
1  1.74e-01  0.5560791899  1.403658e-01 0.9176
1  1.82e-01  0.5558446152  1.403658e-01 0.9176
1  1.91e-01  0.5555978594  1.403658e-01 0.9176
1  2.00e-01  0.5553390705  1.403658e-01 0.9176
1  2.09e-01  0.5550683254  1.403658e-01 0.9176
1  2.19e-01  0.5547837558  1.403658e-01 0.9176
1  2.29e-01  0.5544859582  1.403658e-01 0.9176
1  2.40e-01  0.5541726524  1.403658e-01 0.9176
1  2.51e-01  0.5538453866  1.403658e-01 0.9176
1  2.63e-01  0.5534998785  1.403658e-01 0.9176
1  2.75e-01  0.5531383899  1.403658e-01 0.9176
1  2.88e-01  0.5527597328  1.403658e-01 0.9176
1  3.02e-01  0.5523621399  1.403658e-01 0.9176
1  3.16e-01  0.5519432751  1.403658e-01 0.9176
1  3.31e-01  0.5515056141  1.403658e-01 0.9176
1  3.47e-01  0.5510436688  1.403658e-01 0.9176
1  3.63e-01  0.5505602848  1.403658e-01 0.9176
1  3.80e-01  0.550052076  1.403658e-01 0.9176
1  3.98e-01  0.5495203511  1.403658e-01 0.9176
1  4.17e-01  0.5489601686  1.403658e-01 0.9176
1  4.37e-01  0.5483713901  1.403658e-01 0.9176
1  4.57e-01  0.5477521144  1.403658e-01 0.9176
1  4.79e-01  0.5471033789  1.403658e-01 0.9176
1  5.01e-01  0.5464191517  1.403658e-01 0.9176
1  5.25e-01  0.5457020651  1.403658e-01 0.9176
1  5.50e-01  0.5449486016  1.403658e-01 0.9176
1  5.75e-01  0.5441547348  1.403658e-01 0.9176
1  6.03e-01  0.5433214492  1.403658e-01 0.9176
1  6.31e-01  0.5424464941  1.403658e-01 0.9176
1  6.61e-01  0.5415232395  1.403658e-01 0.9176
1  6.92e-01  0.5405527352  1.403658e-01 0.9176
1  7.24e-01  0.5395345199  1.403658e-01 0.9176
1  7.59e-01  0.53846032  1.403658e-01 0.9176
1  7.94e-01  0.5373284166  1.403658e-01 0.9176
1  8.32e-01  0.5361424734  1.403658e-01 0.9176
1  8.71e-01  0.5348901764  1.403658e-01 0.9176
1  9.12e-01  0.533574527  1.403658e-01 0.9176
1  9.55e-01  0.5321855914  1.403658e-01 0.9176
1  1.00e+00  0.5307251689  1.403658e-01 0.9176
1  1.05e+00  0.5291911094  1.403658e-01 0.9176
1  1.10e+00  0.5275724319  1.403658e-01 0.9176
1  1.15e+00  0.5258680815  1.403658e-01 0.9176
1  1.20e+00  0.5240729241  1.403658e-01 0.9176
1  1.26e+00  0.5221812109  1.403658e-01 0.9176
1  1.32e+00  0.5201883373  1.403658e-01 0.9176
1  1.38e+00  0.5180927918  1.403658e-01 0.9176
1  1.45e+00  0.51588801  1.403658e-01 0.9176
1  1.51e+00  0.5135658668  1.403658e-01 0.9176
1  1.58e+00  0.51111454  1.403658e-01 0.9176
1  1.66e+00  0.5085445214  1.403658e-01 0.9176
1  1.74e+00  0.5058347118  1.403658e-01 0.9176
1  1.82e+00  0.502991895  1.403658e-01 0.9176
1  1.91e+00  0.4999974  1.403658e-01 0.9176
1  2.00e+00  0.4968554649  1.403658e-01 0.9176
1  2.09e+00  0.4935549917  1.403658e-01 0.9176
1  2.19e+00  0.4900943515  1.403658e-01 0.9176
1  2.29e+00  0.4864777065  1.403658e-01 0.9176
1  2.40e+00  0.4826742857  1.403658e-01 0.9176
1  2.51e+00  0.4787129238  1.403658e-01 0.9176
1  2.63e+00  0.4745722575  1.403658e-01 0.9176
1  2.75e+00  0.4702581222  1.403658e-01 0.9176
1  2.88e+00  0.4657597914  1.403658e-01 0.9176
1  3.02e+00  0.4610874662  1.403658e-01 0.9176
1  3.16e+00  0.456258474  1.403658e-01 0.9176
1  3.31e+00  0.4512655951  1.403658e-01 0.9176
1  3.47e+00  0.44610833  1.403658e-01 0.9176
1  3.63e+00  0.4408052646  1.403658e-01 0.9176
1  3.80e+00  0.4353927176  1.403658e-01 0.9176
1  3.98e+00  0.4298536071  1.403658e-01 0.9176
1  4.17e+00  0.4242001503  1.403658e-01 0.9176
1  4.37e+00  0.4185004396  1.403658e-01 0.9176
1  4.57e+00  0.4127259611  1.403658e-01 0.9176
1  4.79e+00  0.4069547858  1.403658e-01 0.9176
1  5.01e+00  0.4011550234  1.403658e-01 0.9176
1  5.25e+00  0.3953975428  1.403658e-01 0.9176
1  5.50e+00  0.3897068182  1.403658e-01 0.9176
1  5.75e+00  0.3840758815  1.403658e-01 0.9176
1  6.03e+00  0.3785626898  1.403658e-01 0.9176
1  6.31e+00  0.3731904906  1.403658e-01 0.9176
1  6.61e+00  0.3679839283  1.403658e-01 0.9176
1  6.92e+00  0.362958529  1.403658e-01 0.9176
1  7.24e+00  0.3581263756  1.403658e-01 0.9176
1  7.59e+00  0.3535171641  1.403658e-01 0.9176
1  7.94e+00  0.349102995  1.403658e-01 0.9176
1  8.32e+00  0.3449306119  1.403658e-01 0.9176
1  8.71e+00  0.3409982544  1.403658e-01 0.9176
1  9.12e+00  0.3373270729  1.403658e-01 0.9176
1  9.55e+00  0.3338573594  1.403658e-01 0.9176
1  1.00e+01  0.3306204141  1.403658e-01 0.9176
1  1.05e+01  0.327614947  1.403658e-01 0.9176
1  1.10e+01  0.3248374535  1.403658e-01 0.9176
1  1.15e+01  0.3222558227  1.403658e-01 0.9176
1  1.20e+01  0.319876219  1.403658e-01 0.9176
1  1.26e+01  0.3176456668  1.403658e-01 0.9176
1  1.32e+01  0.3156841098  1.403658e-01 0.9176
1  1.38e+01  0.3137566803  1.403658e-01 0.9176
1  1.45e+01  0.312079017  1.403658e-01 0.9176
1  1.51e+01  0.3104896331  1.403658e-01 0.9176
1  1.58e+01  0.3090646855  1.403658e-01 0.9176
1  1.66e+01  0.3077394614  1.403658e-01 0.9176
1  1.74e+01  0.3065277585  1.403658e-01 0.9176
1  1.82e+01  0.3054436208  1.403658e-01 0.9176
1  1.91e+01  0.3044017798  1.403658e-01 0.9176
1  2.00e+01  0.3034803727  1.403658e-01 0.9176
1  2.09e+01  0.3026324378  1.403658e-01 0.9176
1  2.19e+01  0.3018144277  1.403658e-01 0.9176
1  2.29e+01  0.3011072356  1.403658e-01 0.9176
1  2.40e+01  0.3004261526  1.403658e-01 0.9176
1  2.51e+01  0.299794813  1.403658e-01 0.9176
1  2.63e+01  0.2992043235  1.403658e-01 0.9176
1  2.75e+01  0.2986617003  1.403658e-01 0.9176
1  2.88e+01  0.2981399349  1.403658e-01 0.9176
1  3.02e+01  0.2976369045  1.403658e-01 0.9176
1  3.16e+01  0.2971669455  1.403658e-01 0.9176
1  3.31e+01  0.2967233357  1.403658e-01 0.9176
1  3.47e+01  0.2962942081  1.403658e-01 0.9176
1  3.63e+01  0.2958908309  1.403658e-01 0.9176
1  3.80e+01  0.2954968148  1.403658e-01 0.9176
1  3.98e+01  0.2950871833  1.403658e-01 0.9176
1  4.17e+01  0.2946764171  1.403658e-01 0.9176
1  4.37e+01  0.2942737469  1.403658e-01 0.9176
1  4.57e+01  0.2938776979  1.403658e-01 0.9176
1  4.79e+01  0.2934614588  1.403658e-01 0.9176
1  5.01e+01  0.2930273757  1.403658e-01 0.9176
1  5.25e+01  0.292569837  1.403658e-01 0.9176
1  5.50e+01  0.292113353  1.403658e-01 0.9176
1  5.75e+01  0.2915888139  1.403658e-01 0.9176
1  6.03e+01  0.2910529866  1.403658e-01 0.9176
1  6.31e+01  0.2904949514  1.403658e-01 0.9176
1  6.61e+01  0.2898557766  1.403658e-01 0.9176
1  6.92e+01  0.2891794603  1.403658e-01 0.9176
1  7.24e+01  0.2884183851  1.403658e-01 0.9176
1  7.59e+01  0.2875548748  1.403658e-01 0.9176
1  7.94e+01  0.2866082798  1.403658e-01 0.9176
1  8.32e+01  0.2855447133  1.403658e-01 0.9176
1  8.71e+01  0.2843290169  1.403658e-01 0.9176
1  9.12e+01  0.2829188902  1.403658e-01 0.9176
1  9.55e+01  0.2812930901  1.403658e-01 0.9176
1  1.00e+02  0.2793901379  1.403658e-01 0.9176
1  1.05e+02  0.2771712436  1.403658e-01 0.9176
1  1.10e+02  0.2745154521  1.403658e-01 0.9176
1  1.15e+02  0.2713419729  1.403658e-01 0.9176
1  1.20e+02  0.2674774076  1.403658e-01 0.9176
1  1.26e+02  0.2627446982  1.403658e-01 0.9176
1  1.32e+02  0.2568771332  1.403658e-01 0.9176
1  1.38e+02  0.2496196517  1.403658e-01 0.9176
1  1.45e+02  0.2404984871  1.403658e-01 0.9176
1  1.51e+02  0.2291011072  1.403658e-01 0.9176
1  1.58e+02  0.2149947136  1.403658e-01 0.9176
1  1.66e+02  0.1978913979  1.403658e-01 0.9176
1  1.74e+02  0.1779203424  1.403658e-01 0.9176
1  1.82e+02  0.1558676206  1.403658e-01 0.9176
1  1.91e+02  0.1331899755  1.403658e-01 0.9176
1  2.00e+02  0.1116393391  1.403658e-01 0.9176
1  2.09e+02  0.09261015263  1.403658e-01 0.9176
1  2.19e+02  0.0768133005  1.403658e-01 0.9176
1  2.29e+02  0.06425216607  1.403658e-01 0.9176
1  2.40e+02  0.05452741798  1.403658e-01 0.9176
1  2.51e+02  0.04708241316  1.403658e-01 0.9176
1  2.63e+02  0.04140592057  1.403658e-01 0.9176
1  2.75e+02  0.03706543449  1.403658e-01 0.9176
1  2.88e+02  0.03371569138  1.403658e-01 0.9176
1  3.02e+02  0.03111611358  1.403658e-01 0.9176
1  3.16e+02  0.02907956558  1.403658e-01 0.9176
1  3.31e+02  0.0274668024  1.403658e-01 0.9176
1  3.47e+02  0.02617599651  1.403658e-01 0.9176
1  3.63e+02  0.02513665329  1.403658e-01 0.9176
1  3.80e+02  0.02429130896  1.403658e-01 0.9176
1  3.98e+02  0.02360034852  1.403658e-01 0.9176
1  4.17e+02  0.02302966432  1.403658e-01 0.9176
1  4.37e+02  0.02255650675  1.403658e-01 0.9176
1  4.57e+02  0.02215964867  1.403658e-01 0.9176
1  4.79e+02  0.02182570617  1.403658e-01 0.9176
1  5.01e+02  0.02154393474  1.403658e-01 0.9176
1  5.25e+02  0.0213056902  1.403658e-01 0.9176
1  5.50e+02  0.02110390881  1.403658e-01 0.9176
1  5.75e+02  0.02092928301  1.403658e-01 0.9176
1  6.03e+02  0.02077933349  1.403658e-01 0.9176
1  6.31e+02  0.02064931176  1.403658e-01 0.9176
1  6.61e+02  0.02053606355  1.403658e-01 0.9176
1  6.92e+02  0.02043813201  1.403658e-01 0.9176
1  7.24e+02  0.02035462108  1.403658e-01 0.9176
1  7.59e+02  0.0202801002  1.403658e-01 0.9176
1  7.94e+02  0.02021462153  1.403658e-01 0.9176
1  8.32e+02  0.02015966883  1.403658e-01 0.9176
1  8.71e+02  0.02010946676  1.403658e-01 0.9176
1  9.12e+02  0.02006423114  1.403658e-01 0.9176
1  9.55e+02  0.020026145  1.403658e-01 0.9176
1  1.00e+03  0.01999115915  1.403658e-01 0.9176
1  1.05e+03  0.01996057379  1.403658e-01 0.9176
1  1.10e+03  0.0199337427  1.403658e-01 0.9176
1  1.15e+03  0.01991049479  1.403658e-01 0.9176
1  1.20e+03  0.01988959777  1.403658e-01 0.9176
1  1.26e+03  0.0198700592  1.403658e-01 0.9176
1  1.32e+03  0.01985261981  1.403658e-01 0.9176
1  1.38e+03  0.01983864797  1.403658e-01 0.9176
1  1.45e+03  0.01982470503  1.403658e-01 0.9176
1  1.51e+03  0.01981249381  1.403658e-01 0.9176
1  1.58e+03  0.01980093541  1.403658e-01 0.9176
1  1.66e+03  0.01979143588  1.403658e-01 0.9176
1  1.74e+03  0.01978255694  1.403658e-01 0.9176
1  1.82e+03  0.01977592839  1.403658e-01 0.9176
1  1.91e+03  0.01976814143  1.403658e-01 0.9176
1  2.00e+03  0.01976258224  1.403658e-01 0.9176
1  2.09e+03  0.01975642222  1.403658e-01 0.9176
1  2.19e+03  0.01975103073  1.403658e-01 0.9176
1  2.29e+03  0.01974746595  1.403658e-01 0.9176
1  2.40e+03  0.01974304002  1.403658e-01 0.9176
1  2.51e+03  0.01973833084  1.403658e-01 0.9176
1  2.63e+03  0.01973503781  1.403658e-01 0.9176
1  2.75e+03  0.01973178037  1.403658e-01 0.9176
1  2.88e+03  0.01972945945  1.403658e-01 0.9176
1  3.02e+03  0.01972867399  1.403658e-01 0.9176
1  3.16e+03  0.01972492174  1.403658e-01 0.9176
1  3.31e+03  0.01972561647  1.403658e-01 0.9176
1  3.47e+03  0.0197198928  1.403658e-01 0.9176
1  3.63e+03  0.01972171542  1.403658e-01 0.9176
1  3.80e+03  0.01971869937  1.403658e-01 0.9176
1  3.98e+03  0.01971424375  1.403658e-01 0.9176
1  4.17e+03  0.01970715277  1.403658e-01 0.9176
1  4.37e+03  0.01970783537  1.403658e-01 0.9176
1  4.57e+03  0.01970486681  1.403658e-01 0.9176
1  4.79e+03  0.01970295039  1.403658e-01 0.9176
1  5.01e+03  0.01970647665  1.403658e-01 0.9176
1  5.25e+03  0.01972984299  1.403658e-01 0.9176
1  5.50e+03  0.01976596937  1.403658e-01 0.9176
1  5.75e+03  0.01974336758  1.403658e-01 0.9176
1  6.03e+03  0.0197495905  1.403658e-01 0.9176
1  6.31e+03  0.01984222701  1.403658e-01 0.9176
1  6.61e+03  0.01979855243  1.403658e-01 0.9176
1  6.92e+03  0.01995400555  1.403658e-01 0.9176
1  7.24e+03  0.01990832163  1.403658e-01 0.9176
1  7.59e+03  0.0201311203  1.403658e-01 0.9176
1  7.94e+03  0.02021739153  1.403658e-01 0.9176
1  8.32e+03  0.02030528606  1.403658e-01 0.9176
1  8.71e+03  0.02064720042  1.403658e-01 0.9176
1  9.12e+03  0.0209795589  1.403658e-01 0.9176
1  9.55e+03  0.02123801361  1.403658e-01 0.9176
1  1.00e+04  0.02159750961  1.403658e-01 0.9176
1  1.05e+04  0.02209885813  1.403658e-01 0.9176
1  1.10e+04  0.02280842447  1.403658e-01 0.9176
1  1.15e+04  0.02363936309  1.403658e-01 0.9176
1  1.20e+04  0.02468533754  1.403658e-01 0.9176
1  1.26e+04  0.02575571455  1.403658e-01 0.9176
1  1.32e+04  0.02705541888  1.403658e-01 0.9176
1  1.38e+04  0.02872719215  1.403658e-01 0.9176
1  1.45e+04  0.0308195914  1.403658e-01 0.9176
1  1.51e+04  0.03323379161  1.403658e-01 0.9176
1  1.58e+04  0.03569927445  1.403658e-01 0.9176
1  1.66e+04  0.03816237676  1.403658e-01 0.9176
1  1.74e+04  0.04097898329  1.403658e-01 0.9176
1  1.82e+04  0.04450789434  1.403658e-01 0.9176
1  1.91e+04  0.04843155237  1.403658e-01 0.9176
1  2.00e+04  0.05238171606  1.403658e-01 0.9176
1  2.09e+04  0.05720715371  1.403658e-01 0.9176
1  2.19e+04  0.06184348997  1.403658e-01 0.9176
1  2.29e+04  0.06686653629  1.403658e-01 0.9176
1  2.40e+04  0.07322146837  1.403658e-01 0.9176
1  2.51e+04  0.07813805753  1.403658e-01 0.9176
1  2.63e+04  0.08566024226  1.403658e-01 0.9176
1  2.75e+04  0.09111669168  1.403658e-01 0.9176
1  2.88e+04  0.09935515351  1.403658e-01 0.9176
1  3.02e+04  0.1054817513  1.403658e-01 0.9176
1  3.16e+04  0.1140995494  1.403658e-01 0.9176
1  3.31e+04  0.1214950265  1.403658e-01 0.9176
1  3.47e+04  0.1293522372  1.403658e-01 0.9176
1  3.63e+04  0.1387154263  1.403658e-01 0.9176
1  3.80e+04  0.1465013518  1.403658e-01 0.9176
1  3.98e+04  0.1548070855  1.403658e-01 0.9176
1  4.17e+04  0.1653953276  1.403658e-01 0.9176
1  4.37e+04  0.1737612234  1.403658e-01 0.9176
1  4.57e+04  0.1812705514  1.403658e-01 0.9176
1  4.79e+04  0.1923177802  1.403658e-01 0.9176
1  5.01e+04  0.2030125671  1.403658e-01 0.9176
1  5.25e+04  0.2104471297  1.403658e-01 0.9176
1  5.50e+04  0.2185031388  1.403658e-01 0.9176
1  5.75e+04  0.2292934969  1.403658e-01 0.9176
1  6.03e+04  0.240433996  1.403658e-01 0.9176
1  6.31e+04  0.2498865861  1.403658e-01 0.9176
1  6.61e+04  0.2578288228  1.403658e-01 0.9176
1  6.92e+04  0.2654962576  1.403658e-01 0.9176
1  7.24e+04  0.2742014555  1.403658e-01 0.9176
1  7.59e+04  0.2844878615  1.403658e-01 0.9176
1  7.94e+04  0.2954981988  1.403658e-01 0.9176
1  8.32e+04  0.3056301316  1.403658e-01 0.9176
1  8.71e+04  0.3139467546  1.403658e-01 0.9176
1  9.12e+04  0.3207841539  1.403658e-01 0.9176
1  9.55e+04  0.3272066922  1.403658e-01 0.9176
1  1.00e+05  0.3341412953  1.403658e-01 0.9176
1  1.05e+05  0.3419523543  1.403658e-01 0.9176
1  1.10e+05  0.3505331972  1.403658e-01 0.9176
1  1.15e+05  0.3595652855  1.403658e-01 0.9176
1  1.20e+05  0.3686808037  1.403658e-01 0.9176
1  1.26e+05  0.3775198028  1.403658e-01 0.9176
1  1.32e+05  0.3857698521  1.403658e-01 0.9176
1  1.38e+05  0.393220121  1.403658e-01 0.9176
1  1.45e+05  0.3998021983  1.403658e-01 0.9176
1  1.51e+05  0.4055894597  1.403658e-01 0.9176
1  1.58e+05  0.4107560481  1.403658e-01 0.9176
1  1.66e+05  0.4155175319  1.403658e-01 0.9176
1  1.74e+05  0.4200773914  1.403658e-01 0.9176
1  1.82e+05  0.4245936812  1.403658e-01 0.9176
1  1.91e+05  0.4291681527  1.403658e-01 0.9176
1  2.00e+05  0.4338518065  1.403658e-01 0.9176
1  2.09e+05  0.4386580948  1.403658e-01 0.9176
1  2.19e+05  0.4435765806  1.403658e-01 0.9176
1  2.29e+05  0.4485832891  1.403658e-01 0.9176
1  2.40e+05  0.4536470871  1.403658e-01 0.9176
1  2.51e+05  0.4587331489  1.403658e-01 0.9176
1  2.63e+05  0.4638049494  1.403658e-01 0.9176
1  2.75e+05  0.4688258184  1.403658e-01 0.9176
1  2.88e+05  0.4737604915  1.403658e-01 0.9176
1  3.02e+05  0.4785766425  1.403658e-01 0.9176
1  3.16e+05  0.4832461963  1.403658e-01 0.9176
1  3.31e+05  0.4877462282  1.403658e-01 0.9176
1  3.47e+05  0.4920593625  1.403658e-01 0.9176
1  3.63e+05  0.4961736987  1.403658e-01 0.9176
1  3.80e+05  0.5000823677  1.403658e-01 0.9176
1  3.98e+05  0.5037828573  1.403658e-01 0.9176
1  4.17e+05  0.5072762339  1.403658e-01 0.9176
1  4.37e+05  0.5105663625  1.403658e-01 0.9176
1  4.57e+05  0.5136591921  1.403658e-01 0.9176
1  4.79e+05  0.5165621414  1.403658e-01 0.9176
1  5.01e+05  0.5192835955  1.403658e-01 0.9176
1  5.25e+05  0.52183251  1.403658e-01 0.9176
1  5.50e+05  0.5242181098  1.403658e-01 0.9176
1  5.75e+05  0.5264496643  1.403658e-01 0.9176
1  6.03e+05  0.5285363265  1.403658e-01 0.9176
1  6.31e+05  0.5304870181  1.403658e-01 0.9176
1  6.61e+05  0.5323103514  1.403658e-01 0.9176
1  6.92e+05  0.5340145775  1.403658e-01 0.9176
1  7.24e+05  0.5356075548  1.403658e-01 0.9176
1  7.59e+05  0.537096731  1.403658e-01 0.9176
1  7.94e+05  0.5384891365  1.403658e-01 0.9176
1  8.32e+05  0.5397913856  1.403658e-01 0.9176
1  8.71e+05  0.5410096833  1.403658e-01 0.9176
1  9.12e+05  0.5421498365  1.403658e-01 0.9176
1  9.55e+05  0.5432172678  1.403658e-01 0.9176
1  1.00e+06  0.5442170327  1.403658e-01 0.9176
1  1.05e+06  0.5451538364  1.403658e-01 0.9176
1  1.10e+06  0.5460320531  1.403658e-01 0.9176
1  1.15e+06  0.5468557449  1.403658e-01 0.9176
1  1.20e+06  0.5476286806  1.403658e-01 0.9176
1  1.26e+06  0.5483543548  1.403658e-01 0.9176
1  1.32e+06  0.5490360061  1.403658e-01 0.9176
1  1.38e+06  0.5496766346  1.403658e-01 0.9176
1  1.45e+06  0.5502790193  1.403658e-01 0.9176
1  1.51e+06  0.5508457337  1.403658e-01 0.9176
1  1.58e+06  0.5513791611  1.403658e-01 0.9176
1  1.66e+06  0.5518815091  1.403658e-01 0.9176
1  1.74e+06  0.5523548229  1.403658e-01 0.9176
1  1.82e+06  0.5528009976  1.403658e-01 0.9176
1  1.91e+06  0.5532217929  1.403658e-01 0.9176
1  2.00e+06  0.5536188343  1.403658e-01 0.9176
1  2.09e+06  0.5539936335  1.403658e-01 0.9176
1  2.19e+06  0.554347593  1.403658e-01 0.9176
1  2.29e+06  0.5546820164  1.403658e-01 0.9176
1  2.40e+06  0.5549981142  1.403658e-01 0.9176
1  2.51e+06  0.555297012  1.403658e-01 0.9176
1  2.63e+06  0.555579757  1.403658e-01 0.9176
1  2.75e+06  0.5558473244  1.403658e-01 0.9176
1  2.88e+06  0.5561006222  1.403658e-01 0.9176
1  3.02e+06  0.5563404967  1.403658e-01 0.9176
1  3.16e+06  0.5565677376  1.403658e-01 0.9176
1  3.31e+06  0.5567830815  1.403658e-01 0.9176
1  3.47e+06  0.5569872167  1.403658e-01 0.9176
1  3.63e+06  0.5571807861  1.403658e-01 0.9176
1  3.80e+06  0.557364391  1.403658e-01 0.9176
1  3.98e+06  0.5575385942  1.403658e-01 0.9176
1  4.17e+06  0.5577039224  1.403658e-01 0.9176
1  4.37e+06  0.5578608691  1.403658e-01 0.9176
1  4.57e+06  0.5580098971  1.403658e-01 0.9176
1  4.79e+06  0.5581514404  1.403658e-01 0.9176
1  5.01e+06  0.5582859064  1.403658e-01 0.9176
1  5.25e+06  0.5584136775  1.403658e-01 0.9176
1  5.50e+06  0.5585351135  1.403658e-01 0.9176
1  5.75e+06  0.5586505521  1.403658e-01 0.9176
1  6.03e+06  0.5587603115  1.403658e-01 0.9176
1  6.31e+06  0.5588646907  1.403658e-01 0.9176
1  6.61e+06  0.5589639718  1.403658e-01 0.9176
1  6.92e+06  0.5590584202  1.403658e-01 0.9176
1  7.24e+06  0.5591482861  1.403658e-01 0.9176
1  7.59e+06  0.5592338057  1.403658e-01 0.9176
1  7.94e+06  0.5593152016  1.403658e-01 0.9176
1  8.32e+06  0.5593926842  1.403658e-01 0.9176
1  8.71e+06  0.5594664519  1.403658e-01 0.9176
1  9.12e+06  0.5595366925  1.403658e-01 0.9176
1  9.55e+06  0.559603583  1.403658e-01 0.9176
1  1.00e+07  0.5596672914  1.403658e-01 0.9176
