1  1.00e-03  0.5566839007  1.631278e-01 1.0664
1  1.05e-03  0.5566826923  1.631278e-01 1.0664
1  1.10e-03  0.5566812576  1.631278e-01 1.0664
1  1.15e-03  0.5566799607  1.631278e-01 1.0664
1  1.20e-03  0.5566783883  1.631278e-01 1.0664
1  1.26e-03  0.5566768877  1.631278e-01 1.0664
1  1.32e-03  0.5566751806  1.631278e-01 1.0664
1  1.38e-03  0.5566734145  1.631278e-01 1.0664
1  1.45e-03  0.5566716248  1.631278e-01 1.0664
1  1.51e-03  0.5566698668  1.631278e-01 1.0664
1  1.58e-03  0.5566677953  1.631278e-01 1.0664
1  1.66e-03  0.5566658006  1.631278e-01 1.0664
1  1.74e-03  0.5566636623  1.631278e-01 1.0664
1  1.82e-03  0.5566613827  1.631278e-01 1.0664
1  1.91e-03  0.556659024  1.631278e-01 1.0664
1  2.00e-03  0.5566565256  1.631278e-01 1.0664
1  2.09e-03  0.5566538921  1.631278e-01 1.0664
1  2.19e-03  0.5566512094  1.631278e-01 1.0664
1  2.29e-03  0.5566484074  1.631278e-01 1.0664
1  2.40e-03  0.5566454637  1.631278e-01 1.0664
1  2.51e-03  0.5566422936  1.631278e-01 1.0664
1  2.63e-03  0.5566390551  1.631278e-01 1.0664
1  2.75e-03  0.5566356324  1.631278e-01 1.0664
1  2.88e-03  0.5566320709  1.631278e-01 1.0664
1  3.02e-03  0.5566283051  1.631278e-01 1.0664
1  3.16e-03  0.5566244219  1.631278e-01 1.0664
1  3.31e-03  0.5566202908  1.631278e-01 1.0664
1  3.47e-03  0.5566159932  1.631278e-01 1.0664
1  3.63e-03  0.5566115061  1.631278e-01 1.0664
1  3.80e-03  0.556606807  1.631278e-01 1.0664
1  3.98e-03  0.5566018438  1.631278e-01 1.0664
1  4.17e-03  0.5565966942  1.631278e-01 1.0664
1  4.37e-03  0.5565912862  1.631278e-01 1.0664
1  4.57e-03  0.5565856061  1.631278e-01 1.0664
1  4.79e-03  0.5565796806  1.631278e-01 1.0664
1  5.01e-03  0.5565734574  1.631278e-01 1.0664
1  5.25e-03  0.5565669533  1.631278e-01 1.0664
1  5.50e-03  0.5565601517  1.631278e-01 1.0664
1  5.75e-03  0.5565530138  1.631278e-01 1.0664
1  6.03e-03  0.5565455284  1.631278e-01 1.0664
1  6.31e-03  0.556537715  1.631278e-01 1.0664
1  6.61e-03  0.5565294973  1.631278e-01 1.0664
1  6.92e-03  0.5565209423  1.631278e-01 1.0664
1  7.24e-03  0.5565119487  1.631278e-01 1.0664
1  7.59e-03  0.5565025113  1.631278e-01 1.0664
1  7.94e-03  0.5564926881  1.631278e-01 1.0664
1  8.32e-03  0.5564823337  1.631278e-01 1.0664
1  8.71e-03  0.5564715334  1.631278e-01 1.0664
1  9.12e-03  0.5564602095  1.631278e-01 1.0664
1  9.55e-03  0.5564483655  1.631278e-01 1.0664
1  1.00e-02  0.5564359512  1.631278e-01 1.0664
1  1.05e-02  0.5564229601  1.631278e-01 1.0664
1  1.10e-02  0.556409316  1.631278e-01 1.0664
1  1.15e-02  0.556395093  1.631278e-01 1.0664
1  1.20e-02  0.5563801602  1.631278e-01 1.0664
1  1.26e-02  0.5563645219  1.631278e-01 1.0664
1  1.32e-02  0.5563481159  1.631278e-01 1.0664
1  1.38e-02  0.5563309861  1.631278e-01 1.0664
1  1.45e-02  0.5563130005  1.631278e-01 1.0664
1  1.51e-02  0.5562941836  1.631278e-01 1.0664
1  1.58e-02  0.5562744861  1.631278e-01 1.0664
1  1.66e-02  0.5562538793  1.631278e-01 1.0664
1  1.74e-02  0.5562322883  1.631278e-01 1.0664
1  1.82e-02  0.5562096206  1.631278e-01 1.0664
1  1.91e-02  0.5561859978  1.631278e-01 1.0664
1  2.00e-02  0.5561611297  1.631278e-01 1.0664
1  2.09e-02  0.5561351553  1.631278e-01 1.0664
1  2.19e-02  0.5561078886  1.631278e-01 1.0664
1  2.29e-02  0.556079417  1.631278e-01 1.0664
1  2.40e-02  0.5560495126  1.631278e-01 1.0664
1  2.51e-02  0.5560183105  1.631278e-01 1.0664
1  2.63e-02  0.5559855737  1.631278e-01 1.0664
1  2.75e-02  0.5559512582  1.631278e-01 1.0664
1  2.88e-02  0.5559152331  1.631278e-01 1.0664
1  3.02e-02  0.5558776823  1.631278e-01 1.0664
1  3.16e-02  0.5558381587  1.631278e-01 1.0664
1  3.31e-02  0.5557968956  1.631278e-01 1.0664
1  3.47e-02  0.5557536656  1.631278e-01 1.0664
1  3.63e-02  0.5557083234  1.631278e-01 1.0664
1  3.80e-02  0.5556609493  1.631278e-01 1.0664
1  3.98e-02  0.5556111845  1.631278e-01 1.0664
1  4.17e-02  0.5555592402  1.631278e-01 1.0664
1  4.37e-02  0.5555045794  1.631278e-01 1.0664
1  4.57e-02  0.5554474953  1.631278e-01 1.0664
1  4.79e-02  0.5553877439  1.631278e-01 1.0664
1  5.01e-02  0.5553250278  1.631278e-01 1.0664
1  5.25e-02  0.5552593303  1.631278e-01 1.0664
1  5.50e-02  0.5551903778  1.631278e-01 1.0664
1  5.75e-02  0.5551182722  1.631278e-01 1.0664
1  6.03e-02  0.5550427516  1.631278e-01 1.0664
1  6.31e-02  0.5549638915  1.631278e-01 1.0664
1  6.61e-02  0.5548809052  1.631278e-01 1.0664
1  6.92e-02  0.5547941583  1.631278e-01 1.0664
1  7.24e-02  0.5547029917  1.631278e-01 1.0664
1  7.59e-02  0.5546077374  1.631278e-01 1.0664
1  7.94e-02  0.5545077303  1.631278e-01 1.0664
1  8.32e-02  0.554403157  1.631278e-01 1.0664
1  8.71e-02  0.5542932813  1.631278e-01 1.0664
1  9.12e-02  0.5541784135  1.631278e-01 1.0664
1  9.55e-02  0.5540582031  1.631278e-01 1.0664
1  1.00e-01  0.5539316637  1.631278e-01 1.0664
1  1.05e-01  0.5537993071  1.631278e-01 1.0664
1  1.10e-01  0.5536609983  1.631278e-01 1.0664
1  1.15e-01  0.5535156669  1.631278e-01 1.0664
1  1.20e-01  0.5533631677  1.631278e-01 1.0664
1  1.26e-01  0.5532033408  1.631278e-01 1.0664
1  1.32e-01  0.5530358109  1.631278e-01 1.0664
1  1.38e-01  0.5528606711  1.631278e-01 1.0664
1  1.45e-01  0.5526766579  1.631278e-01 1.0664
1  1.51e-01  0.5524839044  1.631278e-01 1.0664
1  1.58e-01  0.5522813682  1.631278e-01 1.0664
1  1.66e-01  0.5520699181  1.631278e-01 1.0664
1  1.74e-01  0.5518471185  1.631278e-01 1.0664
1  1.82e-01  0.551614483  1.631278e-01 1.0664
1  1.91e-01  0.5513699612  1.631278e-01 1.0664
1  2.00e-01  0.5511129299  1.631278e-01 1.0664
1  2.09e-01  0.5508445315  1.631278e-01 1.0664
1  2.19e-01  0.550562056  1.631278e-01 1.0664
1  2.29e-01  0.5502666637  1.631278e-01 1.0664
1  2.40e-01  0.5499557217  1.631278e-01 1.0664
1  2.51e-01  0.5496306018  1.631278e-01 1.0664
1  2.63e-01  0.5492881381  1.631278e-01 1.0664
1  2.75e-01  0.5489293775  1.631278e-01 1.0664
1  2.88e-01  0.5485539022  1.631278e-01 1.0664
1  3.02e-01  0.548158955  1.631278e-01 1.0664
1  3.16e-01  0.5477431014  1.631278e-01 1.0664
1  3.31e-01  0.5473090712  1.631278e-01 1.0664
1  3.47e-01  0.5468513651  1.631278e-01 1.0664
1  3.63e-01  0.5463719708  1.631278e-01 1.0664
1  3.80e-01  0.5458672705  1.631278e-01 1.0664
1  3.98e-01  0.5453393265  1.631278e-01 1.0664
1  4.17e-01  0.5447834156  1.631278e-01 1.0664
1  4.37e-01  0.544198979  1.631278e-01 1.0664
1  4.57e-01  0.5435864597  1.631278e-01 1.0664
1  4.79e-01  0.5429425155  1.631278e-01 1.0664
1  5.01e-01  0.5422641788  1.631278e-01 1.0664
1  5.25e-01  0.5415532001  1.631278e-01 1.0664
1  5.50e-01  0.5408056441  1.631278e-01 1.0664
1  5.75e-01  0.5400168755  1.631278e-01 1.0664
1  6.03e-01  0.5391922418  1.631278e-01 1.0664
1  6.31e-01  0.5383223002  1.631278e-01 1.0664
1  6.61e-01  0.5374060651  1.631278e-01 1.0664
1  6.92e-01  0.5364440766  1.631278e-01 1.0664
1  7.24e-01  0.5354345286  1.631278e-01 1.0664
1  7.59e-01  0.5343708861  1.631278e-01 1.0664
1  7.94e-01  0.5332480811  1.631278e-01 1.0664
1  8.32e-01  0.5320693725  1.631278e-01 1.0664
1  8.71e-01  0.5308279165  1.631278e-01 1.0664
1  9.12e-01  0.5295248144  1.631278e-01 1.0664
1  9.55e-01  0.5281469827  1.631278e-01 1.0664
1  1.00e+00  0.5266997003  1.631278e-01 1.0664
1  1.05e+00  0.5251781672  1.631278e-01 1.0664
1  1.10e+00  0.5235733575  1.631278e-01 1.0664
1  1.15e+00  0.5218815457  1.631278e-01 1.0664
1  1.20e+00  0.520103458  1.631278e-01 1.0664
1  1.26e+00  0.5182263188  1.631278e-01 1.0664
1  1.32e+00  0.5162535791  1.631278e-01 1.0664
1  1.38e+00  0.5141803322  1.631278e-01 1.0664
1  1.45e+00  0.5119905172  1.631278e-01 1.0664
1  1.51e+00  0.5096843911  1.631278e-01 1.0664
1  1.58e+00  0.5072619016  1.631278e-01 1.0664
1  1.66e+00  0.5047079865  1.631278e-01 1.0664
1  1.74e+00  0.5020308676  1.631278e-01 1.0664
1  1.82e+00  0.4992059766  1.631278e-01 1.0664
1  1.91e+00  0.4962423731  1.631278e-01 1.0664
1  2.00e+00  0.4931241758  1.631278e-01 1.0664
1  2.09e+00  0.4898570377  1.631278e-01 1.0664
1  2.19e+00  0.4864270677  1.631278e-01 1.0664
1  2.29e+00  0.4828225566  1.631278e-01 1.0664
1  2.40e+00  0.4790671488  1.631278e-01 1.0664
1  2.51e+00  0.4751277872  1.631278e-01 1.0664
1  2.63e+00  0.4710105712  1.631278e-01 1.0664
1  2.75e+00  0.4667231683  1.631278e-01 1.0664
1  2.88e+00  0.4622736307  1.631278e-01 1.0664
1  3.02e+00  0.457636803  1.631278e-01 1.0664
1  3.16e+00  0.4528371733  1.631278e-01 1.0664
1  3.31e+00  0.4478685617  1.631278e-01 1.0664
1  3.47e+00  0.4427317695  1.631278e-01 1.0664
1  3.63e+00  0.4374657882  1.631278e-01 1.0664
1  3.80e+00  0.432077596  1.631278e-01 1.0664
1  3.98e+00  0.4265552109  1.631278e-01 1.0664
1  4.17e+00  0.420922708  1.631278e-01 1.0664
1  4.37e+00  0.4152450537  1.631278e-01 1.0664
1  4.57e+00  0.409481892  1.631278e-01 1.0664
1  4.79e+00  0.4037206228  1.631278e-01 1.0664
1  5.01e+00  0.3979301941  1.631278e-01 1.0664
1  5.25e+00  0.3921591564  1.631278e-01 1.0664
1  5.50e+00  0.3864630195  1.631278e-01 1.0664
1  5.75e+00  0.3808219316  1.631278e-01 1.0664
1  6.03e+00  0.3753055765  1.631278e-01 1.0664
1  6.31e+00  0.3699337524  1.631278e-01 1.0664
1  6.61e+00  0.3646867975  1.631278e-01 1.0664
1  6.92e+00  0.3596365121  1.631278e-01 1.0664
1  7.24e+00  0.3547711581  1.631278e-01 1.0664
1  7.59e+00  0.3501087769  1.631278e-01 1.0664
1  7.94e+00  0.3457003867  1.631278e-01 1.0664
1  8.32e+00  0.3414982798  1.631278e-01 1.0664
1  8.71e+00  0.3375174336  1.631278e-01 1.0664
1  9.12e+00  0.3337829618  1.631278e-01 1.0664
1  9.55e+00  0.3302775517  1.631278e-01 1.0664
1  1.00e+01  0.3270236045  1.631278e-01 1.0664
1  1.05e+01  0.3239662306  1.631278e-01 1.0664
1  1.10e+01  0.3211572982  1.631278e-01 1.0664
1  1.15e+01  0.318570543  1.631278e-01 1.0664
1  1.20e+01  0.3160943436  1.631278e-01 1.0664
1  1.26e+01  0.3138767018  1.631278e-01 1.0664
1  1.32e+01  0.3118087732  1.631278e-01 1.0664
1  1.38e+01  0.3099129205  1.631278e-01 1.0664
1  1.45e+01  0.3081836311  1.631278e-01 1.0664
1  1.51e+01  0.3065738091  1.631278e-01 1.0664
1  1.58e+01  0.3050978762  1.631278e-01 1.0664
1  1.66e+01  0.303765637  1.631278e-01 1.0664
1  1.74e+01  0.3025255493  1.631278e-01 1.0664
1  1.82e+01  0.3013622137  1.631278e-01 1.0664
1  1.91e+01  0.3003345556  1.631278e-01 1.0664
1  2.00e+01  0.2993451157  1.631278e-01 1.0664
1  2.09e+01  0.2984581307  1.631278e-01 1.0664
1  2.19e+01  0.2976443627  1.631278e-01 1.0664
1  2.29e+01  0.2968710726  1.631278e-01 1.0664
1  2.40e+01  0.296151123  1.631278e-01 1.0664
1  2.51e+01  0.2955038795  1.631278e-01 1.0664
1  2.63e+01  0.2948621221  1.631278e-01 1.0664
1  2.75e+01  0.2942914748  1.631278e-01 1.0664
1  2.88e+01  0.2937260412  1.631278e-01 1.0664
1  3.02e+01  0.2931874092  1.631278e-01 1.0664
1  3.16e+01  0.2926722263  1.631278e-01 1.0664
1  3.31e+01  0.2921842683  1.631278e-01 1.0664
1  3.47e+01  0.2917035861  1.631278e-01 1.0664
1  3.63e+01  0.2912392439  1.631278e-01 1.0664
1  3.80e+01  0.2907916621  1.631278e-01 1.0664
1  3.98e+01  0.290337764  1.631278e-01 1.0664
1  4.17e+01  0.2898717939  1.631278e-01 1.0664
1  4.37e+01  0.289402704  1.631278e-01 1.0664
1  4.57e+01  0.2889198452  1.631278e-01 1.0664
1  4.79e+01  0.2884007062  1.631278e-01 1.0664
1  5.01e+01  0.2879034149  1.631278e-01 1.0664
1  5.25e+01  0.2873647729  1.631278e-01 1.0664
1  5.50e+01  0.286772333  1.631278e-01 1.0664
1  5.75e+01  0.2861807818  1.631278e-01 1.0664
1  6.03e+01  0.2855231579  1.631278e-01 1.0664
1  6.31e+01  0.284788149  1.631278e-01 1.0664
1  6.61e+01  0.2840181501  1.631278e-01 1.0664
1  6.92e+01  0.2831729639  1.631278e-01 1.0664
1  7.24e+01  0.2822275073  1.631278e-01 1.0664
1  7.59e+01  0.2812040268  1.631278e-01 1.0664
1  7.94e+01  0.2800361433  1.631278e-01 1.0664
1  8.32e+01  0.2787060354  1.631278e-01 1.0664
1  8.71e+01  0.2772288226  1.631278e-01 1.0664
1  9.12e+01  0.2755166202  1.631278e-01 1.0664
1  9.55e+01  0.2735553687  1.631278e-01 1.0664
1  1.00e+02  0.2712772259  1.631278e-01 1.0664
1  1.05e+02  0.2686337604  1.631278e-01 1.0664
1  1.10e+02  0.2655423915  1.631278e-01 1.0664
1  1.15e+02  0.2618397379  1.631278e-01 1.0664
1  1.20e+02  0.2574437236  1.631278e-01 1.0664
1  1.26e+02  0.2521741401  1.631278e-01 1.0664
1  1.32e+02  0.2458342676  1.631278e-01 1.0664
1  1.38e+02  0.2381375451  1.631278e-01 1.0664
1  1.45e+02  0.2288482373  1.631278e-01 1.0664
1  1.51e+02  0.2176551833  1.631278e-01 1.0664
1  1.58e+02  0.2043968953  1.631278e-01 1.0664
1  1.66e+02  0.189020661  1.631278e-01 1.0664
1  1.74e+02  0.1717629787  1.631278e-01 1.0664
1  1.82e+02  0.1532571101  1.631278e-01 1.0664
1  1.91e+02  0.1344717079  1.631278e-01 1.0664
1  2.00e+02  0.1165004825  1.631278e-01 1.0664
1  2.09e+02  0.100229388  1.631278e-01 1.0664
1  2.19e+02  0.08620178712  1.631278e-01 1.0664
1  2.29e+02  0.07454442214  1.631278e-01 1.0664
1  2.40e+02  0.06511530579  1.631278e-01 1.0664
1  2.51e+02  0.05760560394  1.631278e-01 1.0664
1  2.63e+02  0.0516723583  1.631278e-01 1.0664
1  2.75e+02  0.04698893671  1.631278e-01 1.0664
1  2.88e+02  0.04328670931  1.631278e-01 1.0664
1  3.02e+02  0.04034504355  1.631278e-01 1.0664
1  3.16e+02  0.0380027539  1.631278e-01 1.0664
1  3.31e+02  0.03611526182  1.631278e-01 1.0664
1  3.47e+02  0.03459126092  1.631278e-01 1.0664
1  3.63e+02  0.03334566588  1.631278e-01 1.0664
1  3.80e+02  0.03232810613  1.631278e-01 1.0664
1  3.98e+02  0.03148571945  1.631278e-01 1.0664
1  4.17e+02  0.03078588408  1.631278e-01 1.0664
1  4.37e+02  0.0301998737  1.631278e-01 1.0664
1  4.57e+02  0.02970850884  1.631278e-01 1.0664
1  4.79e+02  0.02929484479  1.631278e-01 1.0664
1  5.01e+02  0.02894386881  1.631278e-01 1.0664
1  5.25e+02  0.02864507855  1.631278e-01 1.0664
1  5.50e+02  0.02838830476  1.631278e-01 1.0664
1  5.75e+02  0.02816959854  1.631278e-01 1.0664
1  6.03e+02  0.02798013716  1.631278e-01 1.0664
1  6.31e+02  0.02781713695  1.631278e-01 1.0664
1  6.61e+02  0.02767571084  1.631278e-01 1.0664
1  6.92e+02  0.02755068637  1.631278e-01 1.0664
1  7.24e+02  0.02744477715  1.631278e-01 1.0664
1  7.59e+02  0.02734962401  1.631278e-01 1.0664
1  7.94e+02  0.02726816916  1.631278e-01 1.0664
1  8.32e+02  0.02719416339  1.631278e-01 1.0664
1  8.71e+02  0.02713155113  1.631278e-01 1.0664
1  9.12e+02  0.02707523781  1.631278e-01 1.0664
1  9.55e+02  0.02702596854  1.631278e-01 1.0664
1  1.00e+03  0.02698214175  1.631278e-01 1.0664
1  1.05e+03  0.02694419272  1.631278e-01 1.0664
1  1.10e+03  0.0269082465  1.631278e-01 1.0664
1  1.15e+03  0.02687685034  1.631278e-01 1.0664
1  1.20e+03  0.02685075177  1.631278e-01 1.0664
1  1.26e+03  0.02682595363  1.631278e-01 1.0664
1  1.32e+03  0.02680381429  1.631278e-01 1.0664
1  1.38e+03  0.02678442518  1.631278e-01 1.0664
1  1.45e+03  0.02676701415  1.631278e-01 1.0664
1  1.51e+03  0.02675166648  1.631278e-01 1.0664
1  1.58e+03  0.02673837915  1.631278e-01 1.0664
1  1.66e+03  0.02672649432  1.631278e-01 1.0664
1  1.74e+03  0.02671378525  1.631278e-01 1.0664
1  1.82e+03  0.02670413685  1.631278e-01 1.0664
1  1.91e+03  0.02669466814  1.631278e-01 1.0664
1  2.00e+03  0.02668715879  1.631278e-01 1.0664
1  2.09e+03  0.02667945378  1.631278e-01 1.0664
1  2.19e+03  0.02667364817  1.631278e-01 1.0664
1  2.29e+03  0.02666680227  1.631278e-01 1.0664
1  2.40e+03  0.0266613914  1.631278e-01 1.0664
1  2.51e+03  0.02665728738  1.631278e-01 1.0664
1  2.63e+03  0.02665207321  1.631278e-01 1.0664
1  2.75e+03  0.02664860656  1.631278e-01 1.0664
1  2.88e+03  0.02664609821  1.631278e-01 1.0664
1  3.02e+03  0.026642239  1.631278e-01 1.0664
1  3.16e+03  0.02663969598  1.631278e-01 1.0664
1  3.31e+03  0.0266369516  1.631278e-01 1.0664
1  3.47e+03  0.02663392006  1.631278e-01 1.0664
1  3.63e+03  0.02663311961  1.631278e-01 1.0664
1  3.80e+03  0.02663148009  1.631278e-01 1.0664
1  3.98e+03  0.02662852804  1.631278e-01 1.0664
1  4.17e+03  0.02662466619  1.631278e-01 1.0664
1  4.37e+03  0.02662250535  1.631278e-01 1.0664
1  4.57e+03  0.02662404478  1.631278e-01 1.0664
1  4.79e+03  0.02661889525  1.631278e-01 1.0664
1  5.01e+03  0.02662214566  1.631278e-01 1.0664
1  5.25e+03  0.02662518478  1.631278e-01 1.0664
1  5.50e+03  0.02662389589  1.631278e-01 1.0664
1  5.75e+03  0.0266135884  1.631278e-01 1.0664
1  6.03e+03  0.02662874081  1.631278e-01 1.0664
1  6.31e+03  0.02662309476  1.631278e-01 1.0664
1  6.61e+03  0.02662396457  1.631278e-01 1.0664
1  6.92e+03  0.02662783564  1.631278e-01 1.0664
1  7.24e+03  0.02664894955  1.631278e-01 1.0664
1  7.59e+03  0.02662620035  1.631278e-01 1.0664
1  7.94e+03  0.0266908639  1.631278e-01 1.0664
1  8.32e+03  0.0267115845  1.631278e-01 1.0664
1  8.71e+03  0.02669360796  1.631278e-01 1.0664
1  9.12e+03  0.02674608284  1.631278e-01 1.0664
1  9.55e+03  0.02686924309  1.631278e-01 1.0664
1  1.00e+04  0.02700326347  1.631278e-01 1.0664
1  1.05e+04  0.02713510745  1.631278e-01 1.0664
1  1.10e+04  0.02731964995  1.631278e-01 1.0664
1  1.15e+04  0.02750649223  1.631278e-01 1.0664
1  1.20e+04  0.02783333019  1.631278e-01 1.0664
1  1.26e+04  0.02820560908  1.631278e-01 1.0664
1  1.32e+04  0.02863057285  1.631278e-01 1.0664
1  1.38e+04  0.02913476309  1.631278e-01 1.0664
1  1.45e+04  0.02970583799  1.631278e-01 1.0664
1  1.51e+04  0.03048967937  1.631278e-01 1.0664
1  1.58e+04  0.03162682744  1.631278e-01 1.0664
1  1.66e+04  0.03295678872  1.631278e-01 1.0664
1  1.74e+04  0.03418858431  1.631278e-01 1.0664
1  1.82e+04  0.03548726496  1.631278e-01 1.0664
1  1.91e+04  0.03761221616  1.631278e-01 1.0664
1  2.00e+04  0.040142706  1.631278e-01 1.0664
1  2.09e+04  0.04208122815  1.631278e-01 1.0664
1  2.19e+04  0.04489676265  1.631278e-01 1.0664
1  2.29e+04  0.04817715669  1.631278e-01 1.0664
1  2.40e+04  0.05135137637  1.631278e-01 1.0664
1  2.51e+04  0.05516139721  1.631278e-01 1.0664
1  2.63e+04  0.05935947548  1.631278e-01 1.0664
1  2.75e+04  0.06358595266  1.631278e-01 1.0664
1  2.88e+04  0.06871306354  1.631278e-01 1.0664
1  3.02e+04  0.07361920234  1.631278e-01 1.0664
1  3.16e+04  0.07922445199  1.631278e-01 1.0664
1  3.31e+04  0.08553852269  1.631278e-01 1.0664
1  3.47e+04  0.09074117564  1.631278e-01 1.0664
1  3.63e+04  0.09867254123  1.631278e-01 1.0664
1  3.80e+04  0.1048862361  1.631278e-01 1.0664
1  3.98e+04  0.111129513  1.631278e-01 1.0664
1  4.17e+04  0.1207304517  1.631278e-01 1.0664
1  4.37e+04  0.1276429606  1.631278e-01 1.0664
1  4.57e+04  0.1338446742  1.631278e-01 1.0664
1  4.79e+04  0.1439389301  1.631278e-01 1.0664
1  5.01e+04  0.1536460401  1.631278e-01 1.0664
1  5.25e+04  0.1604746167  1.631278e-01 1.0664
1  5.50e+04  0.1679147871  1.631278e-01 1.0664
1  5.75e+04  0.177841576  1.631278e-01 1.0664
1  6.03e+04  0.1886250277  1.631278e-01 1.0664
1  6.31e+04  0.1982932773  1.631278e-01 1.0664
1  6.61e+04  0.2062193381  1.631278e-01 1.0664
1  6.92e+04  0.2134487857  1.631278e-01 1.0664
1  7.24e+04  0.2219109244  1.631278e-01 1.0664
1  7.59e+04  0.2325375661  1.631278e-01 1.0664
1  7.94e+04  0.2442352546  1.631278e-01 1.0664
1  8.32e+04  0.2550237767  1.631278e-01 1.0664
1  8.71e+04  0.2638348804  1.631278e-01 1.0664
1  9.12e+04  0.2710681828  1.631278e-01 1.0664
1  9.55e+04  0.2778760155  1.631278e-01 1.0664
1  1.00e+05  0.2852491933  1.631278e-01 1.0664
1  1.05e+05  0.2936244962  1.631278e-01 1.0664
1  1.10e+05  0.3029751685  1.631278e-01 1.0664
1  1.15e+05  0.3130196928  1.631278e-01 1.0664
1  1.20e+05  0.3233473325  1.631278e-01 1.0664
1  1.26e+05  0.333491695  1.631278e-01 1.0664
1  1.32e+05  0.3430215171  1.631278e-01 1.0664
1  1.38e+05  0.3516403522  1.631278e-01 1.0664
1  1.45e+05  0.3592454012  1.631278e-01 1.0664
1  1.51e+05  0.3659198419  1.631278e-01 1.0664
1  1.58e+05  0.3718733431  1.631278e-01 1.0664
1  1.66e+05  0.3773648348  1.631278e-01 1.0664
1  1.74e+05  0.3826373985  1.631278e-01 1.0664
1  1.82e+05  0.3878800065  1.631278e-01 1.0664
1  1.91e+05  0.3932161535  1.631278e-01 1.0664
1  2.00e+05  0.3987107921  1.631278e-01 1.0664
1  2.09e+05  0.4043850945  1.631278e-01 1.0664
1  2.19e+05  0.4102311999  1.631278e-01 1.0664
1  2.29e+05  0.4162232487  1.631278e-01 1.0664
1  2.40e+05  0.4223243446  1.631278e-01 1.0664
1  2.51e+05  0.4284907461  1.631278e-01 1.0664
1  2.63e+05  0.434674785  1.631278e-01 1.0664
1  2.75e+05  0.440827461  1.631278e-01 1.0664
1  2.88e+05  0.4469009985  1.631278e-01 1.0664
1  3.02e+05  0.4528512222  1.631278e-01 1.0664
1  3.16e+05  0.458639474  1.631278e-01 1.0664
1  3.31e+05  0.4642338638  1.631278e-01 1.0664
1  3.47e+05  0.4696097976  1.631278e-01 1.0664
1  3.63e+05  0.4747498644  1.631278e-01 1.0664
1  3.80e+05  0.4796432461  1.631278e-01 1.0664
1  3.98e+05  0.4842848368  1.631278e-01 1.0664
1  4.17e+05  0.4886742414  1.631278e-01 1.0664
1  4.37e+05  0.4928147792  1.631278e-01 1.0664
1  4.57e+05  0.4967125736  1.631278e-01 1.0664
1  4.79e+05  0.5003757704  1.631278e-01 1.0664
1  5.01e+05  0.5038138954  1.631278e-01 1.0664
1  5.25e+05  0.5070373455  1.631278e-01 1.0664
1  5.50e+05  0.5100569963  1.631278e-01 1.0664
1  5.75e+05  0.5128839067  1.631278e-01 1.0664
1  6.03e+05  0.5155291007  1.631278e-01 1.0664
1  6.31e+05  0.5180034094  1.631278e-01 1.0664
1  6.61e+05  0.5203173583  1.631278e-01 1.0664
1  6.92e+05  0.5224810894  1.631278e-01 1.0664
1  7.24e+05  0.5245043094  1.631278e-01 1.0664
1  7.59e+05  0.5263962573  1.631278e-01 1.0664
1  7.94e+05  0.5281656866  1.631278e-01 1.0664
1  8.32e+05  0.5298208595  1.631278e-01 1.0664
1  8.71e+05  0.5313695483  1.631278e-01 1.0664
1  9.12e+05  0.5328190448  1.631278e-01 1.0664
1  9.55e+05  0.5341761731  1.631278e-01 1.0664
1  1.00e+06  0.5354473065  1.631278e-01 1.0664
1  1.05e+06  0.5366383872  1.631278e-01 1.0664
1  1.10e+06  0.5377549473  1.631278e-01 1.0664
1  1.15e+06  0.5388021302  1.631278e-01 1.0664
1  1.20e+06  0.539784714  1.631278e-01 1.0664
1  1.26e+06  0.5407071331  1.631278e-01 1.0664
1  1.32e+06  0.5415735006  1.631278e-01 1.0664
1  1.38e+06  0.5423876299  1.631278e-01 1.0664
1  1.45e+06  0.5431530555  1.631278e-01 1.0664
1  1.51e+06  0.5438730524  1.631278e-01 1.0664
1  1.58e+06  0.5445506553  1.631278e-01 1.0664
1  1.66e+06  0.5451886763  1.631278e-01 1.0664
1  1.74e+06  0.5457897215  1.631278e-01 1.0664
1  1.82e+06  0.5463562073  1.631278e-01 1.0664
1  1.91e+06  0.5468903747  1.631278e-01 1.0664
1  2.00e+06  0.5473942991  1.631278e-01 1.0664
1  2.09e+06  0.5478699081  1.631278e-01 1.0664
1  2.19e+06  0.5483189915  1.631278e-01 1.0664
1  2.29e+06  0.5487432111  1.631278e-01 1.0664
1  2.40e+06  0.5491441122  1.631278e-01 1.0664
1  2.51e+06  0.5495231307  1.631278e-01 1.0664
1  2.63e+06  0.5498816027  1.631278e-01 1.0664
1  2.75e+06  0.5502207717  1.631278e-01 1.0664
1  2.88e+06  0.5505417966  1.631278e-01 1.0664
1  3.02e+06  0.5508457569  1.631278e-01 1.0664
1  3.16e+06  0.5511336594  1.631278e-01 1.0664
1  3.31e+06  0.5514064437  1.631278e-01 1.0664
1  3.47e+06  0.5516649875  1.631278e-01 1.0664
1  3.63e+06  0.5519101103  1.631278e-01 1.0664
1  3.80e+06  0.5521425787  1.631278e-01 1.0664
1  3.98e+06  0.5523631095  1.631278e-01 1.0664
1  4.17e+06  0.5525723741  1.631278e-01 1.0664
1  4.37e+06  0.5527710014  1.631278e-01 1.0664
1  4.57e+06  0.5529595804  1.631278e-01 1.0664
1  4.79e+06  0.553138664  1.631278e-01 1.0664
1  5.01e+06  0.5533087707  1.631278e-01 1.0664
1  5.25e+06  0.5534703875  1.631278e-01 1.0664
1  5.50e+06  0.5536239717  1.631278e-01 1.0664
1  5.75e+06  0.5537699534  1.631278e-01 1.0664
1  6.03e+06  0.553908737  1.631278e-01 1.0664
1  6.31e+06  0.554040703  1.631278e-01 1.0664
1  6.61e+06  0.5541662097  1.631278e-01 1.0664
1  6.92e+06  0.5542855946  1.631278e-01 1.0664
1  7.24e+06  0.5543991757  1.631278e-01 1.0664
1  7.59e+06  0.5545072529  1.631278e-01 1.0664
1  7.94e+06  0.5546101091  1.631278e-01 1.0664
1  8.32e+06  0.5547080113  1.631278e-01 1.0664
1  8.71e+06  0.5548012114  1.631278e-01 1.0664
1  9.12e+06  0.5548899477  1.631278e-01 1.0664
1  9.55e+06  0.5549744451  1.631278e-01 1.0664
1  1.00e+07  0.5550549164  1.631278e-01 1.0664
