1  1.00e-03  0.5557473567  1.677781e-01 1.0968
1  1.05e-03  0.5557461528  1.677781e-01 1.0968
1  1.10e-03  0.5557447228  1.677781e-01 1.0968
1  1.15e-03  0.5557434335  1.677781e-01 1.0968
1  1.20e-03  0.5557418581  1.677781e-01 1.0968
1  1.26e-03  0.5557403597  1.677781e-01 1.0968
1  1.32e-03  0.5557386575  1.677781e-01 1.0968
1  1.38e-03  0.5557368952  1.677781e-01 1.0968
1  1.45e-03  0.5557351073  1.677781e-01 1.0968
1  1.51e-03  0.5557333531  1.677781e-01 1.0968
1  1.58e-03  0.55573128  1.677781e-01 1.0968
1  1.66e-03  0.555729297  1.677781e-01 1.0968
1  1.74e-03  0.5557271606  1.677781e-01 1.0968
1  1.82e-03  0.555724884  1.677781e-01 1.0968
1  1.91e-03  0.5557225283  1.677781e-01 1.0968
1  2.00e-03  0.5557200314  1.677781e-01 1.0968
1  2.09e-03  0.5557174039  1.677781e-01 1.0968
1  2.19e-03  0.5557147242  1.677781e-01 1.0968
1  2.29e-03  0.5557119281  1.677781e-01 1.0968
1  2.40e-03  0.5557089931  1.677781e-01 1.0968
1  2.51e-03  0.5557058237  1.677781e-01 1.0968
1  2.63e-03  0.555702599  1.677781e-01 1.0968
1  2.75e-03  0.5556991741  1.677781e-01 1.0968
1  2.88e-03  0.5556956164  1.677781e-01 1.0968
1  3.02e-03  0.5556918649  1.677781e-01 1.0968
1  3.16e-03  0.5556879852  1.677781e-01 1.0968
1  3.31e-03  0.5556838564  1.677781e-01 1.0968
1  3.47e-03  0.5556795692  1.677781e-01 1.0968
1  3.63e-03  0.5556750827  1.677781e-01 1.0968
1  3.80e-03  0.555670391  1.677781e-01 1.0968
1  3.98e-03  0.5556654532  1.677781e-01 1.0968
1  4.17e-03  0.5556603018  1.677781e-01 1.0968
1  4.37e-03  0.555654916  1.677781e-01 1.0968
1  4.57e-03  0.5556492464  1.677781e-01 1.0968
1  4.79e-03  0.5556433084  1.677781e-01 1.0968
1  5.01e-03  0.5556371104  1.677781e-01 1.0968
1  5.25e-03  0.5556306265  1.677781e-01 1.0968
1  5.50e-03  0.5556238155  1.677781e-01 1.0968
1  5.75e-03  0.5556166929  1.677781e-01 1.0968
1  6.03e-03  0.555609239  1.677781e-01 1.0968
1  6.31e-03  0.5556014079  1.677781e-01 1.0968
1  6.61e-03  0.555593236  1.677781e-01 1.0968
1  6.92e-03  0.5555846764  1.677781e-01 1.0968
1  7.24e-03  0.5555757075  1.677781e-01 1.0968
1  7.59e-03  0.555566293  1.677781e-01 1.0968
1  7.94e-03  0.5555564584  1.677781e-01 1.0968
1  8.32e-03  0.5555461536  1.677781e-01 1.0968
1  8.71e-03  0.5555353425  1.677781e-01 1.0968
1  9.12e-03  0.5555240695  1.677781e-01 1.0968
1  9.55e-03  0.5555122429  1.677781e-01 1.0968
1  1.00e-02  0.5554998106  1.677781e-01 1.0968
1  1.05e-02  0.5554868727  1.677781e-01 1.0968
1  1.10e-02  0.5554732614  1.677781e-01 1.0968
1  1.15e-02  0.5554590489  1.677781e-01 1.0968
1  1.20e-02  0.5554441416  1.677781e-01 1.0968
1  1.26e-02  0.555428488  1.677781e-01 1.0968
1  1.32e-02  0.5554121726  1.677781e-01 1.0968
1  1.38e-02  0.5553950671  1.677781e-01 1.0968
1  1.45e-02  0.5553771169  1.677781e-01 1.0968
1  1.51e-02  0.5553583125  1.677781e-01 1.0968
1  1.58e-02  0.5553386644  1.677781e-01 1.0968
1  1.66e-02  0.555318098  1.677781e-01 1.0968
1  1.74e-02  0.5552964677  1.677781e-01 1.0968
1  1.82e-02  0.5552739104  1.677781e-01 1.0968
1  1.91e-02  0.5552502608  1.677781e-01 1.0968
1  2.00e-02  0.5552255104  1.677781e-01 1.0968
1  2.09e-02  0.5551994871  1.677781e-01 1.0968
1  2.19e-02  0.5551723154  1.677781e-01 1.0968
1  2.29e-02  0.5551438405  1.677781e-01 1.0968
1  2.40e-02  0.5551140913  1.677781e-01 1.0968
1  2.51e-02  0.555082821  1.677781e-01 1.0968
1  2.63e-02  0.5550501532  1.677781e-01 1.0968
1  2.75e-02  0.5550159436  1.677781e-01 1.0968
1  2.88e-02  0.5549800471  1.677781e-01 1.0968
1  3.02e-02  0.5549424149  1.677781e-01 1.0968
1  3.16e-02  0.5549030596  1.677781e-01 1.0968
1  3.31e-02  0.5548618063  1.677781e-01 1.0968
1  3.47e-02  0.5548186238  1.677781e-01 1.0968
1  3.63e-02  0.5547734089  1.677781e-01 1.0968
1  3.80e-02  0.5547260313  1.677781e-01 1.0968
1  3.98e-02  0.5546765356  1.677781e-01 1.0968
1  4.17e-02  0.5546245584  1.677781e-01 1.0968
1  4.37e-02  0.5545699653  1.677781e-01 1.0968
1  4.57e-02  0.5545129288  1.677781e-01 1.0968
1  4.79e-02  0.5544532868  1.677781e-01 1.0968
1  5.01e-02  0.5543907725  1.677781e-01 1.0968
1  5.25e-02  0.5543252244  1.677781e-01 1.0968
1  5.50e-02  0.5542564638  1.677781e-01 1.0968
1  5.75e-02  0.5541844506  1.677781e-01 1.0968
1  6.03e-02  0.5541090641  1.677781e-01 1.0968
1  6.31e-02  0.5540301298  1.677781e-01 1.0968
1  6.61e-02  0.553947485  1.677781e-01 1.0968
1  6.92e-02  0.5538606362  1.677781e-01 1.0968
1  7.24e-02  0.5537696562  1.677781e-01 1.0968
1  7.59e-02  0.5536744974  1.677781e-01 1.0968
1  7.94e-02  0.5535750257  1.677781e-01 1.0968
1  8.32e-02  0.5534705657  1.677781e-01 1.0968
1  8.71e-02  0.5533609616  1.677781e-01 1.0968
1  9.12e-02  0.5532459416  1.677781e-01 1.0968
1  9.55e-02  0.5531259821  1.677781e-01 1.0968
1  1.00e-01  0.5529999901  1.677781e-01 1.0968
1  1.05e-01  0.5528675795  1.677781e-01 1.0968
1  1.10e-01  0.5527295169  1.677781e-01 1.0968
1  1.15e-01  0.5525844483  1.677781e-01 1.0968
1  1.20e-01  0.5524324316  1.677781e-01 1.0968
1  1.26e-01  0.5522729672  1.677781e-01 1.0968
1  1.32e-01  0.5521055896  1.677781e-01 1.0968
1  1.38e-01  0.5519308141  1.677781e-01 1.0968
1  1.45e-01  0.5517471791  1.677781e-01 1.0968
1  1.51e-01  0.5515541095  1.677781e-01 1.0968
1  1.58e-01  0.5513526406  1.677781e-01 1.0968
1  1.66e-01  0.5511411514  1.677781e-01 1.0968
1  1.74e-01  0.5509191896  1.677781e-01 1.0968
1  1.82e-01  0.5506865604  1.677781e-01 1.0968
1  1.91e-01  0.5504419669  1.677781e-01 1.0968
1  2.00e-01  0.5501859082  1.677781e-01 1.0968
1  2.09e-01  0.5499174168  1.677781e-01 1.0968
1  2.19e-01  0.5496356862  1.677781e-01 1.0968
1  2.29e-01  0.5493404934  1.677781e-01 1.0968
1  2.40e-01  0.5490303181  1.677781e-01 1.0968
1  2.51e-01  0.5487061205  1.677781e-01 1.0968
1  2.63e-01  0.5483639599  1.677781e-01 1.0968
1  2.75e-01  0.5480059714  1.677781e-01 1.0968
1  2.88e-01  0.5476306307  1.677781e-01 1.0968
1  3.02e-01  0.5472369615  1.677781e-01 1.0968
1  3.16e-01  0.5468224634  1.677781e-01 1.0968
1  3.31e-01  0.5463886823  1.677781e-01 1.0968
1  3.47e-01  0.545931221  1.677781e-01 1.0968
1  3.63e-01  0.5454524037  1.677781e-01 1.0968
1  3.80e-01  0.5449493852  1.677781e-01 1.0968
1  3.98e-01  0.5444227  1.677781e-01 1.0968
1  4.17e-01  0.543868038  1.677781e-01 1.0968
1  4.37e-01  0.5432851398  1.677781e-01 1.0968
1  4.57e-01  0.5426716725  1.677781e-01 1.0968
1  4.79e-01  0.5420293453  1.677781e-01 1.0968
1  5.01e-01  0.5413519806  1.677781e-01 1.0968
1  5.25e-01  0.5406419803  1.677781e-01 1.0968
1  5.50e-01  0.5398960462  1.677781e-01 1.0968
1  5.75e-01  0.5391101819  1.677781e-01 1.0968
1  6.03e-01  0.5382852854  1.677781e-01 1.0968
1  6.31e-01  0.5374191136  1.677781e-01 1.0968
1  6.61e-01  0.536505039  1.677781e-01 1.0968
1  6.92e-01  0.5355443437  1.677781e-01 1.0968
1  7.24e-01  0.534536766  1.677781e-01 1.0968
1  7.59e-01  0.5334738519  1.677781e-01 1.0968
1  7.94e-01  0.5323530562  1.677781e-01 1.0968
1  8.32e-01  0.531179026  1.677781e-01 1.0968
1  8.71e-01  0.5299394364  1.677781e-01 1.0968
1  9.12e-01  0.5286384742  1.677781e-01 1.0968
1  9.55e-01  0.5272628295  1.677781e-01 1.0968
1  1.00e+00  0.5258177402  1.677781e-01 1.0968
1  1.05e+00  0.5243001564  1.677781e-01 1.0968
1  1.10e+00  0.5226992029  1.677781e-01 1.0968
1  1.15e+00  0.5210114581  1.677781e-01 1.0968
1  1.20e+00  0.5192364769  1.677781e-01 1.0968
1  1.26e+00  0.5173622425  1.677781e-01 1.0968
1  1.32e+00  0.5153912607  1.677781e-01 1.0968
1  1.38e+00  0.5133228599  1.677781e-01 1.0968
1  1.45e+00  0.5111395117  1.677781e-01 1.0968
1  1.51e+00  0.5088386893  1.677781e-01 1.0968
1  1.58e+00  0.5064156687  1.677781e-01 1.0968
1  1.66e+00  0.5038684183  1.677781e-01 1.0968
1  1.74e+00  0.5011972762  1.677781e-01 1.0968
1  1.82e+00  0.4983805393  1.677781e-01 1.0968
1  1.91e+00  0.4954212299  1.677781e-01 1.0968
1  2.00e+00  0.4923044718  1.677781e-01 1.0968
1  2.09e+00  0.4890473039  1.677781e-01 1.0968
1  2.19e+00  0.4856220882  1.677781e-01 1.0968
1  2.29e+00  0.4820281386  1.677781e-01 1.0968
1  2.40e+00  0.4782767634  1.677781e-01 1.0968
1  2.51e+00  0.4743408329  1.677781e-01 1.0968
1  2.63e+00  0.4702367463  1.677781e-01 1.0968
1  2.75e+00  0.4659540408  1.677781e-01 1.0968
1  2.88e+00  0.4615090628  1.677781e-01 1.0968
1  3.02e+00  0.4568840864  1.677781e-01 1.0968
1  3.16e+00  0.4520882006  1.677781e-01 1.0968
1  3.31e+00  0.447125473  1.677781e-01 1.0968
1  3.47e+00  0.4419974675  1.677781e-01 1.0968
1  3.63e+00  0.4367393641  1.677781e-01 1.0968
1  3.80e+00  0.4313544969  1.677781e-01 1.0968
1  3.98e+00  0.425836634  1.677781e-01 1.0968
1  4.17e+00  0.4202159183  1.677781e-01 1.0968
1  4.37e+00  0.4145367952  1.677781e-01 1.0968
1  4.57e+00  0.4087763274  1.677781e-01 1.0968
1  4.79e+00  0.4030172777  1.677781e-01 1.0968
1  5.01e+00  0.3972292312  1.677781e-01 1.0968
1  5.25e+00  0.3914563732  1.677781e-01 1.0968
1  5.50e+00  0.3857573767  1.677781e-01 1.0968
1  5.75e+00  0.3801182463  1.677781e-01 1.0968
1  6.03e+00  0.3746021565  1.677781e-01 1.0968
1  6.31e+00  0.3692226271  1.677781e-01 1.0968
1  6.61e+00  0.3639769563  1.677781e-01 1.0968
1  6.92e+00  0.3589075772  1.677781e-01 1.0968
1  7.24e+00  0.3540512393  1.677781e-01 1.0968
1  7.59e+00  0.349380255  1.677781e-01 1.0968
1  7.94e+00  0.3449585869  1.677781e-01 1.0968
1  8.32e+00  0.3407387771  1.677781e-01 1.0968
1  8.71e+00  0.3367495593  1.677781e-01 1.0968
1  9.12e+00  0.3330292501  1.677781e-01 1.0968
1  9.55e+00  0.3295162376  1.677781e-01 1.0968
1  1.00e+01  0.3262257021  1.677781e-01 1.0968
1  1.05e+01  0.3231904405  1.677781e-01 1.0968
1  1.10e+01  0.3203595003  1.677781e-01 1.0968
1  1.15e+01  0.3177057368  1.677781e-01 1.0968
1  1.20e+01  0.3152849745  1.677781e-01 1.0968
1  1.26e+01  0.3130539613  1.677781e-01 1.0968
1  1.32e+01  0.3109680642  1.677781e-01 1.0968
1  1.38e+01  0.3090903459  1.677781e-01 1.0968
1  1.45e+01  0.3073157499  1.677781e-01 1.0968
1  1.51e+01  0.3057321597  1.677781e-01 1.0968
1  1.58e+01  0.3042552473  1.677781e-01 1.0968
1  1.66e+01  0.302874808  1.677781e-01 1.0968
1  1.74e+01  0.301630141  1.677781e-01 1.0968
1  1.82e+01  0.3005018847  1.677781e-01 1.0968
1  1.91e+01  0.2994215614  1.677781e-01 1.0968
1  2.00e+01  0.2984569319  1.677781e-01 1.0968
1  2.09e+01  0.2975700093  1.677781e-01 1.0968
1  2.19e+01  0.2967121675  1.677781e-01 1.0968
1  2.29e+01  0.2959595917  1.677781e-01 1.0968
1  2.40e+01  0.2952437858  1.677781e-01 1.0968
1  2.51e+01  0.2945502511  1.677781e-01 1.0968
1  2.63e+01  0.2939378327  1.677781e-01 1.0968
1  2.75e+01  0.2933226869  1.677781e-01 1.0968
1  2.88e+01  0.2927683506  1.677781e-01 1.0968
1  3.02e+01  0.2922271616  1.677781e-01 1.0968
1  3.16e+01  0.2917222504  1.677781e-01 1.0968
1  3.31e+01  0.2912205628  1.677781e-01 1.0968
1  3.47e+01  0.290734497  1.677781e-01 1.0968
1  3.63e+01  0.2902497248  1.677781e-01 1.0968
1  3.80e+01  0.289761647  1.677781e-01 1.0968
1  3.98e+01  0.2892826807  1.677781e-01 1.0968
1  4.17e+01  0.2888086663  1.677781e-01 1.0968
1  4.37e+01  0.2883231529  1.677781e-01 1.0968
1  4.57e+01  0.2878294392  1.677781e-01 1.0968
1  4.79e+01  0.2873382552  1.677781e-01 1.0968
1  5.01e+01  0.2867856993  1.677781e-01 1.0968
1  5.25e+01  0.2862207384  1.677781e-01 1.0968
1  5.50e+01  0.2856449919  1.677781e-01 1.0968
1  5.75e+01  0.2849881123  1.677781e-01 1.0968
1  6.03e+01  0.2843064706  1.677781e-01 1.0968
1  6.31e+01  0.2835928214  1.677781e-01 1.0968
1  6.61e+01  0.2827875034  1.677781e-01 1.0968
1  6.92e+01  0.2818893348  1.677781e-01 1.0968
1  7.24e+01  0.2809227201  1.677781e-01 1.0968
1  7.59e+01  0.2798337731  1.677781e-01 1.0968
1  7.94e+01  0.278625135  1.677781e-01 1.0968
1  8.32e+01  0.2772606046  1.677781e-01 1.0968
1  8.71e+01  0.2757109379  1.677781e-01 1.0968
1  9.12e+01  0.2739504775  1.677781e-01 1.0968
1  9.55e+01  0.2719511678  1.677781e-01 1.0968
1  1.00e+02  0.2696078087  1.677781e-01 1.0968
1  1.05e+02  0.2668902986  1.677781e-01 1.0968
1  1.10e+02  0.2636875142  1.677781e-01 1.0968
1  1.15e+02  0.2599297242  1.677781e-01 1.0968
1  1.20e+02  0.2554431305  1.677781e-01 1.0968
1  1.26e+02  0.2500953814  1.677781e-01 1.0968
1  1.32e+02  0.2436805854  1.677781e-01 1.0968
1  1.38e+02  0.2359291034  1.677781e-01 1.0968
1  1.45e+02  0.2266663017  1.677781e-01 1.0968
1  1.51e+02  0.2155683598  1.677781e-01 1.0968
1  1.58e+02  0.2025121614  1.677781e-01 1.0968
1  1.66e+02  0.1874953623  1.677781e-01 1.0968
1  1.74e+02  0.1707531316  1.677781e-01 1.0968
1  1.82e+02  0.1528806163  1.677781e-01 1.0968
1  1.91e+02  0.1347749563  1.677781e-01 1.0968
1  2.00e+02  0.1174396062  1.677781e-01 1.0968
1  2.09e+02  0.1016736434  1.677781e-01 1.0968
1  2.19e+02  0.08800317229  1.677781e-01 1.0968
1  2.29e+02  0.07655712284  1.677781e-01 1.0968
1  2.40e+02  0.06723000962  1.677781e-01 1.0968
1  2.51e+02  0.05974829274  1.677781e-01 1.0968
1  2.63e+02  0.05379587356  1.677781e-01 1.0968
1  2.75e+02  0.04906777395  1.677781e-01 1.0968
1  2.88e+02  0.04531439801  1.677781e-01 1.0968
1  3.02e+02  0.04231672345  1.677781e-01 1.0968
1  3.16e+02  0.03992299627  1.677781e-01 1.0968
1  3.31e+02  0.03798979924  1.677781e-01 1.0968
1  3.47e+02  0.03642301031  1.677781e-01 1.0968
1  3.63e+02  0.03513980663  1.677781e-01 1.0968
1  3.80e+02  0.03408935552  1.677781e-01 1.0968
1  3.98e+02  0.03321819184  1.677781e-01 1.0968
1  4.17e+02  0.0324954565  1.677781e-01 1.0968
1  4.37e+02  0.03188708921  1.677781e-01 1.0968
1  4.57e+02  0.03137962254  1.677781e-01 1.0968
1  4.79e+02  0.03094706991  1.677781e-01 1.0968
1  5.01e+02  0.03058268753  1.677781e-01 1.0968
1  5.25e+02  0.03027078014  1.677781e-01 1.0968
1  5.50e+02  0.03000591902  1.677781e-01 1.0968
1  5.75e+02  0.02977636792  1.677781e-01 1.0968
1  6.03e+02  0.02958058756  1.677781e-01 1.0968
1  6.31e+02  0.02941051801  1.677781e-01 1.0968
1  6.61e+02  0.02926171816  1.677781e-01 1.0968
1  6.92e+02  0.02913280895  1.677781e-01 1.0968
1  7.24e+02  0.0290203397  1.677781e-01 1.0968
1  7.59e+02  0.0289211804  1.677781e-01 1.0968
1  7.94e+02  0.02883581902  1.677781e-01 1.0968
1  8.32e+02  0.0287605016  1.677781e-01 1.0968
1  8.71e+02  0.02869324852  1.677781e-01 1.0968
1  9.12e+02  0.02863437961  1.677781e-01 1.0968
1  9.55e+02  0.02858341434  1.677781e-01 1.0968
1  1.00e+03  0.02853708889  1.677781e-01 1.0968
1  1.05e+03  0.02849728558  1.677781e-01 1.0968
1  1.10e+03  0.02846066175  1.677781e-01 1.0968
1  1.15e+03  0.02842819119  1.677781e-01 1.0968
1  1.20e+03  0.02840076424  1.677781e-01 1.0968
1  1.26e+03  0.02837474767  1.677781e-01 1.0968
1  1.32e+03  0.02835307257  1.677781e-01 1.0968
1  1.38e+03  0.02833124824  1.677781e-01 1.0968
1  1.45e+03  0.02831293397  1.677781e-01 1.0968
1  1.51e+03  0.02829752372  1.677781e-01 1.0968
1  1.58e+03  0.02828202414  1.677781e-01 1.0968
1  1.66e+03  0.02826894569  1.677781e-01 1.0968
1  1.74e+03  0.02825866601  1.677781e-01 1.0968
1  1.82e+03  0.02824679914  1.677781e-01 1.0968
1  1.91e+03  0.02823857464  1.677781e-01 1.0968
1  2.00e+03  0.02822888955  1.677781e-01 1.0968
1  2.09e+03  0.02822264917  1.677781e-01 1.0968
1  2.19e+03  0.02821464822  1.677781e-01 1.0968
1  2.29e+03  0.02820911341  1.677781e-01 1.0968
1  2.40e+03  0.028203661  1.677781e-01 1.0968
1  2.51e+03  0.02819763639  1.677781e-01 1.0968
1  2.63e+03  0.02819386571  1.677781e-01 1.0968
1  2.75e+03  0.02818957178  1.677781e-01 1.0968
1  2.88e+03  0.02818502628  1.677781e-01 1.0968
1  3.02e+03  0.02818223981  1.677781e-01 1.0968
1  3.16e+03  0.02817952395  1.677781e-01 1.0968
1  3.31e+03  0.02817577961  1.677781e-01 1.0968
1  3.47e+03  0.02817499659  1.677781e-01 1.0968
1  3.63e+03  0.02817216113  1.677781e-01 1.0968
1  3.80e+03  0.02816993482  1.677781e-01 1.0968
1  3.98e+03  0.02816935708  1.677781e-01 1.0968
1  4.17e+03  0.02816766573  1.677781e-01 1.0968
1  4.37e+03  0.02816281954  1.677781e-01 1.0968
1  4.57e+03  0.02816377729  1.677781e-01 1.0968
1  4.79e+03  0.02816202374  1.677781e-01 1.0968
1  5.01e+03  0.0281587688  1.677781e-01 1.0968
1  5.25e+03  0.02816003326  1.677781e-01 1.0968
1  5.50e+03  0.02816428955  1.677781e-01 1.0968
1  5.75e+03  0.02815786333  1.677781e-01 1.0968
1  6.03e+03  0.02815562045  1.677781e-01 1.0968
1  6.31e+03  0.02816845306  1.677781e-01 1.0968
1  6.61e+03  0.02815154389  1.677781e-01 1.0968
1  6.92e+03  0.02817452554  1.677781e-01 1.0968
1  7.24e+03  0.02816304172  1.677781e-01 1.0968
1  7.59e+03  0.02816595  1.677781e-01 1.0968
1  7.94e+03  0.02820995642  1.677781e-01 1.0968
1  8.32e+03  0.02819431393  1.677781e-01 1.0968
1  8.71e+03  0.02819499879  1.677781e-01 1.0968
1  9.12e+03  0.02826096801  1.677781e-01 1.0968
1  9.55e+03  0.02834977302  1.677781e-01 1.0968
1  1.00e+04  0.0284226998  1.677781e-01 1.0968
1  1.05e+04  0.028505764  1.677781e-01 1.0968
1  1.10e+04  0.02863070214  1.677781e-01 1.0968
1  1.15e+04  0.02875817372  1.677781e-01 1.0968
1  1.20e+04  0.02900244869  1.677781e-01 1.0968
1  1.26e+04  0.0293024648  1.677781e-01 1.0968
1  1.32e+04  0.02965685108  1.677781e-01 1.0968
1  1.38e+04  0.0300884708  1.677781e-01 1.0968
1  1.45e+04  0.03054196726  1.677781e-01 1.0968
1  1.51e+04  0.03110425554  1.677781e-01 1.0968
1  1.58e+04  0.03196820998  1.677781e-01 1.0968
1  1.66e+04  0.03309844871  1.677781e-01 1.0968
1  1.74e+04  0.03420078242  1.677781e-01 1.0968
1  1.82e+04  0.03524768293  1.677781e-01 1.0968
1  1.91e+04  0.03697600858  1.677781e-01 1.0968
1  2.00e+04  0.03928403083  1.677781e-01 1.0968
1  2.09e+04  0.04089127433  1.677781e-01 1.0968
1  2.19e+04  0.04325560289  1.677781e-01 1.0968
1  2.29e+04  0.04634061765  1.677781e-01 1.0968
1  2.40e+04  0.0489276781  1.677781e-01 1.0968
1  2.51e+04  0.05251836248  1.677781e-01 1.0968
1  2.63e+04  0.05615453751  1.677781e-01 1.0968
1  2.75e+04  0.06008521023  1.677781e-01 1.0968
1  2.88e+04  0.06467034493  1.677781e-01 1.0968
1  3.02e+04  0.06927466901  1.677781e-01 1.0968
1  3.16e+04  0.07431258103  1.677781e-01 1.0968
1  3.31e+04  0.08035745567  1.677781e-01 1.0968
1  3.47e+04  0.08501067771  1.677781e-01 1.0968
1  3.63e+04  0.09262626516  1.677781e-01 1.0968
1  3.80e+04  0.09843174326  1.677781e-01 1.0968
1  3.98e+04  0.1042734525  1.677781e-01 1.0968
1  4.17e+04  0.1135514347  1.677781e-01 1.0968
1  4.37e+04  0.1201048023  1.677781e-01 1.0968
1  4.57e+04  0.1260327616  1.677781e-01 1.0968
1  4.79e+04  0.1357959003  1.677781e-01 1.0968
1  5.01e+04  0.1452011899  1.677781e-01 1.0968
1  5.25e+04  0.151883662  1.677781e-01 1.0968
1  5.50e+04  0.1591124367  1.677781e-01 1.0968
1  5.75e+04  0.1687358277  1.677781e-01 1.0968
1  6.03e+04  0.1793583044  1.677781e-01 1.0968
1  6.31e+04  0.1890010555  1.677781e-01 1.0968
1  6.61e+04  0.196841746  1.677781e-01 1.0968
1  6.92e+04  0.2039001509  1.677781e-01 1.0968
1  7.24e+04  0.2122361322  1.677781e-01 1.0968
1  7.59e+04  0.2228439277  1.677781e-01 1.0968
1  7.94e+04  0.2345817924  1.677781e-01 1.0968
1  8.32e+04  0.2454147687  1.677781e-01 1.0968
1  8.71e+04  0.2542624127  1.677781e-01 1.0968
1  9.12e+04  0.2615289866  1.677781e-01 1.0968
1  9.55e+04  0.2683666173  1.677781e-01 1.0968
1  1.00e+05  0.2757692571  1.677781e-01 1.0968
1  1.05e+05  0.2841913238  1.677781e-01 1.0968
1  1.10e+05  0.2936306899  1.677781e-01 1.0968
1  1.15e+05  0.3038193  1.677781e-01 1.0968
1  1.20e+05  0.3143390935  1.677781e-01 1.0968
1  1.26e+05  0.324701064  1.677781e-01 1.0968
1  1.32e+05  0.3344488137  1.677781e-01 1.0968
1  1.38e+05  0.3432682143  1.677781e-01 1.0968
1  1.45e+05  0.3510494006  1.677781e-01 1.0968
1  1.51e+05  0.3578770599  1.677781e-01 1.0968
1  1.58e+05  0.3639670461  1.677781e-01 1.0968
1  1.66e+05  0.3695857974  1.677781e-01 1.0968
1  1.74e+05  0.3749832922  1.677781e-01 1.0968
1  1.82e+05  0.3803540857  1.677781e-01 1.0968
1  1.91e+05  0.3858259169  1.677781e-01 1.0968
1  2.00e+05  0.391466811  1.677781e-01 1.0968
1  2.09e+05  0.3972999544  1.677781e-01 1.0968
1  2.19e+05  0.4033184728  1.677781e-01 1.0968
1  2.29e+05  0.4094964764  1.677781e-01 1.0968
1  2.40e+05  0.4157960916  1.677781e-01 1.0968
1  2.51e+05  0.4221718075  1.677781e-01 1.0968
1  2.63e+05  0.428573621  1.677781e-01 1.0968
1  2.75e+05  0.434949887  1.677781e-01 1.0968
1  2.88e+05  0.4412501167  1.677781e-01 1.0968
1  3.02e+05  0.4474275485  1.677781e-01 1.0968
1  3.16e+05  0.4534412004  1.677781e-01 1.0968
1  3.31e+05  0.4592571979  1.677781e-01 1.0968
1  3.47e+05  0.4648493283  1.677781e-01 1.0968
1  3.63e+05  0.4701989199  1.677781e-01 1.0968
1  3.80e+05  0.4752942203  1.677781e-01 1.0968
1  3.98e+05  0.4801294744  1.677781e-01 1.0968
1  4.17e+05  0.4847038773  1.677781e-01 1.0968
1  4.37e+05  0.4890205346  1.677781e-01 1.0968
1  4.57e+05  0.4930855128  1.677781e-01 1.0968
1  4.79e+05  0.4969070238  1.677781e-01 1.0968
1  5.01e+05  0.5004947542  1.677781e-01 1.0968
1  5.25e+05  0.5038593329  1.677781e-01 1.0968
1  5.50e+05  0.50701192  1.677781e-01 1.0968
1  5.75e+05  0.5099638957  1.677781e-01 1.0968
1  6.03e+05  0.5127266302  1.677781e-01 1.0968
1  6.31e+05  0.515311315  1.677781e-01 1.0968
1  6.61e+05  0.5177288433  1.677781e-01 1.0968
1  6.92e+05  0.5199897252  1.677781e-01 1.0968
1  7.24e+05  0.5221040312  1.677781e-01 1.0968
1  7.59e+05  0.524081356  1.677781e-01 1.0968
1  7.94e+05  0.5259307981  1.677781e-01 1.0968
1  8.32e+05  0.5276609516  1.677781e-01 1.0968
1  8.71e+05  0.5292799064  1.677781e-01 1.0968
1  9.12e+05  0.5307952565  1.677781e-01 1.0968
1  9.55e+05  0.5322141124  1.677781e-01 1.0968
1  1.00e+06  0.5335431182  1.677781e-01 1.0968
1  1.05e+06  0.5347884706  1.677781e-01 1.0968
1  1.10e+06  0.5359559407  1.677781e-01 1.0968
1  1.15e+06  0.5370508961  1.677781e-01 1.0968
1  1.20e+06  0.5380783243  1.677781e-01 1.0968
1  1.26e+06  0.5390428551  1.677781e-01 1.0968
1  1.32e+06  0.5399487843  1.677781e-01 1.0968
1  1.38e+06  0.5408000951  1.677781e-01 1.0968
1  1.45e+06  0.5416004799  1.677781e-01 1.0968
1  1.51e+06  0.542353361  1.677781e-01 1.0968
1  1.58e+06  0.5430619099  1.677781e-01 1.0968
1  1.66e+06  0.5437290656  1.677781e-01 1.0968
1  1.74e+06  0.5443575525  1.677781e-01 1.0968
1  1.82e+06  0.5449498967  1.677781e-01 1.0968
1  1.91e+06  0.5455084416  1.677781e-01 1.0968
1  2.00e+06  0.5460353563  1.677781e-01 1.0968
1  2.09e+06  0.5465326576  1.677781e-01 1.0968
1  2.19e+06  0.5470022167  1.677781e-01 1.0968
1  2.29e+06  0.547445772  1.677781e-01 1.0968
1  2.40e+06  0.5478649389  1.677781e-01 1.0968
1  2.51e+06  0.54826122  1.677781e-01 1.0968
1  2.63e+06  0.5486360124  1.677781e-01 1.0968
1  2.75e+06  0.5489906172  1.677781e-01 1.0968
1  2.88e+06  0.5493262461  1.677781e-01 1.0968
1  3.02e+06  0.5496440286  1.677781e-01 1.0968
1  3.16e+06  0.5499450179  1.677781e-01 1.0968
1  3.31e+06  0.5502301969  1.677781e-01 1.0968
1  3.47e+06  0.5505004833  1.677781e-01 1.0968
1  3.63e+06  0.5507567349  1.677781e-01 1.0968
1  3.80e+06  0.5509997533  1.677781e-01 1.0968
1  3.98e+06  0.5512302886  1.677781e-01 1.0968
1  4.17e+06  0.5514490429  1.677781e-01 1.0968
1  4.37e+06  0.551656674  1.677781e-01 1.0968
1  4.57e+06  0.5518537983  1.677781e-01 1.0968
1  4.79e+06  0.5520409938  1.677781e-01 1.0968
1  5.01e+06  0.552218803  1.677781e-01 1.0968
1  5.25e+06  0.5523877354  1.677781e-01 1.0968
1  5.50e+06  0.5525482693  1.677781e-01 1.0968
1  5.75e+06  0.5527008544  1.677781e-01 1.0968
1  6.03e+06  0.5528459137  1.677781e-01 1.0968
1  6.31e+06  0.5529838454  1.677781e-01 1.0968
1  6.61e+06  0.553115024  1.677781e-01 1.0968
1  6.92e+06  0.5532398025  1.677781e-01 1.0968
1  7.24e+06  0.5533585135  1.677781e-01 1.0968
1  7.59e+06  0.5534714707  1.677781e-01 1.0968
1  7.94e+06  0.5535789699  1.677781e-01 1.0968
1  8.32e+06  0.5536812903  1.677781e-01 1.0968
1  8.71e+06  0.5537786954  1.677781e-01 1.0968
1  9.12e+06  0.5538714343  1.677781e-01 1.0968
1  9.55e+06  0.5539597421  1.677781e-01 1.0968
1  1.00e+07  0.5540438414  1.677781e-01 1.0968
