1  1.00e-03  0.5588620487  1.518692e-01 0.9928
1  1.05e-03  0.5588608454  1.518692e-01 0.9928
1  1.10e-03  0.5588593958  1.518692e-01 0.9928
1  1.15e-03  0.55885809  1.518692e-01 0.9928
1  1.20e-03  0.5588565219  1.518692e-01 0.9928
1  1.26e-03  0.5588550041  1.518692e-01 0.9928
1  1.32e-03  0.5588532918  1.518692e-01 0.9928
1  1.38e-03  0.5588515235  1.518692e-01 0.9928
1  1.45e-03  0.5588497163  1.518692e-01 0.9928
1  1.51e-03  0.5588479629  1.518692e-01 0.9928
1  1.58e-03  0.5588458775  1.518692e-01 0.9928
1  1.66e-03  0.5588438705  1.518692e-01 0.9928
1  1.74e-03  0.5588417193  1.518692e-01 0.9928
1  1.82e-03  0.558839432  1.518692e-01 0.9928
1  1.91e-03  0.5588370841  1.518692e-01 0.9928
1  2.00e-03  0.5588345736  1.518692e-01 0.9928
1  2.09e-03  0.5588319258  1.518692e-01 0.9928
1  2.19e-03  0.5588292156  1.518692e-01 0.9928
1  2.29e-03  0.5588264138  1.518692e-01 0.9928
1  2.40e-03  0.5588234493  1.518692e-01 0.9928
1  2.51e-03  0.5588202617  1.518692e-01 0.9928
1  2.63e-03  0.5588170173  1.518692e-01 0.9928
1  2.75e-03  0.5588135898  1.518692e-01 0.9928
1  2.88e-03  0.5588100109  1.518692e-01 0.9928
1  3.02e-03  0.5588062412  1.518692e-01 0.9928
1  3.16e-03  0.5588023446  1.518692e-01 0.9928
1  3.31e-03  0.5587981695  1.518692e-01 0.9928
1  3.47e-03  0.5587938778  1.518692e-01 0.9928
1  3.63e-03  0.5587893618  1.518692e-01 0.9928
1  3.80e-03  0.5587846469  1.518692e-01 0.9928
1  3.98e-03  0.5587796821  1.518692e-01 0.9928
1  4.17e-03  0.5587744818  1.518692e-01 0.9928
1  4.37e-03  0.5587690735  1.518692e-01 0.9928
1  4.57e-03  0.5587633804  1.518692e-01 0.9928
1  4.79e-03  0.5587574062  1.518692e-01 0.9928
1  5.01e-03  0.5587511924  1.518692e-01 0.9928
1  5.25e-03  0.5587446528  1.518692e-01 0.9928
1  5.50e-03  0.5587377914  1.518692e-01 0.9928
1  5.75e-03  0.558730626  1.518692e-01 0.9928
1  6.03e-03  0.558723148  1.518692e-01 0.9928
1  6.31e-03  0.5587152782  1.518692e-01 0.9928
1  6.61e-03  0.5587070609  1.518692e-01 0.9928
1  6.92e-03  0.5586984292  1.518692e-01 0.9928
1  7.24e-03  0.5586894103  1.518692e-01 0.9928
1  7.59e-03  0.5586799849  1.518692e-01 0.9928
1  7.94e-03  0.5586700624  1.518692e-01 0.9928
1  8.32e-03  0.55865973  1.518692e-01 0.9928
1  8.71e-03  0.5586488778  1.518692e-01 0.9928
1  9.12e-03  0.5586375156  1.518692e-01 0.9928
1  9.55e-03  0.5586256025  1.518692e-01 0.9928
1  1.00e-02  0.5586131493  1.518692e-01 0.9928
1  1.05e-02  0.5586000801  1.518692e-01 0.9928
1  1.10e-02  0.5585864462  1.518692e-01 0.9928
1  1.15e-02  0.5585720979  1.518692e-01 0.9928
1  1.20e-02  0.5585571081  1.518692e-01 0.9928
1  1.26e-02  0.5585414221  1.518692e-01 0.9928
1  1.32e-02  0.558525006  1.518692e-01 0.9928
1  1.38e-02  0.5585077736  1.518692e-01 0.9928
1  1.45e-02  0.5584897683  1.518692e-01 0.9928
1  1.51e-02  0.5584708965  1.518692e-01 0.9928
1  1.58e-02  0.5584511221  1.518692e-01 0.9928
1  1.66e-02  0.5584303861  1.518692e-01 0.9928
1  1.74e-02  0.5584087004  1.518692e-01 0.9928
1  1.82e-02  0.5583860195  1.518692e-01 0.9928
1  1.91e-02  0.558362157  1.518692e-01 0.9928
1  2.00e-02  0.5583372852  1.518692e-01 0.9928
1  2.09e-02  0.558311191  1.518692e-01 0.9928
1  2.19e-02  0.5582839083  1.518692e-01 0.9928
1  2.29e-02  0.5582552509  1.518692e-01 0.9928
1  2.40e-02  0.5582253012  1.518692e-01 0.9928
1  2.51e-02  0.5581938478  1.518692e-01 0.9928
1  2.63e-02  0.5581609408  1.518692e-01 0.9928
1  2.75e-02  0.5581265027  1.518692e-01 0.9928
1  2.88e-02  0.5580905241  1.518692e-01 0.9928
1  3.02e-02  0.5580526724  1.518692e-01 0.9928
1  3.16e-02  0.5580131969  1.518692e-01 0.9928
1  3.31e-02  0.5579717278  1.518692e-01 0.9928
1  3.47e-02  0.5579282956  1.518692e-01 0.9928
1  3.63e-02  0.5578828602  1.518692e-01 0.9928
1  3.80e-02  0.5578351557  1.518692e-01 0.9928
1  3.98e-02  0.5577852935  1.518692e-01 0.9928
1  4.17e-02  0.5577329165  1.518692e-01 0.9928
1  4.37e-02  0.5576783126  1.518692e-01 0.9928
1  4.57e-02  0.5576209202  1.518692e-01 0.9928
1  4.79e-02  0.5575607325  1.518692e-01 0.9928
1  5.01e-02  0.557497802  1.518692e-01 0.9928
1  5.25e-02  0.5574318916  1.518692e-01 0.9928
1  5.50e-02  0.5573629761  1.518692e-01 0.9928
1  5.75e-02  0.5572906507  1.518692e-01 0.9928
1  6.03e-02  0.5572148488  1.518692e-01 0.9928
1  6.31e-02  0.5571351825  1.518692e-01 0.9928
1  6.61e-02  0.5570520371  1.518692e-01 0.9928
1  6.92e-02  0.5569647989  1.518692e-01 0.9928
1  7.24e-02  0.5568736428  1.518692e-01 0.9928
1  7.59e-02  0.5567778509  1.518692e-01 0.9928
1  7.94e-02  0.5566776017  1.518692e-01 0.9928
1  8.32e-02  0.5565724092  1.518692e-01 0.9928
1  8.71e-02  0.5564624826  1.518692e-01 0.9928
1  9.12e-02  0.5563470768  1.518692e-01 0.9928
1  9.55e-02  0.5562258543  1.518692e-01 0.9928
1  1.00e-01  0.5560993844  1.518692e-01 0.9928
1  1.05e-01  0.5559666955  1.518692e-01 0.9928
1  1.10e-01  0.5558270841  1.518692e-01 0.9928
1  1.15e-01  0.555681178  1.518692e-01 0.9928
1  1.20e-01  0.5555283872  1.518692e-01 0.9928
1  1.26e-01  0.5553682432  1.518692e-01 0.9928
1  1.32e-01  0.55520042  1.518692e-01 0.9928
1  1.38e-01  0.5550238788  1.518692e-01 0.9928
1  1.45e-01  0.5548392692  1.518692e-01 0.9928
1  1.51e-01  0.5546457188  1.518692e-01 0.9928
1  1.58e-01  0.5544429299  1.518692e-01 0.9928
1  1.66e-01  0.5542295461  1.518692e-01 0.9928
1  1.74e-01  0.5540068045  1.518692e-01 0.9928
1  1.82e-01  0.5537722968  1.518692e-01 0.9928
1  1.91e-01  0.5535270432  1.518692e-01 0.9928
1  2.00e-01  0.5532701861  1.518692e-01 0.9928
1  2.09e-01  0.5529997208  1.518692e-01 0.9928
1  2.19e-01  0.5527168722  1.518692e-01 0.9928
1  2.29e-01  0.5524192464  1.518692e-01 0.9928
1  2.40e-01  0.5521080554  1.518692e-01 0.9928
1  2.51e-01  0.5517802216  1.518692e-01 0.9928
1  2.63e-01  0.551437992  1.518692e-01 0.9928
1  2.75e-01  0.5510780184  1.518692e-01 0.9928
1  2.88e-01  0.550699265  1.518692e-01 0.9928
1  3.02e-01  0.5503023607  1.518692e-01 0.9928
1  3.16e-01  0.5498872612  1.518692e-01 0.9928
1  3.31e-01  0.5494489658  1.518692e-01 0.9928
1  3.47e-01  0.5489912386  1.518692e-01 0.9928
1  3.63e-01  0.5485090989  1.518692e-01 0.9928
1  3.80e-01  0.5480039326  1.518692e-01 0.9928
1  3.98e-01  0.5474710781  1.518692e-01 0.9928
1  4.17e-01  0.5469131126  1.518692e-01 0.9928
1  4.37e-01  0.5463274322  1.518692e-01 0.9928
1  4.57e-01  0.5457115253  1.518692e-01 0.9928
1  4.79e-01  0.5450636544  1.518692e-01 0.9928
1  5.01e-01  0.5443851439  1.518692e-01 0.9928
1  5.25e-01  0.5436697444  1.518692e-01 0.9928
1  5.50e-01  0.5429177636  1.518692e-01 0.9928
1  5.75e-01  0.5421300385  1.518692e-01 0.9928
1  6.03e-01  0.5412979842  1.518692e-01 0.9928
1  6.31e-01  0.54042419  1.518692e-01 0.9928
1  6.61e-01  0.5395077538  1.518692e-01 0.9928
1  6.92e-01  0.5385423423  1.518692e-01 0.9928
1  7.24e-01  0.5375234856  1.518692e-01 0.9928
1  7.59e-01  0.5364542036  1.518692e-01 0.9928
1  7.94e-01  0.5353324584  1.518692e-01 0.9928
1  8.32e-01  0.5341467976  1.518692e-01 0.9928
1  8.71e-01  0.5329019174  1.518692e-01 0.9928
1  9.12e-01  0.5315871491  1.518692e-01 0.9928
1  9.55e-01  0.5302100232  1.518692e-01 0.9928
1  1.00e+00  0.528756442  1.518692e-01 0.9928
1  1.05e+00  0.5272214209  1.518692e-01 0.9928
1  1.10e+00  0.5256093227  1.518692e-01 0.9928
1  1.15e+00  0.5239131181  1.518692e-01 0.9928
1  1.20e+00  0.5221241387  1.518692e-01 0.9928
1  1.26e+00  0.5202455024  1.518692e-01 0.9928
1  1.32e+00  0.5182644299  1.518692e-01 0.9928
1  1.38e+00  0.5161714835  1.518692e-01 0.9928
1  1.45e+00  0.513973198  1.518692e-01 0.9928
1  1.51e+00  0.5116610539  1.518692e-01 0.9928
1  1.58e+00  0.5092306417  1.518692e-01 0.9928
1  1.66e+00  0.5066681196  1.518692e-01 0.9928
1  1.74e+00  0.5039665691  1.518692e-01 0.9928
1  1.82e+00  0.5011307916  1.518692e-01 0.9928
1  1.91e+00  0.4981520512  1.518692e-01 0.9928
1  2.00e+00  0.4950308141  1.518692e-01 0.9928
1  2.09e+00  0.4917386578  1.518692e-01 0.9928
1  2.19e+00  0.4882955796  1.518692e-01 0.9928
1  2.29e+00  0.4846817116  1.518692e-01 0.9928
1  2.40e+00  0.4809038561  1.518692e-01 0.9928
1  2.51e+00  0.4769585823  1.518692e-01 0.9928
1  2.63e+00  0.4728214315  1.518692e-01 0.9928
1  2.75e+00  0.4685229345  1.518692e-01 0.9928
1  2.88e+00  0.4640520711  1.518692e-01 0.9928
1  3.02e+00  0.4593921089  1.518692e-01 0.9928
1  3.16e+00  0.4545809649  1.518692e-01 0.9928
1  3.31e+00  0.4496001102  1.518692e-01 0.9928
1  3.47e+00  0.4444491418  1.518692e-01 0.9928
1  3.63e+00  0.4391639936  1.518692e-01 0.9928
1  3.80e+00  0.4337653677  1.518692e-01 0.9928
1  3.98e+00  0.4282336754  1.518692e-01 0.9928
1  4.17e+00  0.422592213  1.518692e-01 0.9928
1  4.37e+00  0.4169007638  1.518692e-01 0.9928
1  4.57e+00  0.4111316438  1.518692e-01 0.9928
1  4.79e+00  0.4053652657  1.518692e-01 0.9928
1  5.01e+00  0.3995697274  1.518692e-01 0.9928
1  5.25e+00  0.3938047386  1.518692e-01 0.9928
1  5.50e+00  0.3881132401  1.518692e-01 0.9928
1  5.75e+00  0.3824733695  1.518692e-01 0.9928
1  6.03e+00  0.3769565254  1.518692e-01 0.9928
1  6.31e+00  0.3715899812  1.518692e-01 0.9928
1  6.61e+00  0.3663543764  1.518692e-01 0.9928
1  6.92e+00  0.3613346769  1.518692e-01 0.9928
1  7.24e+00  0.3564640245  1.518692e-01 0.9928
1  7.59e+00  0.3518384867  1.518692e-01 0.9928
1  7.94e+00  0.3474171473  1.518692e-01 0.9928
1  8.32e+00  0.34324244  1.518692e-01 0.9928
1  8.71e+00  0.339303872  1.518692e-01 0.9928
1  9.12e+00  0.3355751027  1.518692e-01 0.9928
1  9.55e+00  0.3321056313  1.518692e-01 0.9928
1  1.00e+01  0.3288506172  1.518692e-01 0.9928
1  1.05e+01  0.3258345981  1.518692e-01 0.9928
1  1.10e+01  0.3230109043  1.518692e-01 0.9928
1  1.15e+01  0.3204110207  1.518692e-01 0.9928
1  1.20e+01  0.3179663946  1.518692e-01 0.9928
1  1.26e+01  0.3158200709  1.518692e-01 0.9928
1  1.32e+01  0.3137540518  1.518692e-01 0.9928
1  1.38e+01  0.3118894027  1.518692e-01 0.9928
1  1.45e+01  0.3101433308  1.518692e-01 0.9928
1  1.51e+01  0.308585031  1.518692e-01 0.9928
1  1.58e+01  0.3071319918  1.518692e-01 0.9928
1  1.66e+01  0.3057795511  1.518692e-01 0.9928
1  1.74e+01  0.3045617986  1.518692e-01 0.9928
1  1.82e+01  0.3034434345  1.518692e-01 0.9928
1  1.91e+01  0.3024034247  1.518692e-01 0.9928
1  2.00e+01  0.3014390008  1.518692e-01 0.9928
1  2.09e+01  0.3005833676  1.518692e-01 0.9928
1  2.19e+01  0.2997647297  1.518692e-01 0.9928
1  2.29e+01  0.2990260167  1.518692e-01 0.9928
1  2.40e+01  0.2983224904  1.518692e-01 0.9928
1  2.51e+01  0.2976870139  1.518692e-01 0.9928
1  2.63e+01  0.2970665579  1.518692e-01 0.9928
1  2.75e+01  0.2965125359  1.518692e-01 0.9928
1  2.88e+01  0.2959667855  1.518692e-01 0.9928
1  3.02e+01  0.2954497754  1.518692e-01 0.9928
1  3.16e+01  0.2949546573  1.518692e-01 0.9928
1  3.31e+01  0.294488022  1.518692e-01 0.9928
1  3.47e+01  0.2940341229  1.518692e-01 0.9928
1  3.63e+01  0.2936023365  1.518692e-01 0.9928
1  3.80e+01  0.2931821805  1.518692e-01 0.9928
1  3.98e+01  0.2927481846  1.518692e-01 0.9928
1  4.17e+01  0.2923082116  1.518692e-01 0.9928
1  4.37e+01  0.2918720484  1.518692e-01 0.9928
1  4.57e+01  0.291438349  1.518692e-01 0.9928
1  4.79e+01  0.2909648612  1.518692e-01 0.9928
1  5.01e+01  0.290507066  1.518692e-01 0.9928
1  5.25e+01  0.2900070305  1.518692e-01 0.9928
1  5.50e+01  0.2894859281  1.518692e-01 0.9928
1  5.75e+01  0.2889143776  1.518692e-01 0.9928
1  6.03e+01  0.28831621  1.518692e-01 0.9928
1  6.31e+01  0.2876841339  1.518692e-01 0.9928
1  6.61e+01  0.2869844236  1.518692e-01 0.9928
1  6.92e+01  0.286192969  1.518692e-01 0.9928
1  7.24e+01  0.285350046  1.518692e-01 0.9928
1  7.59e+01  0.284395864  1.518692e-01 0.9928
1  7.94e+01  0.2833339152  1.518692e-01 0.9928
1  8.32e+01  0.2821466358  1.518692e-01 0.9928
1  8.71e+01  0.2807729623  1.518692e-01 0.9928
1  9.12e+01  0.2792274543  1.518692e-01 0.9928
1  9.55e+01  0.2774266441  1.518692e-01 0.9928
1  1.00e+02  0.2753482684  1.518692e-01 0.9928
1  1.05e+02  0.2728890428  1.518692e-01 0.9928
1  1.10e+02  0.2699861486  1.518692e-01 0.9928
1  1.15e+02  0.2665319273  1.518692e-01 0.9928
1  1.20e+02  0.262385185  1.518692e-01 0.9928
1  1.26e+02  0.2573441696  1.518692e-01 0.9928
1  1.32e+02  0.2512036488  1.518692e-01 0.9928
1  1.38e+02  0.2436771206  1.518692e-01 0.9928
1  1.45e+02  0.234417056  1.518692e-01 0.9928
1  1.51e+02  0.223062946  1.518692e-01 0.9928
1  1.58e+02  0.2093345229  1.518692e-01 0.9928
1  1.66e+02  0.1930889027  1.518692e-01 0.9928
1  1.74e+02  0.1745369623  1.518692e-01 0.9928
1  1.82e+02  0.1543863357  1.518692e-01 0.9928
1  1.91e+02  0.133815668  1.518692e-01 0.9928
1  2.00e+02  0.1141659314  1.518692e-01 0.9928
1  2.09e+02  0.09658540636  1.518692e-01 0.9928
1  2.19e+02  0.08169259028  1.518692e-01 0.9928
1  2.29e+02  0.06956495946  1.518692e-01 0.9928
1  2.40e+02  0.05993922529  1.518692e-01 0.9928
1  2.51e+02  0.05241706556  1.518692e-01 0.9928
1  2.63e+02  0.04656995489  1.518692e-01 0.9928
1  2.75e+02  0.04201956738  1.518692e-01 0.9928
1  2.88e+02  0.03847783763  1.518692e-01 0.9928
1  3.02e+02  0.03569071898  1.518692e-01 0.9928
1  3.16e+02  0.03348232391  1.518692e-01 0.9928
1  3.31e+02  0.03172163992  1.518692e-01 0.9928
1  3.47e+02  0.03030775053  1.518692e-01 0.9928
1  3.63e+02  0.02916274665  1.518692e-01 0.9928
1  3.80e+02  0.02822628526  1.518692e-01 0.9928
1  3.98e+02  0.02745784282  1.518692e-01 0.9928
1  4.17e+02  0.02682290662  1.518692e-01 0.9928
1  4.37e+02  0.02629028716  1.518692e-01 0.9928
1  4.57e+02  0.02584584744  1.518692e-01 0.9928
1  4.79e+02  0.02547062786  1.518692e-01 0.9928
1  5.01e+02  0.0251536454  1.518692e-01 0.9928
1  5.25e+02  0.02488467315  1.518692e-01 0.9928
1  5.50e+02  0.02465426841  1.518692e-01 0.9928
1  5.75e+02  0.02445662294  1.518692e-01 0.9928
1  6.03e+02  0.02428660613  1.518692e-01 0.9928
1  6.31e+02  0.02413956139  1.518692e-01 0.9928
1  6.61e+02  0.0240126242  1.518692e-01 0.9928
1  6.92e+02  0.02390321788  1.518692e-01 0.9928
1  7.24e+02  0.02380774717  1.518692e-01 0.9928
1  7.59e+02  0.02372216388  1.518692e-01 0.9928
1  7.94e+02  0.02364902718  1.518692e-01 0.9928
1  8.32e+02  0.02358476185  1.518692e-01 0.9928
1  8.71e+02  0.02352702815  1.518692e-01 0.9928
1  9.12e+02  0.02347812986  1.518692e-01 0.9928
1  9.55e+02  0.02343358933  1.518692e-01 0.9928
1  1.00e+03  0.02339535229  1.518692e-01 0.9928
1  1.05e+03  0.02335957345  1.518692e-01 0.9928
1  1.10e+03  0.02332811741  1.518692e-01 0.9928
1  1.15e+03  0.02330134699  1.518692e-01 0.9928
1  1.20e+03  0.02327789106  1.518692e-01 0.9928
1  1.26e+03  0.02325555689  1.518692e-01 0.9928
1  1.32e+03  0.02323571505  1.518692e-01 0.9928
1  1.38e+03  0.02321914984  1.518692e-01 0.9928
1  1.45e+03  0.02320377381  1.518692e-01 0.9928
1  1.51e+03  0.02318919059  1.518692e-01 0.9928
1  1.58e+03  0.02317779521  1.518692e-01 0.9928
1  1.66e+03  0.02316643827  1.518692e-01 0.9928
1  1.74e+03  0.02315740022  1.518692e-01 0.9928
1  1.82e+03  0.02314701405  1.518692e-01 0.9928
1  1.91e+03  0.02313993333  1.518692e-01 0.9928
1  2.00e+03  0.02313157473  1.518692e-01 0.9928
1  2.09e+03  0.02312580457  1.518692e-01 0.9928
1  2.19e+03  0.02311914408  1.518692e-01 0.9928
1  2.29e+03  0.02311443868  1.518692e-01 0.9928
1  2.40e+03  0.02310951349  1.518692e-01 0.9928
1  2.51e+03  0.02310565647  1.518692e-01 0.9928
1  2.63e+03  0.02310114356  1.518692e-01 0.9928
1  2.75e+03  0.02309789452  1.518692e-01 0.9928
1  2.88e+03  0.023095343  1.518692e-01 0.9928
1  3.02e+03  0.02309288731  1.518692e-01 0.9928
1  3.16e+03  0.02309014705  1.518692e-01 0.9928
1  3.31e+03  0.0230882858  1.518692e-01 0.9928
1  3.47e+03  0.02308672124  1.518692e-01 0.9928
1  3.63e+03  0.0230831343  1.518692e-01 0.9928
1  3.80e+03  0.02308180799  1.518692e-01 0.9928
1  3.98e+03  0.02308015405  1.518692e-01 0.9928
1  4.17e+03  0.02308286928  1.518692e-01 0.9928
1  4.37e+03  0.02308201877  1.518692e-01 0.9928
1  4.57e+03  0.02308077926  1.518692e-01 0.9928
1  4.79e+03  0.02308469545  1.518692e-01 0.9928
1  5.01e+03  0.02308315672  1.518692e-01 0.9928
1  5.25e+03  0.0230695004  1.518692e-01 0.9928
1  5.50e+03  0.02306676799  1.518692e-01 0.9928
1  5.75e+03  0.02309798383  1.518692e-01 0.9928
1  6.03e+03  0.02308744873  1.518692e-01 0.9928
1  6.31e+03  0.0230818144  1.518692e-01 0.9928
1  6.61e+03  0.02313180635  1.518692e-01 0.9928
1  6.92e+03  0.02309963589  1.518692e-01 0.9928
1  7.24e+03  0.02316510498  1.518692e-01 0.9928
1  7.59e+03  0.02320070339  1.518692e-01 0.9928
1  7.94e+03  0.02319105408  1.518692e-01 0.9928
1  8.32e+03  0.02334364906  1.518692e-01 0.9928
1  8.71e+03  0.02344966392  1.518692e-01 0.9928
1  9.12e+03  0.02348823531  1.518692e-01 0.9928
1  9.55e+03  0.02359992712  1.518692e-01 0.9928
1  1.00e+04  0.02384881922  1.518692e-01 0.9928
1  1.05e+04  0.02415469161  1.518692e-01 0.9928
1  1.10e+04  0.02456216733  1.518692e-01 0.9928
1  1.15e+04  0.02499478032  1.518692e-01 0.9928
1  1.20e+04  0.02559866089  1.518692e-01 0.9928
1  1.26e+04  0.02621069162  1.518692e-01 0.9928
1  1.32e+04  0.0269097374  1.518692e-01 0.9928
1  1.38e+04  0.02778642161  1.518692e-01 0.9928
1  1.45e+04  0.02893510783  1.518692e-01 0.9928
1  1.51e+04  0.03047739506  1.518692e-01 0.9928
1  1.58e+04  0.03229267384  1.518692e-01 0.9928
1  1.66e+04  0.03408565643  1.518692e-01 0.9928
1  1.74e+04  0.03585001222  1.518692e-01 0.9928
1  1.82e+04  0.03809694214  1.518692e-01 0.9928
1  1.91e+04  0.04117621201  1.518692e-01 0.9928
1  2.00e+04  0.04426498508  1.518692e-01 0.9928
1  2.09e+04  0.047420826  1.518692e-01 0.9928
1  2.19e+04  0.05123899228  1.518692e-01 0.9928
1  2.29e+04  0.0551703956  1.518692e-01 0.9928
1  2.40e+04  0.05993754963  1.518692e-01 0.9928
1  2.51e+04  0.06423332802  1.518692e-01 0.9928
1  2.63e+04  0.07002676134  1.518692e-01 0.9928
1  2.75e+04  0.07487597525  1.518692e-01 0.9928
1  2.88e+04  0.08150186678  1.518692e-01 0.9928
1  3.02e+04  0.08704520304  1.518692e-01 0.9928
1  3.16e+04  0.09414279131  1.518692e-01 0.9928
1  3.31e+04  0.1010243289  1.518692e-01 0.9928
1  3.47e+04  0.1075912905  1.518692e-01 0.9928
1  3.63e+04  0.1162525388  1.518692e-01 0.9928
1  3.80e+04  0.1233508223  1.518692e-01 0.9928
1  3.98e+04  0.1306187509  1.518692e-01 0.9928
1  4.17e+04  0.1408288801  1.518692e-01 0.9928
1  4.37e+04  0.1485472091  1.518692e-01 0.9928
1  4.57e+04  0.1554139524  1.518692e-01 0.9928
1  4.79e+04  0.1661209735  1.518692e-01 0.9928
1  5.01e+04  0.1764354341  1.518692e-01 0.9928
1  5.25e+04  0.1835947352  1.518692e-01 0.9928
1  5.50e+04  0.1914274881  1.518692e-01 0.9928
1  5.75e+04  0.201920963  1.518692e-01 0.9928
1  6.03e+04  0.2129803924  1.518692e-01 0.9928
1  6.31e+04  0.2226127451  1.518692e-01 0.9928
1  6.61e+04  0.2306300543  1.518692e-01 0.9928
1  6.92e+04  0.2381650276  1.518692e-01 0.9928
1  7.24e+04  0.2468311135  1.518692e-01 0.9928
1  7.59e+04  0.2573798221  1.518692e-01 0.9928
1  7.94e+04  0.2688370806  1.518692e-01 0.9928
1  8.32e+04  0.2793909781  1.518692e-01 0.9928
1  8.71e+04  0.2880238235  1.518692e-01 0.9928
1  9.12e+04  0.2951103645  1.518692e-01 0.9928
1  9.55e+04  0.301776757  1.518692e-01 0.9928
1  1.00e+05  0.3089926735  1.518692e-01 0.9928
1  1.05e+05  0.3171569019  1.518692e-01 0.9928
1  1.10e+05  0.3261948152  1.518692e-01 0.9928
1  1.15e+05  0.3358002218  1.518692e-01 0.9928
1  1.20e+05  0.3455819163  1.518692e-01 0.9928
1  1.26e+05  0.35512722  1.518692e-01 0.9928
1  1.32e+05  0.364064952  1.518692e-01 0.9928
1  1.38e+05  0.3721415928  1.518692e-01 0.9928
1  1.45e+05  0.3792715577  1.518692e-01 0.9928
1  1.51e+05  0.3855336232  1.518692e-01 0.9928
1  1.58e+05  0.3911208049  1.518692e-01 0.9928
1  1.66e+05  0.3962717747  1.518692e-01 0.9928
1  1.74e+05  0.4012111103  1.518692e-01 0.9928
1  1.82e+05  0.4061131757  1.518692e-01 0.9928
1  1.91e+05  0.4110909036  1.518692e-01 0.9928
1  2.00e+05  0.4162021403  1.518692e-01 0.9928
1  2.09e+05  0.4214638232  1.518692e-01 0.9928
1  2.19e+05  0.4268663752  1.518692e-01 0.9928
1  2.29e+05  0.432384528  1.518692e-01 0.9928
1  2.40e+05  0.4379840487  1.518692e-01 0.9928
1  2.51e+05  0.4436255675  1.518692e-01 0.9928
1  2.63e+05  0.4492670023  1.518692e-01 0.9928
1  2.75e+05  0.4548655952  1.518692e-01 0.9928
1  2.88e+05  0.4603799344  1.518692e-01 0.9928
1  3.02e+05  0.4657718883  1.518692e-01 0.9928
1  3.16e+05  0.4710082095  1.518692e-01 0.9928
1  3.31e+05  0.4760616068  1.518692e-01 0.9928
1  3.47e+05  0.4809112083  1.518692e-01 0.9928
1  3.63e+05  0.4855424683  1.518692e-01 0.9928
1  3.80e+05  0.4899466512  1.518692e-01 0.9928
1  3.98e+05  0.4941200529  1.518692e-01 0.9928
1  4.17e+05  0.49806311  1.518692e-01 0.9928
1  4.37e+05  0.5017795106  1.518692e-01 0.9928
1  4.57e+05  0.5052753799  1.518692e-01 0.9928
1  4.79e+05  0.508558582  1.518692e-01 0.9928
1  5.01e+05  0.5116381456  1.518692e-01 0.9928
1  5.25e+05  0.5145238123  1.518692e-01 0.9928
1  5.50e+05  0.517225689  1.518692e-01 0.9928
1  5.75e+05  0.5197539891  1.518692e-01 0.9928
1  6.03e+05  0.5221188429  1.518692e-01 0.9928
1  6.31e+05  0.5243301624  1.518692e-01 0.9928
1  6.61e+05  0.5263975459  1.518692e-01 0.9928
1  6.92e+05  0.5283302149  1.518692e-01 0.9928
1  7.24e+05  0.5301369721  1.518692e-01 0.9928
1  7.59e+05  0.5318261775  1.518692e-01 0.9928
1  7.94e+05  0.5334057367  1.518692e-01 0.9928
1  8.32e+05  0.5348830986  1.518692e-01 0.9928
1  8.71e+05  0.5362652607  1.518692e-01 0.9928
1  9.12e+05  0.5375587788  1.518692e-01 0.9928
1  9.55e+05  0.5387697818  1.518692e-01 0.9928
1  1.00e+06  0.5399039879  1.518692e-01 0.9928
1  1.05e+06  0.5409667238  1.518692e-01 0.9928
1  1.10e+06  0.5419629446  1.518692e-01 0.9928
1  1.15e+06  0.5428972545  1.518692e-01 0.9928
1  1.20e+06  0.5437739275  1.518692e-01 0.9928
1  1.26e+06  0.5445969285  1.518692e-01 0.9928
1  1.32e+06  0.5453699332  1.518692e-01 0.9928
1  1.38e+06  0.5460963481  1.518692e-01 0.9928
1  1.45e+06  0.546779329  1.518692e-01 0.9928
1  1.51e+06  0.5474217995  1.518692e-01 0.9928
1  1.58e+06  0.5480264676  1.518692e-01 0.9928
1  1.66e+06  0.5485958422  1.518692e-01 0.9928
1  1.74e+06  0.5491322475  1.518692e-01 0.9928
1  1.82e+06  0.5496378382  1.518692e-01 0.9928
1  1.91e+06  0.5501146135  1.518692e-01 0.9928
1  2.00e+06  0.5505644222  1.518692e-01 0.9928
1  2.09e+06  0.5509889831  1.518692e-01 0.9928
1  2.19e+06  0.5513898912  1.518692e-01 0.9928
1  2.29e+06  0.5517686278  1.518692e-01 0.9928
1  2.40e+06  0.5521265691  1.518692e-01 0.9928
1  2.51e+06  0.5524649953  1.518692e-01 0.9928
1  2.63e+06  0.5527850969  1.518692e-01 0.9928
1  2.75e+06  0.5530879819  1.518692e-01 0.9928
1  2.88e+06  0.5533746824  1.518692e-01 0.9928
1  3.02e+06  0.5536461608  1.518692e-01 0.9928
1  3.16e+06  0.5539033141  1.518692e-01 0.9928
1  3.31e+06  0.5541469796  1.518692e-01 0.9928
1  3.47e+06  0.554377939  1.518692e-01 0.9928
1  3.63e+06  0.5545969231  1.518692e-01 0.9928
1  3.80e+06  0.5548046146  1.518692e-01 0.9928
1  3.98e+06  0.5550016528  1.518692e-01 0.9928
1  4.17e+06  0.5551886358  1.518692e-01 0.9928
1  4.37e+06  0.5553661241  1.518692e-01 0.9928
1  4.57e+06  0.555534643  1.518692e-01 0.9928
1  4.79e+06  0.5556946851  1.518692e-01 0.9928
1  5.01e+06  0.5558467128  1.518692e-01 0.9928
1  5.25e+06  0.5559911603  1.518692e-01 0.9928
1  5.50e+06  0.5561284355  1.518692e-01 0.9928
1  5.75e+06  0.5562589217  1.518692e-01 0.9928
1  6.03e+06  0.5563829796  1.518692e-01 0.9928
1  6.31e+06  0.5565009487  1.518692e-01 0.9928
1  6.61e+06  0.5566131486  1.518692e-01 0.9928
1  6.92e+06  0.5567198801  1.518692e-01 0.9928
1  7.24e+06  0.5568214272  1.518692e-01 0.9928
1  7.59e+06  0.5569180574  1.518692e-01 0.9928
1  7.94e+06  0.557010023  1.518692e-01 0.9928
1  8.32e+06  0.5570975624  1.518692e-01 0.9928
1  8.71e+06  0.5571809005  1.518692e-01 0.9928
1  9.12e+06  0.5572602497  1.518692e-01 0.9928
1  9.55e+06  0.557335811  1.518692e-01 0.9928
1  1.00e+07  0.5574077742  1.518692e-01 0.9928
