1  1.00e-03  0.5560206318  1.664320e-01 1.088
1  1.05e-03  0.5560194266  1.664320e-01 1.088
1  1.10e-03  0.5560179959  1.664320e-01 1.088
1  1.15e-03  0.5560167045  1.664320e-01 1.088
1  1.20e-03  0.5560151294  1.664320e-01 1.088
1  1.26e-03  0.5560136311  1.664320e-01 1.088
1  1.32e-03  0.5560119264  1.664320e-01 1.088
1  1.38e-03  0.5560101632  1.664320e-01 1.088
1  1.45e-03  0.5560083754  1.664320e-01 1.088
1  1.51e-03  0.5560066191  1.664320e-01 1.088
1  1.58e-03  0.5560045468  1.664320e-01 1.088
1  1.66e-03  0.5560025613  1.664320e-01 1.088
1  1.74e-03  0.5560004243  1.664320e-01 1.088
1  1.82e-03  0.5559981466  1.664320e-01 1.088
1  1.91e-03  0.555995789  1.664320e-01 1.088
1  2.00e-03  0.5559932917  1.664320e-01 1.088
1  2.09e-03  0.5559906621  1.664320e-01 1.088
1  2.19e-03  0.5559879827  1.664320e-01 1.088
1  2.29e-03  0.555985184  1.664320e-01 1.088
1  2.40e-03  0.5559822479  1.664320e-01 1.088
1  2.51e-03  0.5559790779  1.664320e-01 1.088
1  2.63e-03  0.5559758494  1.664320e-01 1.088
1  2.75e-03  0.5559724236  1.664320e-01 1.088
1  2.88e-03  0.5559688649  1.664320e-01 1.088
1  3.02e-03  0.5559651091  1.664320e-01 1.088
1  3.16e-03  0.5559612282  1.664320e-01 1.088
1  3.31e-03  0.5559571006  1.664320e-01 1.088
1  3.47e-03  0.5559528083  1.664320e-01 1.088
1  3.63e-03  0.5559483226  1.664320e-01 1.088
1  3.80e-03  0.5559436284  1.664320e-01 1.088
1  3.98e-03  0.5559386829  1.664320e-01 1.088
1  4.17e-03  0.5559335342  1.664320e-01 1.088
1  4.37e-03  0.555928141  1.664320e-01 1.088
1  4.57e-03  0.5559224679  1.664320e-01 1.088
1  4.79e-03  0.5559165335  1.664320e-01 1.088
1  5.01e-03  0.5559103266  1.664320e-01 1.088
1  5.25e-03  0.555903839  1.664320e-01 1.088
1  5.50e-03  0.5558970318  1.664320e-01 1.088
1  5.75e-03  0.555889905  1.664320e-01 1.088
1  6.03e-03  0.5558824403  1.664320e-01 1.088
1  6.31e-03  0.555874614  1.664320e-01 1.088
1  6.61e-03  0.5558664284  1.664320e-01 1.088
1  6.92e-03  0.555857873  1.664320e-01 1.088
1  7.24e-03  0.5558488966  1.664320e-01 1.088
1  7.59e-03  0.5558394715  1.664320e-01 1.088
1  7.94e-03  0.5558296437  1.664320e-01 1.088
1  8.32e-03  0.5558193216  1.664320e-01 1.088
1  8.71e-03  0.5558085119  1.664320e-01 1.088
1  9.12e-03  0.555797227  1.664320e-01 1.088
1  9.55e-03  0.555785397  1.664320e-01 1.088
1  1.00e-02  0.5557729655  1.664320e-01 1.088
1  1.05e-02  0.5557600177  1.664320e-01 1.088
1  1.10e-02  0.555746392  1.664320e-01 1.088
1  1.15e-02  0.5557321819  1.664320e-01 1.088
1  1.20e-02  0.5557172674  1.664320e-01 1.088
1  1.26e-02  0.5557016131  1.664320e-01 1.088
1  1.32e-02  0.5556852721  1.664320e-01 1.088
1  1.38e-02  0.5556681628  1.664320e-01 1.088
1  1.45e-02  0.5556501982  1.664320e-01 1.088
1  1.51e-02  0.5556313867  1.664320e-01 1.088
1  1.58e-02  0.5556117255  1.664320e-01 1.088
1  1.66e-02  0.555591153  1.664320e-01 1.088
1  1.74e-02  0.5555695279  1.664320e-01 1.088
1  1.82e-02  0.5555469386  1.664320e-01 1.088
1  1.91e-02  0.5555233049  1.664320e-01 1.088
1  2.00e-02  0.5554985182  1.664320e-01 1.088
1  2.09e-02  0.5554725023  1.664320e-01 1.088
1  2.19e-02  0.5554452996  1.664320e-01 1.088
1  2.29e-02  0.5554168281  1.664320e-01 1.088
1  2.40e-02  0.5553870372  1.664320e-01 1.088
1  2.51e-02  0.5553557872  1.664320e-01 1.088
1  2.63e-02  0.5553231057  1.664320e-01 1.088
1  2.75e-02  0.5552888688  1.664320e-01 1.088
1  2.88e-02  0.5552529234  1.664320e-01 1.088
1  3.02e-02  0.5552153161  1.664320e-01 1.088
1  3.16e-02  0.5551759025  1.664320e-01 1.088
1  3.31e-02  0.5551346453  1.664320e-01 1.088
1  3.47e-02  0.5550914501  1.664320e-01 1.088
1  3.63e-02  0.5550461947  1.664320e-01 1.088
1  3.80e-02  0.5549988245  1.664320e-01 1.088
1  3.98e-02  0.5549492592  1.664320e-01 1.088
1  4.17e-02  0.5548973018  1.664320e-01 1.088
1  4.37e-02  0.554842662  1.664320e-01 1.088
1  4.57e-02  0.5547856151  1.664320e-01 1.088
1  4.79e-02  0.5547259613  1.664320e-01 1.088
1  5.01e-02  0.5546633958  1.664320e-01 1.088
1  5.25e-02  0.5545978023  1.664320e-01 1.088
1  5.50e-02  0.5545289645  1.664320e-01 1.088
1  5.75e-02  0.5544569169  1.664320e-01 1.088
1  6.03e-02  0.5543814905  1.664320e-01 1.088
1  6.31e-02  0.5543026057  1.664320e-01 1.088
1  6.61e-02  0.5542198647  1.664320e-01 1.088
1  6.92e-02  0.5541330375  1.664320e-01 1.088
1  7.24e-02  0.5540419722  1.664320e-01 1.088
1  7.59e-02  0.5539467943  1.664320e-01 1.088
1  7.94e-02  0.5538471859  1.664320e-01 1.088
1  8.32e-02  0.5537427066  1.664320e-01 1.088
1  8.71e-02  0.5536329975  1.664320e-01 1.088
1  9.12e-02  0.553517998  1.664320e-01 1.088
1  9.55e-02  0.5533980194  1.664320e-01 1.088
1  1.00e-01  0.5532718479  1.664320e-01 1.088
1  1.05e-01  0.5531394095  1.664320e-01 1.088
1  1.10e-01  0.5530013484  1.664320e-01 1.088
1  1.15e-01  0.5528562044  1.664320e-01 1.088
1  1.20e-01  0.5527040387  1.664320e-01 1.088
1  1.26e-01  0.552544445  1.664320e-01 1.088
1  1.32e-01  0.552376979  1.664320e-01 1.088
1  1.38e-01  0.5522021667  1.664320e-01 1.088
1  1.45e-01  0.5520184175  1.664320e-01 1.088
1  1.51e-01  0.5518253883  1.664320e-01 1.088
1  1.58e-01  0.5516236164  1.664320e-01 1.088
1  1.66e-01  0.5514122057  1.664320e-01 1.088
1  1.74e-01  0.5511899492  1.664320e-01 1.088
1  1.82e-01  0.5509573748  1.664320e-01 1.088
1  1.91e-01  0.5507127374  1.664320e-01 1.088
1  2.00e-01  0.5504563351  1.664320e-01 1.088
1  2.09e-01  0.5501879136  1.664320e-01 1.088
1  2.19e-01  0.5499059177  1.664320e-01 1.088
1  2.29e-01  0.5496107309  1.664320e-01 1.088
1  2.40e-01  0.549300269  1.664320e-01 1.088
1  2.51e-01  0.548975941  1.664320e-01 1.088
1  2.63e-01  0.5486335397  1.664320e-01 1.088
1  2.75e-01  0.5482753178  1.664320e-01 1.088
1  2.88e-01  0.5479000396  1.664320e-01 1.088
1  3.02e-01  0.5475060688  1.664320e-01 1.088
1  3.16e-01  0.5470910167  1.664320e-01 1.088
1  3.31e-01  0.5466573268  1.664320e-01 1.088
1  3.47e-01  0.5461996072  1.664320e-01 1.088
1  3.63e-01  0.5457206703  1.664320e-01 1.088
1  3.80e-01  0.5452170817  1.664320e-01 1.088
1  3.98e-01  0.5446902718  1.664320e-01 1.088
1  4.17e-01  0.5441352293  1.664320e-01 1.088
1  4.37e-01  0.5435518214  1.664320e-01 1.088
1  4.57e-01  0.5429385755  1.664320e-01 1.088
1  4.79e-01  0.542295884  1.664320e-01 1.088
1  5.01e-01  0.5416180212  1.664320e-01 1.088
1  5.25e-01  0.5409078285  1.664320e-01 1.088
1  5.50e-01  0.5401615184  1.664320e-01 1.088
1  5.75e-01  0.539374567  1.664320e-01 1.088
1  6.03e-01  0.5385499395  1.664320e-01 1.088
1  6.31e-01  0.5376827684  1.664320e-01 1.088
1  6.61e-01  0.5367678284  1.664320e-01 1.088
1  6.92e-01  0.5358066811  1.664320e-01 1.088
1  7.24e-01  0.5347988781  1.664320e-01 1.088
1  7.59e-01  0.5337357402  1.664320e-01 1.088
1  7.94e-01  0.5326139806  1.664320e-01 1.088
1  8.32e-01  0.5314387747  1.664320e-01 1.088
1  8.71e-01  0.5301984994  1.664320e-01 1.088
1  9.12e-01  0.5288972771  1.664320e-01 1.088
1  9.55e-01  0.5275205661  1.664320e-01 1.088
1  1.00e+00  0.5260747996  1.664320e-01 1.088
1  1.05e+00  0.5245569417  1.664320e-01 1.088
1  1.10e+00  0.5229544023  1.664320e-01 1.088
1  1.15e+00  0.52126532  1.664320e-01 1.088
1  1.20e+00  0.5194895629  1.664320e-01 1.088
1  1.26e+00  0.5176140882  1.664320e-01 1.088
1  1.32e+00  0.5156425536  1.664320e-01 1.088
1  1.38e+00  0.5135732743  1.664320e-01 1.088
1  1.45e+00  0.5113879337  1.664320e-01 1.088
1  1.51e+00  0.5090853642  1.664320e-01 1.088
1  1.58e+00  0.5066621559  1.664320e-01 1.088
1  1.66e+00  0.5041130435  1.664320e-01 1.088
1  1.74e+00  0.5014406789  1.664320e-01 1.088
1  1.82e+00  0.4986214287  1.664320e-01 1.088
1  1.91e+00  0.4956610145  1.664320e-01 1.088
1  2.00e+00  0.492543461  1.664320e-01 1.088
1  2.09e+00  0.4892836907  1.664320e-01 1.088
1  2.19e+00  0.4858570617  1.664320e-01 1.088
1  2.29e+00  0.4822597385  1.664320e-01 1.088
1  2.40e+00  0.4785074959  1.664320e-01 1.088
1  2.51e+00  0.4745703216  1.664320e-01 1.088
1  2.63e+00  0.4704623136  1.664320e-01 1.088
1  2.75e+00  0.4661781379  1.664320e-01 1.088
1  2.88e+00  0.4617320705  1.664320e-01 1.088
1  3.02e+00  0.4571036188  1.664320e-01 1.088
1  3.16e+00  0.4523067388  1.664320e-01 1.088
1  3.31e+00  0.4473422307  1.664320e-01 1.088
1  3.47e+00  0.4422114764  1.664320e-01 1.088
1  3.63e+00  0.4369511311  1.664320e-01 1.088
1  3.80e+00  0.4315653088  1.664320e-01 1.088
1  3.98e+00  0.4260460675  1.664320e-01 1.088
1  4.17e+00  0.4204234056  1.664320e-01 1.088
1  4.37e+00  0.4147431851  1.664320e-01 1.088
1  4.57e+00  0.4089819567  1.664320e-01 1.088
1  4.79e+00  0.4032222797  1.664320e-01 1.088
1  5.01e+00  0.397433576  1.664320e-01 1.088
1  5.25e+00  0.3916611511  1.664320e-01 1.088
1  5.50e+00  0.3859629673  1.664320e-01 1.088
1  5.75e+00  0.3803232015  1.664320e-01 1.088
1  6.03e+00  0.3748070911  1.664320e-01 1.088
1  6.31e+00  0.3694301815  1.664320e-01 1.088
1  6.61e+00  0.3641837636  1.664320e-01 1.088
1  6.92e+00  0.35911995  1.664320e-01 1.088
1  7.24e+00  0.3542612327  1.664320e-01 1.088
1  7.59e+00  0.3495920289  1.664320e-01 1.088
1  7.94e+00  0.3451757203  1.664320e-01 1.088
1  8.32e+00  0.340960544  1.664320e-01 1.088
1  8.71e+00  0.3369725066  1.664320e-01 1.088
1  9.12e+00  0.3332494448  1.664320e-01 1.088
1  9.55e+00  0.3297377937  1.664320e-01 1.088
1  1.00e+01  0.3264576465  1.664320e-01 1.088
1  1.05e+01  0.3234166178  1.664320e-01 1.088
1  1.10e+01  0.3205250464  1.664320e-01 1.088
1  1.15e+01  0.3180042607  1.664320e-01 1.088
1  1.20e+01  0.3155444609  1.664320e-01 1.088
1  1.26e+01  0.3133376389  1.664320e-01 1.088
1  1.32e+01  0.3112090755  1.664320e-01 1.088
1  1.38e+01  0.3093325396  1.664320e-01 1.088
1  1.45e+01  0.3075675023  1.664320e-01 1.088
1  1.51e+01  0.3059812465  1.664320e-01 1.088
1  1.58e+01  0.3045037169  1.664320e-01 1.088
1  1.66e+01  0.3031346886  1.664320e-01 1.088
1  1.74e+01  0.301893206  1.664320e-01 1.088
1  1.82e+01  0.3007552032  1.664320e-01 1.088
1  1.91e+01  0.2996875589  1.664320e-01 1.088
1  2.00e+01  0.2987102937  1.664320e-01 1.088
1  2.09e+01  0.2978344825  1.664320e-01 1.088
1  2.19e+01  0.2969795575  1.664320e-01 1.088
1  2.29e+01  0.2962322168  1.664320e-01 1.088
1  2.40e+01  0.2955142309  1.664320e-01 1.088
1  2.51e+01  0.2948311013  1.664320e-01 1.088
1  2.63e+01  0.2942140927  1.664320e-01 1.088
1  2.75e+01  0.2936086077  1.664320e-01 1.088
1  2.88e+01  0.2930557354  1.664320e-01 1.088
1  3.02e+01  0.2924988995  1.664320e-01 1.088
1  3.16e+01  0.2920031865  1.664320e-01 1.088
1  3.31e+01  0.2915080003  1.664320e-01 1.088
1  3.47e+01  0.2910200931  1.664320e-01 1.088
1  3.63e+01  0.2905321466  1.664320e-01 1.088
1  3.80e+01  0.2900521011  1.664320e-01 1.088
1  3.98e+01  0.2895880718  1.664320e-01 1.088
1  4.17e+01  0.2891219981  1.664320e-01 1.088
1  4.37e+01  0.2886399341  1.664320e-01 1.088
1  4.57e+01  0.2881377505  1.664320e-01 1.088
1  4.79e+01  0.2876511599  1.664320e-01 1.088
1  5.01e+01  0.2871002762  1.664320e-01 1.088
1  5.25e+01  0.2865441995  1.664320e-01 1.088
1  5.50e+01  0.2859668231  1.664320e-01 1.088
1  5.75e+01  0.2853317334  1.664320e-01 1.088
1  6.03e+01  0.2846558454  1.664320e-01 1.088
1  6.31e+01  0.2839420601  1.664320e-01 1.088
1  6.61e+01  0.2831390723  1.664320e-01 1.088
1  6.92e+01  0.2822749974  1.664320e-01 1.088
1  7.24e+01  0.2813145949  1.664320e-01 1.088
1  7.59e+01  0.2802195056  1.664320e-01 1.088
1  7.94e+01  0.2790217156  1.664320e-01 1.088
1  8.32e+01  0.2776939431  1.664320e-01 1.088
1  8.71e+01  0.2761484698  1.664320e-01 1.088
1  9.12e+01  0.2744145293  1.664320e-01 1.088
1  9.55e+01  0.2724095499  1.664320e-01 1.088
1  1.00e+02  0.270103297  1.664320e-01 1.088
1  1.05e+02  0.2673992249  1.664320e-01 1.088
1  1.10e+02  0.264209576  1.664320e-01 1.088
1  1.15e+02  0.2604879114  1.664320e-01 1.088
1  1.20e+02  0.2560346614  1.664320e-01 1.088
1  1.26e+02  0.2507069638  1.664320e-01 1.088
1  1.32e+02  0.2442872162  1.664320e-01 1.088
1  1.38e+02  0.2365684235  1.664320e-01 1.088
1  1.45e+02  0.2272834996  1.664320e-01 1.088
1  1.51e+02  0.2161804873  1.664320e-01 1.088
1  1.58e+02  0.2030528311  1.664320e-01 1.088
1  1.66e+02  0.1879115649  1.664320e-01 1.088
1  1.74e+02  0.1710254847  1.664320e-01 1.088
1  1.82e+02  0.1529910772  1.664320e-01 1.088
1  1.91e+02  0.1346938  1.664320e-01 1.088
1  2.00e+02  0.1171565613  1.664320e-01 1.088
1  2.09e+02  0.1012645676  1.664320e-01 1.088
1  2.19e+02  0.0874784562  1.664320e-01 1.088
1  2.29e+02  0.07598051775  1.664320e-01 1.088
1  2.40e+02  0.06662570806  1.664320e-01 1.088
1  2.51e+02  0.0591287554  1.664320e-01 1.088
1  2.63e+02  0.05317688074  1.664320e-01 1.088
1  2.75e+02  0.04846768292  1.664320e-01 1.088
1  2.88e+02  0.04471985529  1.664320e-01 1.088
1  3.02e+02  0.04174864093  1.664320e-01 1.088
1  3.16e+02  0.03936371283  1.664320e-01 1.088
1  3.31e+02  0.03744303167  1.664320e-01 1.088
1  3.47e+02  0.03588338319  1.664320e-01 1.088
1  3.63e+02  0.03461528888  1.664320e-01 1.088
1  3.80e+02  0.03357096752  1.664320e-01 1.088
1  3.98e+02  0.03271020443  1.664320e-01 1.088
1  4.17e+02  0.03199304548  1.664320e-01 1.088
1  4.37e+02  0.03139682267  1.664320e-01 1.088
1  4.57e+02  0.03089127438  1.664320e-01 1.088
1  4.79e+02  0.03046788442  1.664320e-01 1.088
1  5.01e+02  0.03010536965  1.664320e-01 1.088
1  5.25e+02  0.02979861841  1.664320e-01 1.088
1  5.50e+02  0.02953363541  1.664320e-01 1.088
1  5.75e+02  0.02930956739  1.664320e-01 1.088
1  6.03e+02  0.02911416927  1.664320e-01 1.088
1  6.31e+02  0.02894432199  1.664320e-01 1.088
1  6.61e+02  0.02879681316  1.664320e-01 1.088
1  6.92e+02  0.0286702608  1.664320e-01 1.088
1  7.24e+02  0.02856048544  1.664320e-01 1.088
1  7.59e+02  0.02846310615  1.664320e-01 1.088
1  7.94e+02  0.0283780974  1.664320e-01 1.088
1  8.32e+02  0.02830309746  1.664320e-01 1.088
1  8.71e+02  0.02823823517  1.664320e-01 1.088
1  9.12e+02  0.02817954154  1.664320e-01 1.088
1  9.55e+02  0.0281271697  1.664320e-01 1.088
1  1.00e+03  0.02808316215  1.664320e-01 1.088
1  1.05e+03  0.0280421533  1.664320e-01 1.088
1  1.10e+03  0.02800673866  1.664320e-01 1.088
1  1.15e+03  0.02797546835  1.664320e-01 1.088
1  1.20e+03  0.0279475263  1.664320e-01 1.088
1  1.26e+03  0.02792119727  1.664320e-01 1.088
1  1.32e+03  0.02790064991  1.664320e-01 1.088
1  1.38e+03  0.02788016748  1.664320e-01 1.088
1  1.45e+03  0.02786181395  1.664320e-01 1.088
1  1.51e+03  0.02784570548  1.664320e-01 1.088
1  1.58e+03  0.02783094856  1.664320e-01 1.088
1  1.66e+03  0.02781801911  1.664320e-01 1.088
1  1.74e+03  0.02780794555  1.664320e-01 1.088
1  1.82e+03  0.02779615194  1.664320e-01 1.088
1  1.91e+03  0.02778789535  1.664320e-01 1.088
1  2.00e+03  0.02777839162  1.664320e-01 1.088
1  2.09e+03  0.02777222741  1.664320e-01 1.088
1  2.19e+03  0.02776468183  1.664320e-01 1.088
1  2.29e+03  0.0277580612  1.664320e-01 1.088
1  2.40e+03  0.02775273212  1.664320e-01 1.088
1  2.51e+03  0.02774757986  1.664320e-01 1.088
1  2.63e+03  0.02774345252  1.664320e-01 1.088
1  2.75e+03  0.0277394968  1.664320e-01 1.088
1  2.88e+03  0.02773477347  1.664320e-01 1.088
1  3.02e+03  0.02773236488  1.664320e-01 1.088
1  3.16e+03  0.02772974049  1.664320e-01 1.088
1  3.31e+03  0.02772574211  1.664320e-01 1.088
1  3.47e+03  0.02772452496  1.664320e-01 1.088
1  3.63e+03  0.02772187893  1.664320e-01 1.088
1  3.80e+03  0.02771973021  1.664320e-01 1.088
1  3.98e+03  0.02771859976  1.664320e-01 1.088
1  4.17e+03  0.02771680635  1.664320e-01 1.088
1  4.37e+03  0.02771212503  1.664320e-01 1.088
1  4.57e+03  0.02771402067  1.664320e-01 1.088
1  4.79e+03  0.02771070027  1.664320e-01 1.088
1  5.01e+03  0.02770933435  1.664320e-01 1.088
1  5.25e+03  0.0277109066  1.664320e-01 1.088
1  5.50e+03  0.02771534147  1.664320e-01 1.088
1  5.75e+03  0.02770662726  1.664320e-01 1.088
1  6.03e+03  0.02770763869  1.664320e-01 1.088
1  6.31e+03  0.02771610139  1.664320e-01 1.088
1  6.61e+03  0.02770406231  1.664320e-01 1.088
1  6.92e+03  0.02772184044  1.664320e-01 1.088
1  7.24e+03  0.02772074242  1.664320e-01 1.088
1  7.59e+03  0.02771332418  1.664320e-01 1.088
1  7.94e+03  0.02776305008  1.664320e-01 1.088
1  8.32e+03  0.02775537238  1.664320e-01 1.088
1  8.71e+03  0.02775033657  1.664320e-01 1.088
1  9.12e+03  0.02781307487  1.664320e-01 1.088
1  9.55e+03  0.02790903604  1.664320e-01 1.088
1  1.00e+04  0.02800376241  1.664320e-01 1.088
1  1.05e+04  0.02810169739  1.664320e-01 1.088
1  1.10e+04  0.02824178497  1.664320e-01 1.088
1  1.15e+04  0.02838417541  1.664320e-01 1.088
1  1.20e+04  0.02865078426  1.664320e-01 1.088
1  1.26e+04  0.02897103019  1.664320e-01 1.088
1  1.32e+04  0.02934494335  1.664320e-01 1.088
1  1.38e+04  0.02979490404  1.664320e-01 1.088
1  1.45e+04  0.03027619406  1.664320e-01 1.088
1  1.51e+04  0.03089559313  1.664320e-01 1.088
1  1.58e+04  0.03183630148  1.664320e-01 1.088
1  1.66e+04  0.0330257629  1.664320e-01 1.088
1  1.74e+04  0.03416278977  1.664320e-01 1.088
1  1.82e+04  0.03527383258  1.664320e-01 1.088
1  1.91e+04  0.03711491589  1.664320e-01 1.088
1  2.00e+04  0.03948904279  1.664320e-01 1.088
1  2.09e+04  0.04118175102  1.664320e-01 1.088
1  2.19e+04  0.04367702902  1.664320e-01 1.088
1  2.29e+04  0.04681653637  1.664320e-01 1.088
1  2.40e+04  0.04956669868  1.664320e-01 1.088
1  2.51e+04  0.05322356683  1.664320e-01 1.088
1  2.63e+04  0.05701489321  1.664320e-01 1.088
1  2.75e+04  0.06103413415  1.664320e-01 1.088
1  2.88e+04  0.06577027655  1.664320e-01 1.088
1  3.02e+04  0.07046468321  1.664320e-01 1.088
1  3.16e+04  0.07566252721  1.664320e-01 1.088
1  3.31e+04  0.08178791944  1.664320e-01 1.088
1  3.47e+04  0.08659793287  1.664320e-01 1.088
1  3.63e+04  0.09430606195  1.664320e-01 1.088
1  3.80e+04  0.1002314751  1.664320e-01 1.088
1  3.98e+04  0.1061875754  1.664320e-01 1.088
1  4.17e+04  0.1155633261  1.664320e-01 1.088
1  4.37e+04  0.1222214007  1.664320e-01 1.088
1  4.57e+04  0.1282283322  1.664320e-01 1.088
1  4.79e+04  0.1380918254  1.664320e-01 1.088
1  5.01e+04  0.1475869169  1.664320e-01 1.088
1  5.25e+04  0.1543120661  1.664320e-01 1.088
1  5.50e+04  0.1616049369  1.664320e-01 1.088
1  5.75e+04  0.1713198864  1.664320e-01 1.088
1  6.03e+04  0.1819914517  1.664320e-01 1.088
1  6.31e+04  0.1916440152  1.664320e-01 1.088
1  6.61e+04  0.1995122477  1.664320e-01 1.088
1  6.92e+04  0.2066226145  1.664320e-01 1.088
1  7.24e+04  0.214997418  1.664320e-01 1.088
1  7.59e+04  0.2256137004  1.664320e-01 1.088
1  7.94e+04  0.2373435273  1.664320e-01 1.088
1  8.32e+04  0.2481667765  1.664320e-01 1.088
1  8.71e+04  0.2570060163  1.664320e-01 1.088
1  9.12e+04  0.2642645656  1.664320e-01 1.088
1  9.55e+04  0.2710952961  1.664320e-01 1.088
1  1.00e+05  0.2784915659  1.664320e-01 1.088
1  1.05e+05  0.2869025485  1.664320e-01 1.088
1  1.10e+05  0.2963186989  1.664320e-01 1.088
1  1.15e+05  0.306467885  1.664320e-01 1.088
1  1.20e+05  0.3169341295  1.664320e-01 1.088
1  1.26e+05  0.3272349901  1.664320e-01 1.088
1  1.32e+05  0.3369213484  1.664320e-01 1.088
1  1.38e+05  0.3456841785  1.664320e-01 1.088
1  1.45e+05  0.353415653  1.664320e-01 1.088
1  1.51e+05  0.3602000429  1.664320e-01 1.088
1  1.58e+05  0.3662514588  1.664320e-01 1.088
1  1.66e+05  0.3718342228  1.664320e-01 1.088
1  1.74e+05  0.3771963652  1.664320e-01 1.088
1  1.82e+05  0.3825308539  1.664320e-01 1.088
1  1.91e+05  0.3879642064  1.664320e-01 1.088
1  2.00e+05  0.3935635493  1.664320e-01 1.088
1  2.09e+05  0.3993514694  1.664320e-01 1.088
1  2.19e+05  0.4053207894  1.664320e-01 1.088
1  2.29e+05  0.4114456149  1.664320e-01 1.088
1  2.40e+05  0.4176883473  1.664320e-01 1.088
1  2.51e+05  0.4240039854  1.664320e-01 1.088
1  2.63e+05  0.430343203  1.664320e-01 1.088
1  2.75e+05  0.4366551242  1.664320e-01 1.088
1  2.88e+05  0.4428900499  1.664320e-01 1.088
1  3.02e+05  0.4490019723  1.664320e-01 1.088
1  3.16e+05  0.4549505869  1.664320e-01 1.088
1  3.31e+05  0.4607025984  1.664320e-01 1.088
1  3.47e+05  0.4662322674  1.664320e-01 1.088
1  3.63e+05  0.4715212917  1.664320e-01 1.088
1  3.80e+05  0.4765581936  1.664320e-01 1.088
1  3.98e+05  0.4813374104  1.664320e-01 1.088
1  4.17e+05  0.4858582599  1.664320e-01 1.088
1  4.37e+05  0.4901239133  1.664320e-01 1.088
1  4.57e+05  0.4941404572  1.664320e-01 1.088
1  4.79e+05  0.4979160875  1.664320e-01 1.088
1  5.01e+05  0.5014604472  1.664320e-01 1.088
1  5.25e+05  0.5047841005  1.664320e-01 1.088
1  5.50e+05  0.5078981272  1.664320e-01 1.088
1  5.75e+05  0.5108138165  1.664320e-01 1.088
1  6.03e+05  0.5135424397  1.664320e-01 1.088
1  6.31e+05  0.5160950856  1.664320e-01 1.088
1  6.61e+05  0.5184825417  1.664320e-01 1.088
1  6.92e+05  0.5207152126  1.664320e-01 1.088
1  7.24e+05  0.522803064  1.664320e-01 1.088
1  7.59e+05  0.5247555883  1.664320e-01 1.088
1  7.94e+05  0.5265817846  1.664320e-01 1.088
1  8.32e+05  0.5282901511  1.664320e-01 1.088
1  8.71e+05  0.5298886861  1.664320e-01 1.088
1  9.12e+05  0.5313848962  1.664320e-01 1.088
1  9.55e+05  0.5327858092  1.664320e-01 1.088
1  1.00e+06  0.5340979908  1.664320e-01 1.088
1  1.05e+06  0.5353275641  1.664320e-01 1.088
1  1.10e+06  0.536480231  1.664320e-01 1.088
1  1.15e+06  0.5375612942  1.664320e-01 1.088
1  1.20e+06  0.5385756804  1.664320e-01 1.088
1  1.26e+06  0.5395279631  1.664320e-01 1.088
1  1.32e+06  0.5404223848  1.664320e-01 1.088
1  1.38e+06  0.5412628796  1.664320e-01 1.088
1  1.45e+06  0.5420530942  1.664320e-01 1.088
1  1.51e+06  0.5427964081  1.664320e-01 1.088
1  1.58e+06  0.543495953  1.664320e-01 1.088
1  1.66e+06  0.5441546314  1.664320e-01 1.088
1  1.74e+06  0.544775133  1.664320e-01 1.088
1  1.82e+06  0.5453599522  1.664320e-01 1.088
1  1.91e+06  0.5459114027  1.664320e-01 1.088
1  2.00e+06  0.5464316264  1.664320e-01 1.088
1  2.09e+06  0.5469226141  1.664320e-01 1.088
1  2.19e+06  0.5473862134  1.664320e-01 1.088
1  2.29e+06  0.5478241407  1.664320e-01 1.088
1  2.40e+06  0.5482379906  1.664320e-01 1.088
1  2.51e+06  0.5486292465  1.664320e-01 1.088
1  2.63e+06  0.5489992879  1.664320e-01 1.088
1  2.75e+06  0.5493493991  1.664320e-01 1.088
1  2.88e+06  0.5496807762  1.664320e-01 1.088
1  3.02e+06  0.5499945345  1.664320e-01 1.088
1  3.16e+06  0.5502917136  1.664320e-01 1.088
1  3.31e+06  0.5505732838  1.664320e-01 1.088
1  3.47e+06  0.5508401512  1.664320e-01 1.088
1  3.63e+06  0.5510931624  1.664320e-01 1.088
1  3.80e+06  0.5513331089  1.664320e-01 1.088
1  3.98e+06  0.5515607309  1.664320e-01 1.088
1  4.17e+06  0.551776722  1.664320e-01 1.088
1  4.37e+06  0.5519817312  1.664320e-01 1.088
1  4.57e+06  0.552176367  1.664320e-01 1.088
1  4.79e+06  0.5523612003  1.664320e-01 1.088
1  5.01e+06  0.5525367664  1.664320e-01 1.088
1  5.25e+06  0.5527035683  1.664320e-01 1.088
1  5.50e+06  0.5528620783  1.664320e-01 1.088
1  5.75e+06  0.5530127403  1.664320e-01 1.088
1  6.03e+06  0.5531559719  1.664320e-01 1.088
1  6.31e+06  0.5532921662  1.664320e-01 1.088
1  6.61e+06  0.5534216929  1.664320e-01 1.088
1  6.92e+06  0.5535449005  1.664320e-01 1.088
1  7.24e+06  0.5536621175  1.664320e-01 1.088
1  7.59e+06  0.5537736534  1.664320e-01 1.088
1  7.94e+06  0.5538798002  1.664320e-01 1.088
1  8.32e+06  0.5539808337  1.664320e-01 1.088
1  8.71e+06  0.5540770141  1.664320e-01 1.088
1  9.12e+06  0.5541685872  1.664320e-01 1.088
1  9.55e+06  0.5542557852  1.664320e-01 1.088
1  1.00e+07  0.5543388277  1.664320e-01 1.088
