1  1.00e-03  0.5572644259  1.601908e-01 1.0472000000000001
1  1.05e-03  0.5572632162  1.601908e-01 1.0472000000000001
1  1.10e-03  0.5572617778  1.601908e-01 1.0472000000000001
1  1.15e-03  0.557260477  1.601908e-01 1.0472000000000001
1  1.20e-03  0.5572589067  1.601908e-01 1.0472000000000001
1  1.26e-03  0.5572574031  1.601908e-01 1.0472000000000001
1  1.32e-03  0.5572556958  1.601908e-01 1.0472000000000001
1  1.38e-03  0.5572539272  1.601908e-01 1.0472000000000001
1  1.45e-03  0.5572521326  1.601908e-01 1.0472000000000001
1  1.51e-03  0.5572503767  1.601908e-01 1.0472000000000001
1  1.58e-03  0.5572483038  1.601908e-01 1.0472000000000001
1  1.66e-03  0.5572463013  1.601908e-01 1.0472000000000001
1  1.74e-03  0.5572441605  1.601908e-01 1.0472000000000001
1  1.82e-03  0.5572418784  1.601908e-01 1.0472000000000001
1  1.91e-03  0.557239523  1.601908e-01 1.0472000000000001
1  2.00e-03  0.557237024  1.601908e-01 1.0472000000000001
1  2.09e-03  0.5572343865  1.601908e-01 1.0472000000000001
1  2.19e-03  0.5572316976  1.601908e-01 1.0472000000000001
1  2.29e-03  0.5572288952  1.601908e-01 1.0472000000000001
1  2.40e-03  0.5572259419  1.601908e-01 1.0472000000000001
1  2.51e-03  0.5572227701  1.601908e-01 1.0472000000000001
1  2.63e-03  0.5572195259  1.601908e-01 1.0472000000000001
1  2.75e-03  0.5572161081  1.601908e-01 1.0472000000000001
1  2.88e-03  0.5572125432  1.601908e-01 1.0472000000000001
1  3.02e-03  0.5572087721  1.601908e-01 1.0472000000000001
1  3.16e-03  0.5572048862  1.601908e-01 1.0472000000000001
1  3.31e-03  0.5572007446  1.601908e-01 1.0472000000000001
1  3.47e-03  0.5571964499  1.601908e-01 1.0472000000000001
1  3.63e-03  0.5571919561  1.601908e-01 1.0472000000000001
1  3.80e-03  0.5571872535  1.601908e-01 1.0472000000000001
1  3.98e-03  0.557182281  1.601908e-01 1.0472000000000001
1  4.17e-03  0.557177121  1.601908e-01 1.0472000000000001
1  4.37e-03  0.5571717063  1.601908e-01 1.0472000000000001
1  4.57e-03  0.5571660233  1.601908e-01 1.0472000000000001
1  4.79e-03  0.5571600971  1.601908e-01 1.0472000000000001
1  5.01e-03  0.5571538704  1.601908e-01 1.0472000000000001
1  5.25e-03  0.5571473489  1.601908e-01 1.0472000000000001
1  5.50e-03  0.5571405413  1.601908e-01 1.0472000000000001
1  5.75e-03  0.557133394  1.601908e-01 1.0472000000000001
1  6.03e-03  0.5571259016  1.601908e-01 1.0472000000000001
1  6.31e-03  0.55711809  1.601908e-01 1.0472000000000001
1  6.61e-03  0.5571098548  1.601908e-01 1.0472000000000001
1  6.92e-03  0.5571012872  1.601908e-01 1.0472000000000001
1  7.24e-03  0.5570922811  1.601908e-01 1.0472000000000001
1  7.59e-03  0.557082848  1.601908e-01 1.0472000000000001
1  7.94e-03  0.5570730088  1.601908e-01 1.0472000000000001
1  8.32e-03  0.5570626464  1.601908e-01 1.0472000000000001
1  8.71e-03  0.5570518502  1.601908e-01 1.0472000000000001
1  9.12e-03  0.5570404949  1.601908e-01 1.0472000000000001
1  9.55e-03  0.5570286306  1.601908e-01 1.0472000000000001
1  1.00e-02  0.5570162332  1.601908e-01 1.0472000000000001
1  1.05e-02  0.557003196  1.601908e-01 1.0472000000000001
1  1.10e-02  0.5569895563  1.601908e-01 1.0472000000000001
1  1.15e-02  0.5569752994  1.601908e-01 1.0472000000000001
1  1.20e-02  0.5569603506  1.601908e-01 1.0472000000000001
1  1.26e-02  0.5569447291  1.601908e-01 1.0472000000000001
1  1.32e-02  0.556928284  1.601908e-01 1.0472000000000001
1  1.38e-02  0.5569111251  1.601908e-01 1.0472000000000001
1  1.45e-02  0.5568931363  1.601908e-01 1.0472000000000001
1  1.51e-02  0.5568743194  1.601908e-01 1.0472000000000001
1  1.58e-02  0.5568545898  1.601908e-01 1.0472000000000001
1  1.66e-02  0.5568339378  1.601908e-01 1.0472000000000001
1  1.74e-02  0.5568123706  1.601908e-01 1.0472000000000001
1  1.82e-02  0.5567896593  1.601908e-01 1.0472000000000001
1  1.91e-02  0.5567659987  1.601908e-01 1.0472000000000001
1  2.00e-02  0.5567410887  1.601908e-01 1.0472000000000001
1  2.09e-02  0.5567151417  1.601908e-01 1.0472000000000001
1  2.19e-02  0.5566878488  1.601908e-01 1.0472000000000001
1  2.29e-02  0.5566593518  1.601908e-01 1.0472000000000001
1  2.40e-02  0.5566293729  1.601908e-01 1.0472000000000001
1  2.51e-02  0.5565981672  1.601908e-01 1.0472000000000001
1  2.63e-02  0.5565653704  1.601908e-01 1.0472000000000001
1  2.75e-02  0.5565309901  1.601908e-01 1.0472000000000001
1  2.88e-02  0.5564949536  1.601908e-01 1.0472000000000001
1  3.02e-02  0.5564573994  1.601908e-01 1.0472000000000001
1  3.16e-02  0.5564178444  1.601908e-01 1.0472000000000001
1  3.31e-02  0.55637656  1.601908e-01 1.0472000000000001
1  3.47e-02  0.5563332879  1.601908e-01 1.0472000000000001
1  3.63e-02  0.5562878949  1.601908e-01 1.0472000000000001
1  3.80e-02  0.5562404691  1.601908e-01 1.0472000000000001
1  3.98e-02  0.5561905661  1.601908e-01 1.0472000000000001
1  4.17e-02  0.5561385573  1.601908e-01 1.0472000000000001
1  4.37e-02  0.5560839594  1.601908e-01 1.0472000000000001
1  4.57e-02  0.556026814  1.601908e-01 1.0472000000000001
1  4.79e-02  0.5559669145  1.601908e-01 1.0472000000000001
1  5.01e-02  0.5559040816  1.601908e-01 1.0472000000000001
1  5.25e-02  0.5558383036  1.601908e-01 1.0472000000000001
1  5.50e-02  0.5557693462  1.601908e-01 1.0472000000000001
1  5.75e-02  0.5556972079  1.601908e-01 1.0472000000000001
1  6.03e-02  0.5556216078  1.601908e-01 1.0472000000000001
1  6.31e-02  0.5555426098  1.601908e-01 1.0472000000000001
1  6.61e-02  0.5554594663  1.601908e-01 1.0472000000000001
1  6.92e-02  0.5553727335  1.601908e-01 1.0472000000000001
1  7.24e-02  0.5552815891  1.601908e-01 1.0472000000000001
1  7.59e-02  0.5551862123  1.601908e-01 1.0472000000000001
1  7.94e-02  0.555085916  1.601908e-01 1.0472000000000001
1  8.32e-02  0.5549811941  1.601908e-01 1.0472000000000001
1  8.71e-02  0.5548712905  1.601908e-01 1.0472000000000001
1  9.12e-02  0.5547564037  1.601908e-01 1.0472000000000001
1  9.55e-02  0.5546359216  1.601908e-01 1.0472000000000001
1  1.00e-01  0.554509247  1.601908e-01 1.0472000000000001
1  1.05e-01  0.5543770003  1.601908e-01 1.0472000000000001
1  1.10e-01  0.5542382563  1.601908e-01 1.0472000000000001
1  1.15e-01  0.5540927596  1.601908e-01 1.0472000000000001
1  1.20e-01  0.5539400698  1.601908e-01 1.0472000000000001
1  1.26e-01  0.553780129  1.601908e-01 1.0472000000000001
1  1.32e-01  0.5536126421  1.601908e-01 1.0472000000000001
1  1.38e-01  0.5534370138  1.601908e-01 1.0472000000000001
1  1.45e-01  0.5532528149  1.601908e-01 1.0472000000000001
1  1.51e-01  0.5530602587  1.601908e-01 1.0472000000000001
1  1.58e-01  0.5528572429  1.601908e-01 1.0472000000000001
1  1.66e-01  0.5526454296  1.601908e-01 1.0472000000000001
1  1.74e-01  0.5524224416  1.601908e-01 1.0472000000000001
1  1.82e-01  0.5521894722  1.601908e-01 1.0472000000000001
1  1.91e-01  0.5519450834  1.601908e-01 1.0472000000000001
1  2.00e-01  0.5516878747  1.601908e-01 1.0472000000000001
1  2.09e-01  0.5514191859  1.601908e-01 1.0472000000000001
1  2.19e-01  0.5511365098  1.601908e-01 1.0472000000000001
1  2.29e-01  0.5508406242  1.601908e-01 1.0472000000000001
1  2.40e-01  0.5505295634  1.601908e-01 1.0472000000000001
1  2.51e-01  0.5502033742  1.601908e-01 1.0472000000000001
1  2.63e-01  0.5498612934  1.601908e-01 1.0472000000000001
1  2.75e-01  0.5495021335  1.601908e-01 1.0472000000000001
1  2.88e-01  0.5491259613  1.601908e-01 1.0472000000000001
1  3.02e-01  0.5487301125  1.601908e-01 1.0472000000000001
1  3.16e-01  0.5483142605  1.601908e-01 1.0472000000000001
1  3.31e-01  0.5478792261  1.601908e-01 1.0472000000000001
1  3.47e-01  0.5474219779  1.601908e-01 1.0472000000000001
1  3.63e-01  0.5469419711  1.601908e-01 1.0472000000000001
1  3.80e-01  0.5464367706  1.601908e-01 1.0472000000000001
1  3.98e-01  0.5459071794  1.601908e-01 1.0472000000000001
1  4.17e-01  0.5453505796  1.601908e-01 1.0472000000000001
1  4.37e-01  0.5447655993  1.601908e-01 1.0472000000000001
1  4.57e-01  0.5441533287  1.601908e-01 1.0472000000000001
1  4.79e-01  0.5435080041  1.601908e-01 1.0472000000000001
1  5.01e-01  0.5428298893  1.601908e-01 1.0472000000000001
1  5.25e-01  0.5421178515  1.601908e-01 1.0472000000000001
1  5.50e-01  0.5413689131  1.601908e-01 1.0472000000000001
1  5.75e-01  0.5405797665  1.601908e-01 1.0472000000000001
1  6.03e-01  0.5397540168  1.601908e-01 1.0472000000000001
1  6.31e-01  0.5388818528  1.601908e-01 1.0472000000000001
1  6.61e-01  0.5379654195  1.601908e-01 1.0472000000000001
1  6.92e-01  0.5370027925  1.601908e-01 1.0472000000000001
1  7.24e-01  0.5359906554  1.601908e-01 1.0472000000000001
1  7.59e-01  0.5349261506  1.601908e-01 1.0472000000000001
1  7.94e-01  0.5338037598  1.601908e-01 1.0472000000000001
1  8.32e-01  0.5326218994  1.601908e-01 1.0472000000000001
1  8.71e-01  0.5313797868  1.601908e-01 1.0472000000000001
1  9.12e-01  0.5300737956  1.601908e-01 1.0472000000000001
1  9.55e-01  0.5286963256  1.601908e-01 1.0472000000000001
1  1.00e+00  0.5272476086  1.601908e-01 1.0472000000000001
1  1.05e+00  0.5257217672  1.601908e-01 1.0472000000000001
1  1.10e+00  0.5241149966  1.601908e-01 1.0472000000000001
1  1.15e+00  0.5224215944  1.601908e-01 1.0472000000000001
1  1.20e+00  0.52064086  1.601908e-01 1.0472000000000001
1  1.26e+00  0.5187634262  1.601908e-01 1.0472000000000001
1  1.32e+00  0.5167893613  1.601908e-01 1.0472000000000001
1  1.38e+00  0.5147109723  1.601908e-01 1.0472000000000001
1  1.45e+00  0.5125178525  1.601908e-01 1.0472000000000001
1  1.51e+00  0.5102095811  1.601908e-01 1.0472000000000001
1  1.58e+00  0.507787142  1.601908e-01 1.0472000000000001
1  1.66e+00  0.5052298822  1.601908e-01 1.0472000000000001
1  1.74e+00  0.5025467447  1.601908e-01 1.0472000000000001
1  1.82e+00  0.4997177329  1.601908e-01 1.0472000000000001
1  1.91e+00  0.4967509041  1.601908e-01 1.0472000000000001
1  2.00e+00  0.4936327482  1.601908e-01 1.0472000000000001
1  2.09e+00  0.4903583355  1.601908e-01 1.0472000000000001
1  2.19e+00  0.4869253579  1.601908e-01 1.0472000000000001
1  2.29e+00  0.4833163673  1.601908e-01 1.0472000000000001
1  2.40e+00  0.479556659  1.601908e-01 1.0472000000000001
1  2.51e+00  0.4756159046  1.601908e-01 1.0472000000000001
1  2.63e+00  0.4714915948  1.601908e-01 1.0472000000000001
1  2.75e+00  0.4672014616  1.601908e-01 1.0472000000000001
1  2.88e+00  0.4627476011  1.601908e-01 1.0472000000000001
1  3.02e+00  0.4581037803  1.601908e-01 1.0472000000000001
1  3.16e+00  0.4533017257  1.601908e-01 1.0472000000000001
1  3.31e+00  0.448329711  1.601908e-01 1.0472000000000001
1  3.47e+00  0.4431882162  1.601908e-01 1.0472000000000001
1  3.63e+00  0.4379172214  1.601908e-01 1.0472000000000001
1  3.80e+00  0.4325266022  1.601908e-01 1.0472000000000001
1  3.98e+00  0.4270015166  1.601908e-01 1.0472000000000001
1  4.17e+00  0.421386626  1.601908e-01 1.0472000000000001
1  4.37e+00  0.4156851421  1.601908e-01 1.0472000000000001
1  4.57e+00  0.4099203919  1.601908e-01 1.0472000000000001
1  4.79e+00  0.4041577445  1.601908e-01 1.0472000000000001
1  5.01e+00  0.3983659738  1.601908e-01 1.0472000000000001
1  5.25e+00  0.3925962841  1.601908e-01 1.0472000000000001
1  5.50e+00  0.386901619  1.601908e-01 1.0472000000000001
1  5.75e+00  0.3812600944  1.601908e-01 1.0472000000000001
1  6.03e+00  0.3757434063  1.601908e-01 1.0472000000000001
1  6.31e+00  0.3703747891  1.601908e-01 1.0472000000000001
1  6.61e+00  0.3651284575  1.601908e-01 1.0472000000000001
1  6.92e+00  0.3600893894  1.601908e-01 1.0472000000000001
1  7.24e+00  0.3552188954  1.601908e-01 1.0472000000000001
1  7.59e+00  0.3505649478  1.601908e-01 1.0472000000000001
1  7.94e+00  0.3461576821  1.601908e-01 1.0472000000000001
1  8.32e+00  0.3419662865  1.601908e-01 1.0472000000000001
1  8.71e+00  0.3379965395  1.601908e-01 1.0472000000000001
1  9.12e+00  0.334252563  1.601908e-01 1.0472000000000001
1  9.55e+00  0.3307562068  1.601908e-01 1.0472000000000001
1  1.00e+01  0.3275177401  1.601908e-01 1.0472000000000001
1  1.05e+01  0.3244538983  1.601908e-01 1.0472000000000001
1  1.10e+01  0.3216580466  1.601908e-01 1.0472000000000001
1  1.15e+01  0.3190742477  1.601908e-01 1.0472000000000001
1  1.20e+01  0.3165987728  1.601908e-01 1.0472000000000001
1  1.26e+01  0.3143764871  1.601908e-01 1.0472000000000001
1  1.32e+01  0.3123412275  1.601908e-01 1.0472000000000001
1  1.38e+01  0.3104259252  1.601908e-01 1.0472000000000001
1  1.45e+01  0.3087142073  1.601908e-01 1.0472000000000001
1  1.51e+01  0.3070927372  1.601908e-01 1.0472000000000001
1  1.58e+01  0.3056258179  1.601908e-01 1.0472000000000001
1  1.66e+01  0.3043013426  1.601908e-01 1.0472000000000001
1  1.74e+01  0.30306034  1.601908e-01 1.0472000000000001
1  1.82e+01  0.3019086785  1.601908e-01 1.0472000000000001
1  1.91e+01  0.3008815072  1.601908e-01 1.0472000000000001
1  2.00e+01  0.2999195349  1.601908e-01 1.0472000000000001
1  2.09e+01  0.2990102634  1.601908e-01 1.0472000000000001
1  2.19e+01  0.2982126415  1.601908e-01 1.0472000000000001
1  2.29e+01  0.2974270984  1.601908e-01 1.0472000000000001
1  2.40e+01  0.2967199189  1.601908e-01 1.0472000000000001
1  2.51e+01  0.2960676666  1.601908e-01 1.0472000000000001
1  2.63e+01  0.2954400999  1.601908e-01 1.0472000000000001
1  2.75e+01  0.2948634386  1.601908e-01 1.0472000000000001
1  2.88e+01  0.2943047932  1.601908e-01 1.0472000000000001
1  3.02e+01  0.2938057425  1.601908e-01 1.0472000000000001
1  3.16e+01  0.2932869259  1.601908e-01 1.0472000000000001
1  3.31e+01  0.2927985714  1.601908e-01 1.0472000000000001
1  3.47e+01  0.2923344926  1.601908e-01 1.0472000000000001
1  3.63e+01  0.2918849888  1.601908e-01 1.0472000000000001
1  3.80e+01  0.2914281041  1.601908e-01 1.0472000000000001
1  3.98e+01  0.2909614348  1.601908e-01 1.0472000000000001
1  4.17e+01  0.2904998538  1.601908e-01 1.0472000000000001
1  4.37e+01  0.2900391992  1.601908e-01 1.0472000000000001
1  4.57e+01  0.2895812495  1.601908e-01 1.0472000000000001
1  4.79e+01  0.2890961727  1.601908e-01 1.0472000000000001
1  5.01e+01  0.2885915648  1.601908e-01 1.0472000000000001
1  5.25e+01  0.288055983  1.601908e-01 1.0472000000000001
1  5.50e+01  0.2875069346  1.601908e-01 1.0472000000000001
1  5.75e+01  0.2868881271  1.601908e-01 1.0472000000000001
1  6.03e+01  0.2862467863  1.601908e-01 1.0472000000000001
1  6.31e+01  0.28557115  1.601908e-01 1.0472000000000001
1  6.61e+01  0.2848168458  1.601908e-01 1.0472000000000001
1  6.92e+01  0.2839667048  1.601908e-01 1.0472000000000001
1  7.24e+01  0.2830584066  1.601908e-01 1.0472000000000001
1  7.59e+01  0.2820364461  1.601908e-01 1.0472000000000001
1  7.94e+01  0.2808967776  1.601908e-01 1.0472000000000001
1  8.32e+01  0.2796123915  1.601908e-01 1.0472000000000001
1  8.71e+01  0.2781454181  1.601908e-01 1.0472000000000001
1  9.12e+01  0.2764837038  1.601908e-01 1.0472000000000001
1  9.55e+01  0.274582381  1.601908e-01 1.0472000000000001
1  1.00e+02  0.2723623543  1.601908e-01 1.0472000000000001
1  1.05e+02  0.2697645261  1.601908e-01 1.0472000000000001
1  1.10e+02  0.2666841196  1.601908e-01 1.0472000000000001
1  1.15e+02  0.2630796736  1.601908e-01 1.0472000000000001
1  1.20e+02  0.2587456167  1.601908e-01 1.0472000000000001
1  1.26e+02  0.2535308593  1.601908e-01 1.0472000000000001
1  1.32e+02  0.2472064464  1.601908e-01 1.0472000000000001
1  1.38e+02  0.239556117  1.601908e-01 1.0472000000000001
1  1.45e+02  0.2302484958  1.601908e-01 1.0472000000000001
1  1.51e+02  0.2190370805  1.601908e-01 1.0472000000000001
1  1.58e+02  0.2056423764  1.601908e-01 1.0472000000000001
1  1.66e+02  0.1900214875  1.601908e-01 1.0472000000000001
1  1.74e+02  0.1724270109  1.601908e-01 1.0472000000000001
1  1.82e+02  0.1535127285  1.601908e-01 1.0472000000000001
1  1.91e+02  0.1342951021  1.601908e-01 1.0472000000000001
1  2.00e+02  0.1159043412  1.601908e-01 1.0472000000000001
1  2.09e+02  0.09929222169  1.601908e-01 1.0472000000000001
1  2.19e+02  0.08505114491  1.601908e-01 1.0472000000000001
1  2.29e+02  0.07327010393  1.601908e-01 1.0472000000000001
1  2.40e+02  0.06378086259  1.601908e-01 1.0472000000000001
1  2.51e+02  0.05625985297  1.601908e-01 1.0472000000000001
1  2.63e+02  0.0503413427  1.601908e-01 1.0472000000000001
1  2.75e+02  0.04567997351  1.601908e-01 1.0472000000000001
1  2.88e+02  0.04201964219  1.601908e-01 1.0472000000000001
1  3.02e+02  0.03911553424  1.601908e-01 1.0472000000000001
1  3.16e+02  0.03680133917  1.601908e-01 1.0472000000000001
1  3.31e+02  0.03494776693  1.601908e-01 1.0472000000000001
1  3.47e+02  0.03345036734  1.601908e-01 1.0472000000000001
1  3.63e+02  0.03223066741  1.601908e-01 1.0472000000000001
1  3.80e+02  0.03123186889  1.601908e-01 1.0472000000000001
1  3.98e+02  0.03040779344  1.601908e-01 1.0472000000000001
1  4.17e+02  0.02972594893  1.601908e-01 1.0472000000000001
1  4.37e+02  0.02915505751  1.601908e-01 1.0472000000000001
1  4.57e+02  0.02867786321  1.601908e-01 1.0472000000000001
1  4.79e+02  0.02827517131  1.601908e-01 1.0472000000000001
1  5.01e+02  0.02793353394  1.601908e-01 1.0472000000000001
1  5.25e+02  0.0276420201  1.601908e-01 1.0472000000000001
1  5.50e+02  0.02739127718  1.601908e-01 1.0472000000000001
1  5.75e+02  0.02717888632  1.601908e-01 1.0472000000000001
1  6.03e+02  0.02699442384  1.601908e-01 1.0472000000000001
1  6.31e+02  0.02683446213  1.601908e-01 1.0472000000000001
1  6.61e+02  0.02669518857  1.601908e-01 1.0472000000000001
1  6.92e+02  0.02657494726  1.601908e-01 1.0472000000000001
1  7.24e+02  0.026470911  1.601908e-01 1.0472000000000001
1  7.59e+02  0.02637819435  1.601908e-01 1.0472000000000001
1  7.94e+02  0.02629874738  1.601908e-01 1.0472000000000001
1  8.32e+02  0.02622898144  1.601908e-01 1.0472000000000001
1  8.71e+02  0.02616589165  1.601908e-01 1.0472000000000001
1  9.12e+02  0.02611201931  1.601908e-01 1.0472000000000001
1  9.55e+02  0.02606470174  1.601908e-01 1.0472000000000001
1  1.00e+03  0.0260211516  1.601908e-01 1.0472000000000001
1  1.05e+03  0.02598290941  1.601908e-01 1.0472000000000001
1  1.10e+03  0.02595034027  1.601908e-01 1.0472000000000001
1  1.15e+03  0.02592144437  1.601908e-01 1.0472000000000001
1  1.20e+03  0.02589332852  1.601908e-01 1.0472000000000001
1  1.26e+03  0.02587020937  1.601908e-01 1.0472000000000001
1  1.32e+03  0.02584879819  1.601908e-01 1.0472000000000001
1  1.38e+03  0.02583059508  1.601908e-01 1.0472000000000001
1  1.45e+03  0.02581396879  1.601908e-01 1.0472000000000001
1  1.51e+03  0.02579929361  1.601908e-01 1.0472000000000001
1  1.58e+03  0.02578433012  1.601908e-01 1.0472000000000001
1  1.66e+03  0.02577196696  1.601908e-01 1.0472000000000001
1  1.74e+03  0.02576181566  1.601908e-01 1.0472000000000001
1  1.82e+03  0.0257516135  1.601908e-01 1.0472000000000001
1  1.91e+03  0.02574339044  1.601908e-01 1.0472000000000001
1  2.00e+03  0.02573462208  1.601908e-01 1.0472000000000001
1  2.09e+03  0.025727993  1.601908e-01 1.0472000000000001
1  2.19e+03  0.02572118004  1.601908e-01 1.0472000000000001
1  2.29e+03  0.02571693336  1.601908e-01 1.0472000000000001
1  2.40e+03  0.02571144882  1.601908e-01 1.0472000000000001
1  2.51e+03  0.0257054042  1.601908e-01 1.0472000000000001
1  2.63e+03  0.02570160495  1.601908e-01 1.0472000000000001
1  2.75e+03  0.02569752467  1.601908e-01 1.0472000000000001
1  2.88e+03  0.02569543327  1.601908e-01 1.0472000000000001
1  3.02e+03  0.02569090652  1.601908e-01 1.0472000000000001
1  3.16e+03  0.02568828567  1.601908e-01 1.0472000000000001
1  3.31e+03  0.02568665381  1.601908e-01 1.0472000000000001
1  3.47e+03  0.02568377404  1.601908e-01 1.0472000000000001
1  3.63e+03  0.0256838628  1.601908e-01 1.0472000000000001
1  3.80e+03  0.0256830413  1.601908e-01 1.0472000000000001
1  3.98e+03  0.02567933914  1.601908e-01 1.0472000000000001
1  4.17e+03  0.02567316218  1.601908e-01 1.0472000000000001
1  4.37e+03  0.02567373224  1.601908e-01 1.0472000000000001
1  4.57e+03  0.02567249623  1.601908e-01 1.0472000000000001
1  4.79e+03  0.02566960683  1.601908e-01 1.0472000000000001
1  5.01e+03  0.02567421579  1.601908e-01 1.0472000000000001
1  5.25e+03  0.02567974784  1.601908e-01 1.0472000000000001
1  5.50e+03  0.02567022544  1.601908e-01 1.0472000000000001
1  5.75e+03  0.02566390853  1.601908e-01 1.0472000000000001
1  6.03e+03  0.02568834778  1.601908e-01 1.0472000000000001
1  6.31e+03  0.02566649123  1.601908e-01 1.0472000000000001
1  6.61e+03  0.02569172205  1.601908e-01 1.0472000000000001
1  6.92e+03  0.02567296735  1.601908e-01 1.0472000000000001
1  7.24e+03  0.02572502704  1.601908e-01 1.0472000000000001
1  7.59e+03  0.02568446444  1.601908e-01 1.0472000000000001
1  7.94e+03  0.02574231895  1.601908e-01 1.0472000000000001
1  8.32e+03  0.02580152545  1.601908e-01 1.0472000000000001
1  8.71e+03  0.02578931915  1.601908e-01 1.0472000000000001
1  9.12e+03  0.0258252617  1.601908e-01 1.0472000000000001
1  9.55e+03  0.02595184887  1.601908e-01 1.0472000000000001
1  1.00e+04  0.02613701053  1.601908e-01 1.0472000000000001
1  1.05e+04  0.02630624321  1.601908e-01 1.0472000000000001
1  1.10e+04  0.02653900657  1.601908e-01 1.0472000000000001
1  1.15e+04  0.02677556883  1.601908e-01 1.0472000000000001
1  1.20e+04  0.02716302032  1.601908e-01 1.0472000000000001
1  1.26e+04  0.02758604234  1.601908e-01 1.0472000000000001
1  1.32e+04  0.02806339358  1.601908e-01 1.0472000000000001
1  1.38e+04  0.02863191033  1.601908e-01 1.0472000000000001
1  1.45e+04  0.02931198482  1.601908e-01 1.0472000000000001
1  1.51e+04  0.03026861067  1.601908e-01 1.0472000000000001
1  1.58e+04  0.03158527809  1.601908e-01 1.0472000000000001
1  1.66e+04  0.03303513538  1.601908e-01 1.0472000000000001
1  1.74e+04  0.03436861213  1.601908e-01 1.0472000000000001
1  1.82e+04  0.03587054903  1.601908e-01 1.0472000000000001
1  1.91e+04  0.03825104278  1.601908e-01 1.0472000000000001
1  2.00e+04  0.04091768142  1.601908e-01 1.0472000000000001
1  2.09e+04  0.04311865094  1.601908e-01 1.0472000000000001
1  2.19e+04  0.04621266156  1.601908e-01 1.0472000000000001
1  2.29e+04  0.04963219273  1.601908e-01 1.0472000000000001
1  2.40e+04  0.05320631438  1.601908e-01 1.0472000000000001
1  2.51e+04  0.05714440758  1.601908e-01 1.0472000000000001
1  2.63e+04  0.06173193501  1.601908e-01 1.0472000000000001
1  2.75e+04  0.06613145788  1.601908e-01 1.0472000000000001
1  2.88e+04  0.07162810327  1.601908e-01 1.0472000000000001
1  3.02e+04  0.07671185074  1.601908e-01 1.0472000000000001
1  3.16e+04  0.08269432716  1.601908e-01 1.0472000000000001
1  3.31e+04  0.08916641767  1.601908e-01 1.0472000000000001
1  3.47e+04  0.09472440245  1.601908e-01 1.0472000000000001
1  3.63e+04  0.1028502364  1.601908e-01 1.0472000000000001
1  3.80e+04  0.1093110155  1.601908e-01 1.0472000000000001
1  3.98e+04  0.1158161961  1.601908e-01 1.0472000000000001
1  4.17e+04  0.1255995606  1.601908e-01 1.0472000000000001
1  4.37e+04  0.1327333292  1.601908e-01 1.0472000000000001
1  4.57e+04  0.139108951  1.601908e-01 1.0472000000000001
1  4.79e+04  0.1493892861  1.601908e-01 1.0472000000000001
1  5.01e+04  0.1592734287  1.601908e-01 1.0472000000000001
1  5.25e+04  0.1661920176  1.601908e-01 1.0472000000000001
1  5.50e+04  0.1737510106  1.601908e-01 1.0472000000000001
1  5.75e+04  0.183849715  1.601908e-01 1.0472000000000001
1  6.03e+04  0.1947216344  1.601908e-01 1.0472000000000001
1  6.31e+04  0.2043938302  1.601908e-01 1.0472000000000001
1  6.61e+04  0.2123595223  1.601908e-01 1.0472000000000001
1  6.92e+04  0.2196841577  1.601908e-01 1.0472000000000001
1  7.24e+04  0.2282139557  1.601908e-01 1.0472000000000001
1  7.59e+04  0.2388372224  1.601908e-01 1.0472000000000001
1  7.94e+04  0.2504915939  1.601908e-01 1.0472000000000001
1  8.32e+04  0.261236245  1.601908e-01 1.0472000000000001
1  8.71e+04  0.2700132409  1.601908e-01 1.0472000000000001
1  9.12e+04  0.2772173903  1.601908e-01 1.0472000000000001
1  9.55e+04  0.2839977598  1.601908e-01 1.0472000000000001
1  1.00e+05  0.2913415543  1.601908e-01 1.0472000000000001
1  1.05e+05  0.2996750633  1.601908e-01 1.0472000000000001
1  1.10e+05  0.3089574332  1.601908e-01 1.0472000000000001
1  1.15e+05  0.318899585  1.601908e-01 1.0472000000000001
1  1.20e+05  0.3290956089  1.601908e-01 1.0472000000000001
1  1.26e+05  0.3390932866  1.601908e-01 1.0472000000000001
1  1.32e+05  0.348477177  1.601908e-01 1.0472000000000001
1  1.38e+05  0.3569620523  1.601908e-01 1.0472000000000001
1  1.45e+05  0.3644496042  1.601908e-01 1.0472000000000001
1  1.51e+05  0.3710219584  1.601908e-01 1.0472000000000001
1  1.58e+05  0.3768846528  1.601908e-01 1.0472000000000001
1  1.66e+05  0.3822916003  1.601908e-01 1.0472000000000001
1  1.74e+05  0.3874812912  1.601908e-01 1.0472000000000001
1  1.82e+05  0.3926390313  1.601908e-01 1.0472000000000001
1  1.91e+05  0.3978855986  1.601908e-01 1.0472000000000001
1  2.00e+05  0.4032840487  1.601908e-01 1.0472000000000001
1  2.09e+05  0.4088543638  1.601908e-01 1.0472000000000001
1  2.19e+05  0.4145881456  1.601908e-01 1.0472000000000001
1  2.29e+05  0.4204596196  1.601908e-01 1.0472000000000001
1  2.40e+05  0.4264325452  1.601908e-01 1.0472000000000001
1  2.51e+05  0.4324643106  1.601908e-01 1.0472000000000001
1  2.63e+05  0.4385087152  1.601908e-01 1.0472000000000001
1  2.75e+05  0.4445184107  1.601908e-01 1.0472000000000001
1  2.88e+05  0.4504473113  1.601908e-01 1.0472000000000001
1  3.02e+05  0.4562528495  1.601908e-01 1.0472000000000001
1  3.16e+05  0.4618978092  1.601908e-01 1.0472000000000001
1  3.31e+05  0.4673515289  1.601908e-01 1.0472000000000001
1  3.47e+05  0.472590413  1.601908e-01 1.0472000000000001
1  3.63e+05  0.4775978241  1.601908e-01 1.0472000000000001
1  3.80e+05  0.4823635115  1.601908e-01 1.0472000000000001
1  3.98e+05  0.4868827582  1.601908e-01 1.0472000000000001
1  4.17e+05  0.4911554077  1.601908e-01 1.0472000000000001
1  4.37e+05  0.4951848951  1.601908e-01 1.0472000000000001
1  4.57e+05  0.4989773625  1.601908e-01 1.0472000000000001
1  4.79e+05  0.5025408984  1.601908e-01 1.0472000000000001
1  5.01e+05  0.505884913  1.601908e-01 1.0472000000000001
1  5.25e+05  0.5090196444  1.601908e-01 1.0472000000000001
1  5.50e+05  0.5119557782  1.601908e-01 1.0472000000000001
1  5.75e+05  0.5147041614  1.601908e-01 1.0472000000000001
1  6.03e+05  0.5172755923  1.601908e-01 1.0472000000000001
1  6.31e+05  0.5196806677  1.601908e-01 1.0472000000000001
1  6.61e+05  0.5219296762  1.601908e-01 1.0472000000000001
1  6.92e+05  0.5240325233  1.601908e-01 1.0472000000000001
1  7.24e+05  0.5259986827  1.601908e-01 1.0472000000000001
1  7.59e+05  0.527837166  1.601908e-01 1.0472000000000001
1  7.94e+05  0.5295565073  1.601908e-01 1.0472000000000001
1  8.32e+05  0.5311647575  1.601908e-01 1.0472000000000001
1  8.71e+05  0.5326694875  1.601908e-01 1.0472000000000001
1  9.12e+05  0.5340777974  1.601908e-01 1.0472000000000001
1  9.55e+05  0.5353963299  1.601908e-01 1.0472000000000001
1  1.00e+06  0.5366312874  1.601908e-01 1.0472000000000001
1  1.05e+06  0.5377884512  1.601908e-01 1.0472000000000001
1  1.10e+06  0.5388732023  1.601908e-01 1.0472000000000001
1  1.15e+06  0.5398905432  1.601908e-01 1.0472000000000001
1  1.20e+06  0.5408451197  1.601908e-01 1.0472000000000001
1  1.26e+06  0.5417412431  1.601908e-01 1.0472000000000001
1  1.32e+06  0.5425829119  1.601908e-01 1.0472000000000001
1  1.38e+06  0.5433738325  1.601908e-01 1.0472000000000001
1  1.45e+06  0.54411744  1.601908e-01 1.0472000000000001
1  1.51e+06  0.5448169171  1.601908e-01 1.0472000000000001
1  1.58e+06  0.5454752126  1.601908e-01 1.0472000000000001
1  1.66e+06  0.5460950587  1.601908e-01 1.0472000000000001
1  1.74e+06  0.5466789874  1.601908e-01 1.0472000000000001
1  1.82e+06  0.5472293463  1.601908e-01 1.0472000000000001
1  1.91e+06  0.5477483123  1.601908e-01 1.0472000000000001
1  2.00e+06  0.5482379018  1.601908e-01 1.0472000000000001
1  2.09e+06  0.5486999868  1.601908e-01 1.0472000000000001
1  2.19e+06  0.5491363056  1.601908e-01 1.0472000000000001
1  2.29e+06  0.5495484732  1.601908e-01 1.0472000000000001
1  2.40e+06  0.5499379897  1.601908e-01 1.0472000000000001
1  2.51e+06  0.55030625  1.601908e-01 1.0472000000000001
1  2.63e+06  0.5506545515  1.601908e-01 1.0472000000000001
1  2.75e+06  0.5509841026  1.601908e-01 1.0472000000000001
1  2.88e+06  0.5512960283  1.601908e-01 1.0472000000000001
1  3.02e+06  0.5515913771  1.601908e-01 1.0472000000000001
1  3.16e+06  0.5518711268  1.601908e-01 1.0472000000000001
1  3.31e+06  0.5521361902  1.601908e-01 1.0472000000000001
1  3.47e+06  0.5523874194  1.601908e-01 1.0472000000000001
1  3.63e+06  0.5526256105  1.601908e-01 1.0472000000000001
1  3.80e+06  0.5528515079  1.601908e-01 1.0472000000000001
1  3.98e+06  0.5530658081  1.601908e-01 1.0472000000000001
1  4.17e+06  0.553269163  1.601908e-01 1.0472000000000001
1  4.37e+06  0.5534621833  1.601908e-01 1.0472000000000001
1  4.57e+06  0.5536454412  1.601908e-01 1.0472000000000001
1  4.79e+06  0.5538194736  1.601908e-01 1.0472000000000001
1  5.01e+06  0.5539847843  1.601908e-01 1.0472000000000001
1  5.25e+06  0.5541418462  1.601908e-01 1.0472000000000001
1  5.50e+06  0.5542911036  1.601908e-01 1.0472000000000001
1  5.75e+06  0.5544329742  1.601908e-01 1.0472000000000001
1  6.03e+06  0.5545678507  1.601908e-01 1.0472000000000001
1  6.31e+06  0.5546961029  1.601908e-01 1.0472000000000001
1  6.61e+06  0.5548180788  1.601908e-01 1.0472000000000001
1  6.92e+06  0.5549341062  1.601908e-01 1.0472000000000001
1  7.24e+06  0.555044494  1.601908e-01 1.0472000000000001
1  7.59e+06  0.5551495336  1.601908e-01 1.0472000000000001
1  7.94e+06  0.5552494997  1.601908e-01 1.0472000000000001
1  8.32e+06  0.5553446518  1.601908e-01 1.0472000000000001
1  8.71e+06  0.5554352348  1.601908e-01 1.0472000000000001
1  9.12e+06  0.5555214798  1.601908e-01 1.0472000000000001
1  9.55e+06  0.5556036056  1.601908e-01 1.0472000000000001
1  1.00e+07  0.5556818188  1.601908e-01 1.0472000000000001
