1  1.00e-03  0.556439494  1.643516e-01 1.0744
1  1.05e-03  0.5564382871  1.643516e-01 1.0744
1  1.10e-03  0.556436854  1.643516e-01 1.0744
1  1.15e-03  0.5564355591  1.643516e-01 1.0744
1  1.20e-03  0.5564339854  1.643516e-01 1.0744
1  1.26e-03  0.556432486  1.643516e-01 1.0744
1  1.32e-03  0.5564307793  1.643516e-01 1.0744
1  1.38e-03  0.5564290143  1.643516e-01 1.0744
1  1.45e-03  0.556427226  1.643516e-01 1.0744
1  1.51e-03  0.5564254678  1.643516e-01 1.0744
1  1.58e-03  0.5564233962  1.643516e-01 1.0744
1  1.66e-03  0.5564214056  1.643516e-01 1.0744
1  1.74e-03  0.5564192677  1.643516e-01 1.0744
1  1.82e-03  0.5564169886  1.643516e-01 1.0744
1  1.91e-03  0.55641463  1.643516e-01 1.0744
1  2.00e-03  0.5564121313  1.643516e-01 1.0744
1  2.09e-03  0.5564094996  1.643516e-01 1.0744
1  2.19e-03  0.5564068192  1.643516e-01 1.0744
1  2.29e-03  0.5564040173  1.643516e-01 1.0744
1  2.40e-03  0.5564010773  1.643516e-01 1.0744
1  2.51e-03  0.5563979071  1.643516e-01 1.0744
1  2.63e-03  0.5563946723  1.643516e-01 1.0744
1  2.75e-03  0.5563912477  1.643516e-01 1.0744
1  2.88e-03  0.5563876874  1.643516e-01 1.0744
1  3.02e-03  0.5563839251  1.643516e-01 1.0744
1  3.16e-03  0.5563800427  1.643516e-01 1.0744
1  3.31e-03  0.5563759139  1.643516e-01 1.0744
1  3.47e-03  0.5563716173  1.643516e-01 1.0744
1  3.63e-03  0.5563671311  1.643516e-01 1.0744
1  3.80e-03  0.5563624339  1.643516e-01 1.0744
1  3.98e-03  0.5563574764  1.643516e-01 1.0744
1  4.17e-03  0.5563523287  1.643516e-01 1.0744
1  4.37e-03  0.5563469256  1.643516e-01 1.0744
1  4.57e-03  0.5563412472  1.643516e-01 1.0744
1  4.79e-03  0.5563353194  1.643516e-01 1.0744
1  5.01e-03  0.5563291009  1.643516e-01 1.0744
1  5.25e-03  0.5563226037  1.643516e-01 1.0744
1  5.50e-03  0.556315801  1.643516e-01 1.0744
1  5.75e-03  0.5563086673  1.643516e-01 1.0744
1  6.03e-03  0.5563011884  1.643516e-01 1.0744
1  6.31e-03  0.5562933706  1.643516e-01 1.0744
1  6.61e-03  0.5562851638  1.643516e-01 1.0744
1  6.92e-03  0.5562766108  1.643516e-01 1.0744
1  7.24e-03  0.5562676233  1.643516e-01 1.0744
1  7.59e-03  0.556258188  1.643516e-01 1.0744
1  7.94e-03  0.5562483657  1.643516e-01 1.0744
1  8.32e-03  0.5562380209  1.643516e-01 1.0744
1  8.71e-03  0.5562272168  1.643516e-01 1.0744
1  9.12e-03  0.5562159079  1.643516e-01 1.0744
1  9.55e-03  0.55620407  1.643516e-01 1.0744
1  1.00e-02  0.5561916481  1.643516e-01 1.0744
1  1.05e-02  0.5561786751  1.643516e-01 1.0744
1  1.10e-02  0.5561650351  1.643516e-01 1.0744
1  1.15e-02  0.5561508203  1.643516e-01 1.0744
1  1.20e-02  0.5561358941  1.643516e-01 1.0744
1  1.26e-02  0.5561202479  1.643516e-01 1.0744
1  1.32e-02  0.5561038647  1.643516e-01 1.0744
1  1.38e-02  0.5560867445  1.643516e-01 1.0744
1  1.45e-02  0.5560687641  1.643516e-01 1.0744
1  1.51e-02  0.5560499478  1.643516e-01 1.0744
1  1.58e-02  0.5560302644  1.643516e-01 1.0744
1  1.66e-02  0.5560096729  1.643516e-01 1.0744
1  1.74e-02  0.5559880677  1.643516e-01 1.0744
1  1.82e-02  0.5559654271  1.643516e-01 1.0744
1  1.91e-02  0.5559418068  1.643516e-01 1.0744
1  2.00e-02  0.5559169656  1.643516e-01 1.0744
1  2.09e-02  0.5558909742  1.643516e-01 1.0744
1  2.19e-02  0.5558637281  1.643516e-01 1.0744
1  2.29e-02  0.5558352594  1.643516e-01 1.0744
1  2.40e-02  0.5558053958  1.643516e-01 1.0744
1  2.51e-02  0.5557741799  1.643516e-01 1.0744
1  2.63e-02  0.5557414659  1.643516e-01 1.0744
1  2.75e-02  0.555707181  1.643516e-01 1.0744
1  2.88e-02  0.5556711765  1.643516e-01 1.0744
1  3.02e-02  0.5556336091  1.643516e-01 1.0744
1  3.16e-02  0.5555941183  1.643516e-01 1.0744
1  3.31e-02  0.5555528589  1.643516e-01 1.0744
1  3.47e-02  0.5555096429  1.643516e-01 1.0744
1  3.63e-02  0.5554643297  1.643516e-01 1.0744
1  3.80e-02  0.5554169621  1.643516e-01 1.0744
1  3.98e-02  0.555367271  1.643516e-01 1.0744
1  4.17e-02  0.5553153316  1.643516e-01 1.0744
1  4.37e-02  0.5552606629  1.643516e-01 1.0744
1  4.57e-02  0.5552035968  1.643516e-01 1.0744
1  4.79e-02  0.5551438914  1.643516e-01 1.0744
1  5.01e-02  0.5550812322  1.643516e-01 1.0744
1  5.25e-02  0.555015572  1.643516e-01 1.0744
1  5.50e-02  0.5549466487  1.643516e-01 1.0744
1  5.75e-02  0.5548745607  1.643516e-01 1.0744
1  6.03e-02  0.5547990746  1.643516e-01 1.0744
1  6.31e-02  0.5547202262  1.643516e-01 1.0744
1  6.61e-02  0.5546373255  1.643516e-01 1.0744
1  6.92e-02  0.5545505523  1.643516e-01 1.0744
1  7.24e-02  0.5544594048  1.643516e-01 1.0744
1  7.59e-02  0.5543641851  1.643516e-01 1.0744
1  7.94e-02  0.5542643272  1.643516e-01 1.0744
1  8.32e-02  0.5541597969  1.643516e-01 1.0744
1  8.71e-02  0.5540499648  1.643516e-01 1.0744
1  9.12e-02  0.5539350456  1.643516e-01 1.0744
1  9.55e-02  0.5538149502  1.643516e-01 1.0744
1  1.00e-01  0.553688526  1.643516e-01 1.0744
1  1.05e-01  0.5535561227  1.643516e-01 1.0744
1  1.10e-01  0.5534179442  1.643516e-01 1.0744
1  1.15e-01  0.5532726808  1.643516e-01 1.0744
1  1.20e-01  0.5531202965  1.643516e-01 1.0744
1  1.26e-01  0.5529605421  1.643516e-01 1.0744
1  1.32e-01  0.5527930115  1.643516e-01 1.0744
1  1.38e-01  0.5526180329  1.643516e-01 1.0744
1  1.45e-01  0.5524341088  1.643516e-01 1.0744
1  1.51e-01  0.5522412431  1.643516e-01 1.0744
1  1.58e-01  0.5520389754  1.643516e-01 1.0744
1  1.66e-01  0.5518275842  1.643516e-01 1.0744
1  1.74e-01  0.5516049499  1.643516e-01 1.0744
1  1.82e-01  0.5513723744  1.643516e-01 1.0744
1  1.91e-01  0.5511277851  1.643516e-01 1.0744
1  2.00e-01  0.5508709394  1.643516e-01 1.0744
1  2.09e-01  0.550602569  1.643516e-01 1.0744
1  2.19e-01  0.5503202385  1.643516e-01 1.0744
1  2.29e-01  0.5500249705  1.643516e-01 1.0744
1  2.40e-01  0.5497141585  1.643516e-01 1.0744
1  2.51e-01  0.5493894045  1.643516e-01 1.0744
1  2.63e-01  0.5490468853  1.643516e-01 1.0744
1  2.75e-01  0.5486883103  1.643516e-01 1.0744
1  2.88e-01  0.5483129844  1.643516e-01 1.0744
1  3.02e-01  0.547918417  1.643516e-01 1.0744
1  3.16e-01  0.5475027631  1.643516e-01 1.0744
1  3.31e-01  0.5470689626  1.643516e-01 1.0744
1  3.47e-01  0.5466111539  1.643516e-01 1.0744
1  3.63e-01  0.5461319654  1.643516e-01 1.0744
1  3.80e-01  0.5456276075  1.643516e-01 1.0744
1  3.98e-01  0.5451002092  1.643516e-01 1.0744
1  4.17e-01  0.5445446046  1.643516e-01 1.0744
1  4.37e-01  0.5439605121  1.643516e-01 1.0744
1  4.57e-01  0.5433477246  1.643516e-01 1.0744
1  4.79e-01  0.5427043073  1.643516e-01 1.0744
1  5.01e-01  0.5420260282  1.643516e-01 1.0744
1  5.25e-01  0.5413153856  1.643516e-01 1.0744
1  5.50e-01  0.540568345  1.643516e-01 1.0744
1  5.75e-01  0.539780084  1.643516e-01 1.0744
1  6.03e-01  0.5389556027  1.643516e-01 1.0744
1  6.31e-01  0.5380866928  1.643516e-01 1.0744
1  6.61e-01  0.5371707991  1.643516e-01 1.0744
1  6.92e-01  0.5362090842  1.643516e-01 1.0744
1  7.24e-01  0.5352003593  1.643516e-01 1.0744
1  7.59e-01  0.5341369347  1.643516e-01 1.0744
1  7.94e-01  0.5330143089  1.643516e-01 1.0744
1  8.32e-01  0.5318369432  1.643516e-01 1.0744
1  8.71e-01  0.5305958483  1.643516e-01 1.0744
1  9.12e-01  0.5292936453  1.643516e-01 1.0744
1  9.55e-01  0.5279160001  1.643516e-01 1.0744
1  1.00e+00  0.526469266  1.643516e-01 1.0744
1  1.05e+00  0.5249492965  1.643516e-01 1.0744
1  1.10e+00  0.5233453439  1.643516e-01 1.0744
1  1.15e+00  0.521654413  1.643516e-01 1.0744
1  1.20e+00  0.5198772891  1.643516e-01 1.0744
1  1.26e+00  0.5180005566  1.643516e-01 1.0744
1  1.32e+00  0.5160282425  1.643516e-01 1.0744
1  1.38e+00  0.5139567714  1.643516e-01 1.0744
1  1.45e+00  0.5117685124  1.643516e-01 1.0744
1  1.51e+00  0.5094635526  1.643516e-01 1.0744
1  1.58e+00  0.5070408035  1.643516e-01 1.0744
1  1.66e+00  0.5044885527  1.643516e-01 1.0744
1  1.74e+00  0.5018134774  1.643516e-01 1.0744
1  1.82e+00  0.4989905897  1.643516e-01 1.0744
1  1.91e+00  0.496028215  1.643516e-01 1.0744
1  2.00e+00  0.4929101309  1.643516e-01 1.0744
1  2.09e+00  0.4896458419  1.643516e-01 1.0744
1  2.19e+00  0.4862170914  1.643516e-01 1.0744
1  2.29e+00  0.4826150298  1.643516e-01 1.0744
1  2.40e+00  0.4788609506  1.643516e-01 1.0744
1  2.51e+00  0.4749222905  1.643516e-01 1.0744
1  2.63e+00  0.4708084154  1.643516e-01 1.0744
1  2.75e+00  0.4665221681  1.643516e-01 1.0744
1  2.88e+00  0.4620740449  1.643516e-01 1.0744
1  3.02e+00  0.4574403023  1.643516e-01 1.0744
1  3.16e+00  0.4526417018  1.643516e-01 1.0744
1  3.31e+00  0.4476745418  1.643516e-01 1.0744
1  3.47e+00  0.4425399194  1.643516e-01 1.0744
1  3.63e+00  0.437276  1.643516e-01 1.0744
1  3.80e+00  0.4318886907  1.643516e-01 1.0744
1  3.98e+00  0.4263675024  1.643516e-01 1.0744
1  4.17e+00  0.4207434225  1.643516e-01 1.0744
1  4.37e+00  0.4150599602  1.643516e-01 1.0744
1  4.57e+00  0.4092975176  1.643516e-01 1.0744
1  4.79e+00  0.4035369036  1.643516e-01 1.0744
1  5.01e+00  0.3977470655  1.643516e-01 1.0744
1  5.25e+00  0.3919754634  1.643516e-01 1.0744
1  5.50e+00  0.3862785754  1.643516e-01 1.0744
1  5.75e+00  0.3806379269  1.643516e-01 1.0744
1  6.03e+00  0.3751217177  1.643516e-01 1.0744
1  6.31e+00  0.3697482058  1.643516e-01 1.0744
1  6.61e+00  0.3645012775  1.643516e-01 1.0744
1  6.92e+00  0.3594460587  1.643516e-01 1.0744
1  7.24e+00  0.3545831015  1.643516e-01 1.0744
1  7.59e+00  0.3499178665  1.643516e-01 1.0744
1  7.94e+00  0.3455074431  1.643516e-01 1.0744
1  8.32e+00  0.3413003735  1.643516e-01 1.0744
1  8.71e+00  0.3373161248  1.643516e-01 1.0744
1  9.12e+00  0.333586231  1.643516e-01 1.0744
1  9.55e+00  0.3300780304  1.643516e-01 1.0744
1  1.00e+01  0.3268149038  1.643516e-01 1.0744
1  1.05e+01  0.3237631265  1.643516e-01 1.0744
1  1.10e+01  0.3209568091  1.643516e-01 1.0744
1  1.15e+01  0.318332227  1.643516e-01 1.0744
1  1.20e+01  0.3159198885  1.643516e-01 1.0744
1  1.26e+01  0.3136656868  1.643516e-01 1.0744
1  1.32e+01  0.3115886534  1.643516e-01 1.0744
1  1.38e+01  0.3096995316  1.643516e-01 1.0744
1  1.45e+01  0.3079567451  1.643516e-01 1.0744
1  1.51e+01  0.3063567864  1.643516e-01 1.0744
1  1.58e+01  0.3048792177  1.643516e-01 1.0744
1  1.66e+01  0.3035345577  1.643516e-01 1.0744
1  1.74e+01  0.3022947761  1.643516e-01 1.0744
1  1.82e+01  0.3011380365  1.643516e-01 1.0744
1  1.91e+01  0.3000979208  1.643516e-01 1.0744
1  2.00e+01  0.2991073317  1.643516e-01 1.0744
1  2.09e+01  0.2982300525  1.643516e-01 1.0744
1  2.19e+01  0.297398863  1.643516e-01 1.0744
1  2.29e+01  0.2966386459  1.643516e-01 1.0744
1  2.40e+01  0.2959176021  1.643516e-01 1.0744
1  2.51e+01  0.2952598345  1.643516e-01 1.0744
1  2.63e+01  0.2946249402  1.643516e-01 1.0744
1  2.75e+01  0.2940440246  1.643516e-01 1.0744
1  2.88e+01  0.2934833095  1.643516e-01 1.0744
1  3.02e+01  0.2929285118  1.643516e-01 1.0744
1  3.16e+01  0.2924242843  1.643516e-01 1.0744
1  3.31e+01  0.2919355279  1.643516e-01 1.0744
1  3.47e+01  0.291449054  1.643516e-01 1.0744
1  3.63e+01  0.2909723307  1.643516e-01 1.0744
1  3.80e+01  0.2905160187  1.643516e-01 1.0744
1  3.98e+01  0.2900643487  1.643516e-01 1.0744
1  4.17e+01  0.2896014935  1.643516e-01 1.0744
1  4.37e+01  0.2891266989  1.643516e-01 1.0744
1  4.57e+01  0.2886302143  1.643516e-01 1.0744
1  4.79e+01  0.2881211968  1.643516e-01 1.0744
1  5.01e+01  0.2876039115  1.643516e-01 1.0744
1  5.25e+01  0.2870615647  1.643516e-01 1.0744
1  5.50e+01  0.286467941  1.643516e-01 1.0744
1  5.75e+01  0.2858720225  1.643516e-01 1.0744
1  6.03e+01  0.285206848  1.643516e-01 1.0744
1  6.31e+01  0.2844694902  1.643516e-01 1.0744
1  6.61e+01  0.2836857215  1.643516e-01 1.0744
1  6.92e+01  0.2828483511  1.643516e-01 1.0744
1  7.24e+01  0.2818947294  1.643516e-01 1.0744
1  7.59e+01  0.2808400578  1.643516e-01 1.0744
1  7.94e+01  0.2796601207  1.643516e-01 1.0744
1  8.32e+01  0.2783387381  1.643516e-01 1.0744
1  8.71e+01  0.276837775  1.643516e-01 1.0744
1  9.12e+01  0.2751183692  1.643516e-01 1.0744
1  9.55e+01  0.2731207297  1.643516e-01 1.0744
1  1.00e+02  0.2708380764  1.643516e-01 1.0744
1  1.05e+02  0.2681668629  1.643516e-01 1.0744
1  1.10e+02  0.2650511863  1.643516e-01 1.0744
1  1.15e+02  0.2613292372  1.643516e-01 1.0744
1  1.20e+02  0.2569214082  1.643516e-01 1.0744
1  1.26e+02  0.2516250819  1.643516e-01 1.0744
1  1.32e+02  0.2452479532  1.643516e-01 1.0744
1  1.38e+02  0.2375655977  1.643516e-01 1.0744
1  1.45e+02  0.2282521195  1.643516e-01 1.0744
1  1.51e+02  0.2171011063  1.643516e-01 1.0744
1  1.58e+02  0.2039063616  1.643516e-01 1.0744
1  1.66e+02  0.188609548  1.643516e-01 1.0744
1  1.74e+02  0.1714806295  1.643516e-01 1.0744
1  1.82e+02  0.1531448075  1.643516e-01 1.0744
1  1.91e+02  0.1345512005  1.643516e-01 1.0744
1  2.00e+02  0.1167515602  1.643516e-01 1.0744
1  2.09e+02  0.1006046432  1.643516e-01 1.0744
1  2.19e+02  0.08668336692  1.643516e-01 1.0744
1  2.29e+02  0.07508639132  1.643516e-01 1.0744
1  2.40e+02  0.06568080345  1.643516e-01 1.0744
1  2.51e+02  0.05817611286  1.643516e-01 1.0744
1  2.63e+02  0.05223526981  1.643516e-01 1.0744
1  2.75e+02  0.04753083413  1.643516e-01 1.0744
1  2.88e+02  0.04381914045  1.643516e-01 1.0744
1  3.02e+02  0.04086253524  1.643516e-01 1.0744
1  3.16e+02  0.03850060689  1.643516e-01 1.0744
1  3.31e+02  0.03660542182  1.643516e-01 1.0744
1  3.47e+02  0.03506659287  1.643516e-01 1.0744
1  3.63e+02  0.03381538056  1.643516e-01 1.0744
1  3.80e+02  0.03278436262  1.643516e-01 1.0744
1  3.98e+02  0.03193474509  1.643516e-01 1.0744
1  4.17e+02  0.03122805891  1.643516e-01 1.0744
1  4.37e+02  0.03063892972  1.643516e-01 1.0744
1  4.57e+02  0.03014381861  1.643516e-01 1.0744
1  4.79e+02  0.02972536594  1.643516e-01 1.0744
1  5.01e+02  0.02937065851  1.643516e-01 1.0744
1  5.25e+02  0.02906857364  1.643516e-01 1.0744
1  5.50e+02  0.02881073621  1.643516e-01 1.0744
1  5.75e+02  0.0285877492  1.643516e-01 1.0744
1  6.03e+02  0.02839667086  1.643516e-01 1.0744
1  6.31e+02  0.02823170334  1.643516e-01 1.0744
1  6.61e+02  0.02808976234  1.643516e-01 1.0744
1  6.92e+02  0.02796478938  1.643516e-01 1.0744
1  7.24e+02  0.027853574  1.643516e-01 1.0744
1  7.59e+02  0.02775987935  1.643516e-01 1.0744
1  7.94e+02  0.02767510113  1.643516e-01 1.0744
1  8.32e+02  0.0276035098  1.643516e-01 1.0744
1  8.71e+02  0.02753823136  1.643516e-01 1.0744
1  9.12e+02  0.0274813889  1.643516e-01 1.0744
1  9.55e+02  0.02743248179  1.643516e-01 1.0744
1  1.00e+03  0.02738643498  1.643516e-01 1.0744
1  1.05e+03  0.02734832589  1.643516e-01 1.0744
1  1.10e+03  0.02731368632  1.643516e-01 1.0744
1  1.15e+03  0.02728116986  1.643516e-01 1.0744
1  1.20e+03  0.02725353904  1.643516e-01 1.0744
1  1.26e+03  0.0272295834  1.643516e-01 1.0744
1  1.32e+03  0.02720678014  1.643516e-01 1.0744
1  1.38e+03  0.02718819148  1.643516e-01 1.0744
1  1.45e+03  0.02717038877  1.643516e-01 1.0744
1  1.51e+03  0.02715370791  1.643516e-01 1.0744
1  1.58e+03  0.02714116017  1.643516e-01 1.0744
1  1.66e+03  0.02712885696  1.643516e-01 1.0744
1  1.74e+03  0.02711655152  1.643516e-01 1.0744
1  1.82e+03  0.0271064951  1.643516e-01 1.0744
1  1.91e+03  0.02709703004  1.643516e-01 1.0744
1  2.00e+03  0.02708917913  1.643516e-01 1.0744
1  2.09e+03  0.02708176372  1.643516e-01 1.0744
1  2.19e+03  0.0270756421  1.643516e-01 1.0744
1  2.29e+03  0.02706808299  1.643516e-01 1.0744
1  2.40e+03  0.02706277577  1.643516e-01 1.0744
1  2.51e+03  0.02705885205  1.643516e-01 1.0744
1  2.63e+03  0.02705376187  1.643516e-01 1.0744
1  2.75e+03  0.02705027508  1.643516e-01 1.0744
1  2.88e+03  0.02704675316  1.643516e-01 1.0744
1  3.02e+03  0.02704368139  1.643516e-01 1.0744
1  3.16e+03  0.02704111537  1.643516e-01 1.0744
1  3.31e+03  0.0270377013  1.643516e-01 1.0744
1  3.47e+03  0.02703524042  1.643516e-01 1.0744
1  3.63e+03  0.02703366705  1.643516e-01 1.0744
1  3.80e+03  0.02703179043  1.643516e-01 1.0744
1  3.98e+03  0.02702948765  1.643516e-01 1.0744
1  4.17e+03  0.02702664476  1.643516e-01 1.0744
1  4.37e+03  0.02702330492  1.643516e-01 1.0744
1  4.57e+03  0.02702544067  1.643516e-01 1.0744
1  4.79e+03  0.0270204618  1.643516e-01 1.0744
1  5.01e+03  0.027022191  1.643516e-01 1.0744
1  5.25e+03  0.02702442675  1.643516e-01 1.0744
1  5.50e+03  0.02702628702  1.643516e-01 1.0744
1  5.75e+03  0.02701579035  1.643516e-01 1.0744
1  6.03e+03  0.02702483324  1.643516e-01 1.0744
1  6.31e+03  0.02702516199  1.643516e-01 1.0744
1  6.61e+03  0.02702079782  1.643516e-01 1.0744
1  6.92e+03  0.02702949289  1.643516e-01 1.0744
1  7.24e+03  0.02704278289  1.643516e-01 1.0744
1  7.59e+03  0.02702617944  1.643516e-01 1.0744
1  7.94e+03  0.02708455399  1.643516e-01 1.0744
1  8.32e+03  0.0270917401  1.643516e-01 1.0744
1  8.71e+03  0.02707668764  1.643516e-01 1.0744
1  9.12e+03  0.02713293178  1.643516e-01 1.0744
1  9.55e+03  0.02724952415  1.643516e-01 1.0744
1  1.00e+04  0.02737766532  1.643516e-01 1.0744
1  1.05e+04  0.0274889608  1.643516e-01 1.0744
1  1.10e+04  0.02765581955  1.643516e-01 1.0744
1  1.15e+04  0.02782483739  1.643516e-01 1.0744
1  1.20e+04  0.02812843839  1.643516e-01 1.0744
1  1.26e+04  0.02848096221  1.643516e-01 1.0744
1  1.32e+04  0.02888631107  1.643516e-01 1.0744
1  1.38e+04  0.02936856739  1.643516e-01 1.0744
1  1.45e+04  0.02990256334  1.643516e-01 1.0744
1  1.51e+04  0.03062158923  1.643516e-01 1.0744
1  1.58e+04  0.03168495134  1.643516e-01 1.0744
1  1.66e+04  0.03296366884  1.643516e-01 1.0744
1  1.74e+04  0.03415839909  1.643516e-01 1.0744
1  1.82e+04  0.03538251475  1.643516e-01 1.0744
1  1.91e+04  0.03740149208  1.643516e-01 1.0744
1  2.00e+04  0.03987480738  1.643516e-01 1.0744
1  2.09e+04  0.04171621761  1.643516e-01 1.0744
1  2.19e+04  0.04441365222  1.643516e-01 1.0744
1  2.29e+04  0.04764034154  1.643516e-01 1.0744
1  2.40e+04  0.05065389356  1.643516e-01 1.0744
1  2.51e+04  0.05440855682  1.643516e-01 1.0744
1  2.63e+04  0.05845186071  1.643516e-01 1.0744
1  2.75e+04  0.06260322122  1.643516e-01 1.0744
1  2.88e+04  0.06758228689  1.643516e-01 1.0744
1  3.02e+04  0.07241153294  1.643516e-01 1.0744
1  3.16e+04  0.07786358606  1.643516e-01 1.0744
1  3.31e+04  0.08410920177  1.643516e-01 1.0744
1  3.47e+04  0.08916532569  1.643516e-01 1.0744
1  3.63e+04  0.09701461221  1.643516e-01 1.0744
1  3.80e+04  0.10312267  1.643516e-01 1.0744
1  3.98e+04  0.1092585813  1.643516e-01 1.0744
1  4.17e+04  0.1187785768  1.643516e-01 1.0744
1  4.37e+04  0.1255973928  1.643516e-01 1.0744
1  4.57e+04  0.1317268276  1.643516e-01 1.0744
1  4.79e+04  0.1417382271  1.643516e-01 1.0744
1  5.01e+04  0.1513682933  1.643516e-01 1.0744
1  5.25e+04  0.1581588024  1.643516e-01 1.0744
1  5.50e+04  0.1655460891  1.643516e-01 1.0744
1  5.75e+04  0.1753966204  1.643516e-01 1.0744
1  6.03e+04  0.1861401036  1.643516e-01 1.0744
1  6.31e+04  0.1958039335  1.643516e-01 1.0744
1  6.61e+04  0.2037102039  1.643516e-01 1.0744
1  6.92e+04  0.2108969862  1.643516e-01 1.0744
1  7.24e+04  0.2193281273  1.643516e-01 1.0744
1  7.59e+04  0.2299526733  1.643516e-01 1.0744
1  7.94e+04  0.2416643185  1.643516e-01 1.0744
1  8.32e+04  0.2524675049  1.643516e-01 1.0744
1  8.71e+04  0.2612902828  1.643516e-01 1.0744
1  9.12e+04  0.2685338615  1.643516e-01 1.0744
1  9.55e+04  0.2753511626  1.643516e-01 1.0744
1  1.00e+05  0.2827341266  1.643516e-01 1.0744
1  1.05e+05  0.2911240469  1.643516e-01 1.0744
1  1.10e+05  0.3005003762  1.643516e-01 1.0744
1  1.15e+05  0.3105849677  1.643516e-01 1.0744
1  1.20e+05  0.3209651216  1.643516e-01 1.0744
1  1.26e+05  0.3311685126  1.643516e-01 1.0744
1  1.32e+05  0.3407572685  1.643516e-01 1.0744
1  1.38e+05  0.3494302765  1.643516e-01 1.0744
1  1.45e+05  0.3570828714  1.643516e-01 1.0744
1  1.51e+05  0.3637986474  1.643516e-01 1.0744
1  1.58e+05  0.3697889446  1.643516e-01 1.0744
1  1.66e+05  0.3753147222  1.643516e-01 1.0744
1  1.74e+05  0.3806209219  1.643516e-01 1.0744
1  1.82e+05  0.385898012  1.643516e-01 1.0744
1  1.91e+05  0.3912706108  1.643516e-01 1.0744
1  2.00e+05  0.3968044712  1.643516e-01 1.0744
1  2.09e+05  0.4025212798  1.643516e-01 1.0744
1  2.19e+05  0.408413419  1.643516e-01 1.0744
1  2.29e+05  0.4144550087  1.643516e-01 1.0744
1  2.40e+05  0.4206088882  1.643516e-01 1.0744
1  2.51e+05  0.426830848  1.643516e-01 1.0744
1  2.63e+05  0.4330726065  1.643516e-01 1.0744
1  2.75e+05  0.4392844706  1.643516e-01 1.0744
1  2.88e+05  0.4454179553  1.643516e-01 1.0744
1  3.02e+05  0.4514282093  1.643516e-01 1.0744
1  3.16e+05  0.4572759676  1.643516e-01 1.0744
1  3.31e+05  0.4629288224  1.643516e-01 1.0744
1  3.47e+05  0.4683617583  1.643516e-01 1.0744
1  3.63e+05  0.4735570367  1.643516e-01 1.0744
1  3.80e+05  0.4785035978  1.643516e-01 1.0744
1  3.98e+05  0.4831961691  1.643516e-01 1.0744
1  4.17e+05  0.4876342513  1.643516e-01 1.0744
1  4.37e+05  0.491821111  1.643516e-01 1.0744
1  4.57e+05  0.4957628601  1.643516e-01 1.0744
1  4.79e+05  0.4994676648  1.643516e-01 1.0744
1  5.01e+05  0.5029450959  1.643516e-01 1.0744
1  5.25e+05  0.5062056136  1.643516e-01 1.0744
1  5.50e+05  0.5092601703  1.643516e-01 1.0744
1  5.75e+05  0.5121199112  1.643516e-01 1.0744
1  6.03e+05  0.514795953  1.643516e-01 1.0744
1  6.31e+05  0.5172992228  1.643516e-01 1.0744
1  6.61e+05  0.5196403437  1.643516e-01 1.0744
1  6.92e+05  0.5218295555  1.643516e-01 1.0744
1  7.24e+05  0.5238766612  1.643516e-01 1.0744
1  7.59e+05  0.5257909938  1.643516e-01 1.0744
1  7.94e+05  0.5275813982  1.643516e-01 1.0744
1  8.32e+05  0.529256224  1.643516e-01 1.0744
1  8.71e+05  0.5308233275  1.643516e-01 1.0744
1  9.12e+05  0.53229008  1.643516e-01 1.0744
1  9.55e+05  0.5336633811  1.643516e-01 1.0744
1  1.00e+06  0.5349496756  1.643516e-01 1.0744
1  1.05e+06  0.5361549725  1.643516e-01 1.0744
1  1.10e+06  0.5372848667  1.643516e-01 1.0744
1  1.15e+06  0.5383445609  1.643516e-01 1.0744
1  1.20e+06  0.5393388879  1.643516e-01 1.0744
1  1.26e+06  0.5402723337  1.643516e-01 1.0744
1  1.32e+06  0.5411490593  1.643516e-01 1.0744
1  1.38e+06  0.5419729228  1.643516e-01 1.0744
1  1.45e+06  0.5427475  1.643516e-01 1.0744
1  1.51e+06  0.5434761048  1.643516e-01 1.0744
1  1.58e+06  0.5441618077  1.643516e-01 1.0744
1  1.66e+06  0.5448074541  1.643516e-01 1.0744
1  1.74e+06  0.5454156811  1.643516e-01 1.0744
1  1.82e+06  0.545988934  1.643516e-01 1.0744
1  1.91e+06  0.5465294807  1.643516e-01 1.0744
1  2.00e+06  0.5470394208  1.643516e-01 1.0744
1  2.09e+06  0.5475207058  1.643516e-01 1.0744
1  2.19e+06  0.5479751465  1.643516e-01 1.0744
1  2.29e+06  0.5484044249  1.643516e-01 1.0744
1  2.40e+06  0.5488101048  1.643516e-01 1.0744
1  2.51e+06  0.5491936393  1.643516e-01 1.0744
1  2.63e+06  0.5495563808  1.643516e-01 1.0744
1  2.75e+06  0.5498995876  1.643516e-01 1.0744
1  2.88e+06  0.5502244327  1.643516e-01 1.0744
1  3.02e+06  0.5505320085  1.643516e-01 1.0744
1  3.16e+06  0.5508233341  1.643516e-01 1.0744
1  3.31e+06  0.5510993603  1.643516e-01 1.0744
1  3.47e+06  0.5513609755  1.643516e-01 1.0744
1  3.63e+06  0.5516090089  1.643516e-01 1.0744
1  3.80e+06  0.5518442365  1.643516e-01 1.0744
1  3.98e+06  0.5520673837  1.643516e-01 1.0744
1  4.17e+06  0.5522791302  1.643516e-01 1.0744
1  4.37e+06  0.5524801121  1.643516e-01 1.0744
1  4.57e+06  0.5526709259  1.643516e-01 1.0744
1  4.79e+06  0.5528521308  1.643516e-01 1.0744
1  5.01e+06  0.5530242517  1.643516e-01 1.0744
1  5.25e+06  0.5531877815  1.643516e-01 1.0744
1  5.50e+06  0.553343183  1.643516e-01 1.0744
1  5.75e+06  0.5534908914  1.643516e-01 1.0744
1  6.03e+06  0.5536313161  1.643516e-01 1.0744
1  6.31e+06  0.553764842  1.643516e-01 1.0744
1  6.61e+06  0.5538918318  1.643516e-01 1.0744
1  6.92e+06  0.5540126269  1.643516e-01 1.0744
1  7.24e+06  0.5541275494  1.643516e-01 1.0744
1  7.59e+06  0.5542369026  1.643516e-01 1.0744
1  7.94e+06  0.5543409727  1.643516e-01 1.0744
1  8.32e+06  0.5544400301  1.643516e-01 1.0744
1  8.71e+06  0.5545343297  1.643516e-01 1.0744
1  9.12e+06  0.5546241125  1.643516e-01 1.0744
1  9.55e+06  0.5547096061  1.643516e-01 1.0744
1  1.00e+07  0.5547910259  1.643516e-01 1.0744
