1  1.00e-03  0.5610165541  1.399987e-01 0.9152
1  1.05e-03  0.5610153385  1.399987e-01 0.9152
1  1.10e-03  0.5610138911  1.399987e-01 0.9152
1  1.15e-03  0.5610125633  1.399987e-01 0.9152
1  1.20e-03  0.5610109987  1.399987e-01 0.9152
1  1.26e-03  0.561009478  1.399987e-01 0.9152
1  1.32e-03  0.5610077461  1.399987e-01 0.9152
1  1.38e-03  0.5610059736  1.399987e-01 0.9152
1  1.45e-03  0.5610041712  1.399987e-01 0.9152
1  1.51e-03  0.5610023973  1.399987e-01 0.9152
1  1.58e-03  0.5610003129  1.399987e-01 0.9152
1  1.66e-03  0.5609982959  1.399987e-01 0.9152
1  1.74e-03  0.5609961411  1.399987e-01 0.9152
1  1.82e-03  0.5609938442  1.399987e-01 0.9152
1  1.91e-03  0.5609914795  1.399987e-01 0.9152
1  2.00e-03  0.5609889609  1.399987e-01 0.9152
1  2.09e-03  0.5609862977  1.399987e-01 0.9152
1  2.19e-03  0.5609835867  1.399987e-01 0.9152
1  2.29e-03  0.5609807638  1.399987e-01 0.9152
1  2.40e-03  0.5609778036  1.399987e-01 0.9152
1  2.51e-03  0.5609746018  1.399987e-01 0.9152
1  2.63e-03  0.5609713424  1.399987e-01 0.9152
1  2.75e-03  0.5609678894  1.399987e-01 0.9152
1  2.88e-03  0.5609643012  1.399987e-01 0.9152
1  3.02e-03  0.5609605071  1.399987e-01 0.9152
1  3.16e-03  0.5609566001  1.399987e-01 0.9152
1  3.31e-03  0.5609524307  1.399987e-01 0.9152
1  3.47e-03  0.5609480999  1.399987e-01 0.9152
1  3.63e-03  0.5609435807  1.399987e-01 0.9152
1  3.80e-03  0.56093885  1.399987e-01 0.9152
1  3.98e-03  0.5609338482  1.399987e-01 0.9152
1  4.17e-03  0.560928662  1.399987e-01 0.9152
1  4.37e-03  0.5609232152  1.399987e-01 0.9152
1  4.57e-03  0.5609174902  1.399987e-01 0.9152
1  4.79e-03  0.5609115122  1.399987e-01 0.9152
1  5.01e-03  0.5609052484  1.399987e-01 0.9152
1  5.25e-03  0.560898701  1.399987e-01 0.9152
1  5.50e-03  0.560891839  1.399987e-01 0.9152
1  5.75e-03  0.5608846489  1.399987e-01 0.9152
1  6.03e-03  0.5608771138  1.399987e-01 0.9152
1  6.31e-03  0.560869231  1.399987e-01 0.9152
1  6.61e-03  0.5608609594  1.399987e-01 0.9152
1  6.92e-03  0.5608523382  1.399987e-01 0.9152
1  7.24e-03  0.56084328  1.399987e-01 0.9152
1  7.59e-03  0.5608337701  1.399987e-01 0.9152
1  7.94e-03  0.5608238698  1.399987e-01 0.9152
1  8.32e-03  0.5608134449  1.399987e-01 0.9152
1  8.71e-03  0.5608025509  1.399987e-01 0.9152
1  9.12e-03  0.560791156  1.399987e-01 0.9152
1  9.55e-03  0.560779224  1.399987e-01 0.9152
1  1.00e-02  0.5607667004  1.399987e-01 0.9152
1  1.05e-02  0.5607536269  1.399987e-01 0.9152
1  1.10e-02  0.5607398787  1.399987e-01 0.9152
1  1.15e-02  0.56072555  1.399987e-01 0.9152
1  1.20e-02  0.5607105069  1.399987e-01 0.9152
1  1.26e-02  0.5606947315  1.399987e-01 0.9152
1  1.32e-02  0.5606782237  1.399987e-01 0.9152
1  1.38e-02  0.5606609677  1.399987e-01 0.9152
1  1.45e-02  0.5606428446  1.399987e-01 0.9152
1  1.51e-02  0.5606238771  1.399987e-01 0.9152
1  1.58e-02  0.5606040378  1.399987e-01 0.9152
1  1.66e-02  0.5605832846  1.399987e-01 0.9152
1  1.74e-02  0.5605615014  1.399987e-01 0.9152
1  1.82e-02  0.5605386861  1.399987e-01 0.9152
1  1.91e-02  0.560514874  1.399987e-01 0.9152
1  2.00e-02  0.5604898417  1.399987e-01 0.9152
1  2.09e-02  0.5604636354  1.399987e-01 0.9152
1  2.19e-02  0.5604361751  1.399987e-01 0.9152
1  2.29e-02  0.5604074764  1.399987e-01 0.9152
1  2.40e-02  0.5603773847  1.399987e-01 0.9152
1  2.51e-02  0.5603459103  1.399987e-01 0.9152
1  2.63e-02  0.5603129383  1.399987e-01 0.9152
1  2.75e-02  0.5602783846  1.399987e-01 0.9152
1  2.88e-02  0.5602420982  1.399987e-01 0.9152
1  3.02e-02  0.5602042188  1.399987e-01 0.9152
1  3.16e-02  0.5601644206  1.399987e-01 0.9152
1  3.31e-02  0.5601228257  1.399987e-01 0.9152
1  3.47e-02  0.5600792631  1.399987e-01 0.9152
1  3.63e-02  0.5600335926  1.399987e-01 0.9152
1  3.80e-02  0.5599858407  1.399987e-01 0.9152
1  3.98e-02  0.5599357727  1.399987e-01 0.9152
1  4.17e-02  0.5598834078  1.399987e-01 0.9152
1  4.37e-02  0.5598282947  1.399987e-01 0.9152
1  4.57e-02  0.5597707671  1.399987e-01 0.9152
1  4.79e-02  0.5597105901  1.399987e-01 0.9152
1  5.01e-02  0.5596474404  1.399987e-01 0.9152
1  5.25e-02  0.5595812586  1.399987e-01 0.9152
1  5.50e-02  0.559511786  1.399987e-01 0.9152
1  5.75e-02  0.5594391148  1.399987e-01 0.9152
1  6.03e-02  0.5593630241  1.399987e-01 0.9152
1  6.31e-02  0.5592835238  1.399987e-01 0.9152
1  6.61e-02  0.5591999841  1.399987e-01 0.9152
1  6.92e-02  0.5591124781  1.399987e-01 0.9152
1  7.24e-02  0.559020594  1.399987e-01 0.9152
1  7.59e-02  0.5589246012  1.399987e-01 0.9152
1  7.94e-02  0.5588239921  1.399987e-01 0.9152
1  8.32e-02  0.5587186148  1.399987e-01 0.9152
1  8.71e-02  0.5586079022  1.399987e-01 0.9152
1  9.12e-02  0.5584919965  1.399987e-01 0.9152
1  9.55e-02  0.5583709495  1.399987e-01 0.9152
1  1.00e-01  0.5582435472  1.399987e-01 0.9152
1  1.05e-01  0.5581100158  1.399987e-01 0.9152
1  1.10e-01  0.5579707361  1.399987e-01 0.9152
1  1.15e-01  0.5578242972  1.399987e-01 0.9152
1  1.20e-01  0.5576707081  1.399987e-01 0.9152
1  1.26e-01  0.5575096648  1.399987e-01 0.9152
1  1.32e-01  0.5573407342  1.399987e-01 0.9152
1  1.38e-01  0.5571643566  1.399987e-01 0.9152
1  1.45e-01  0.5569789437  1.399987e-01 0.9152
1  1.51e-01  0.5567843468  1.399987e-01 0.9152
1  1.58e-01  0.5565805796  1.399987e-01 0.9152
1  1.66e-01  0.5563673826  1.399987e-01 0.9152
1  1.74e-01  0.5561430068  1.399987e-01 0.9152
1  1.82e-01  0.5559084359  1.399987e-01 0.9152
1  1.91e-01  0.5556616868  1.399987e-01 0.9152
1  2.00e-01  0.5554028288  1.399987e-01 0.9152
1  2.09e-01  0.5551320946  1.399987e-01 0.9152
1  2.19e-01  0.554847472  1.399987e-01 0.9152
1  2.29e-01  0.5545496649  1.399987e-01 0.9152
1  2.40e-01  0.5542363047  1.399987e-01 0.9152
1  2.51e-01  0.5539089839  1.399987e-01 0.9152
1  2.63e-01  0.553563447  1.399987e-01 0.9152
1  2.75e-01  0.5532019062  1.399987e-01 0.9152
1  2.88e-01  0.5528232507  1.399987e-01 0.9152
1  3.02e-01  0.5524255789  1.399987e-01 0.9152
1  3.16e-01  0.5520066036  1.399987e-01 0.9152
1  3.31e-01  0.551568948  1.399987e-01 0.9152
1  3.47e-01  0.5511069672  1.399987e-01 0.9152
1  3.63e-01  0.5506235511  1.399987e-01 0.9152
1  3.80e-01  0.5501152165  1.399987e-01 0.9152
1  3.98e-01  0.5495834454  1.399987e-01 0.9152
1  4.17e-01  0.5490231804  1.399987e-01 0.9152
1  4.37e-01  0.5484342862  1.399987e-01 0.9152
1  4.57e-01  0.54781507  1.399987e-01 0.9152
1  4.79e-01  0.5471662501  1.399987e-01 0.9152
1  5.01e-01  0.5464819094  1.399987e-01 0.9152
1  5.25e-01  0.5457647811  1.399987e-01 0.9152
1  5.50e-01  0.5450112373  1.399987e-01 0.9152
1  5.75e-01  0.544217111  1.399987e-01 0.9152
1  6.03e-01  0.5433838932  1.399987e-01 0.9152
1  6.31e-01  0.542508735  1.399987e-01 0.9152
1  6.61e-01  0.5415852588  1.399987e-01 0.9152
1  6.92e-01  0.5406146403  1.399987e-01 0.9152
1  7.24e-01  0.5395964287  1.399987e-01 0.9152
1  7.59e-01  0.538522175  1.399987e-01 0.9152
1  7.94e-01  0.5373899659  1.399987e-01 0.9152
1  8.32e-01  0.5362038431  1.399987e-01 0.9152
1  8.71e-01  0.5349513475  1.399987e-01 0.9152
1  9.12e-01  0.5336357313  1.399987e-01 0.9152
1  9.55e-01  0.5322464144  1.399987e-01 0.9152
1  1.00e+00  0.5307858175  1.399987e-01 0.9152
1  1.05e+00  0.5292517531  1.399987e-01 0.9152
1  1.10e+00  0.5276328741  1.399987e-01 0.9152
1  1.15e+00  0.525928195  1.399987e-01 0.9152
1  1.20e+00  0.5241329182  1.399987e-01 0.9152
1  1.26e+00  0.5222407273  1.399987e-01 0.9152
1  1.32e+00  0.5202475969  1.399987e-01 0.9152
1  1.38e+00  0.5181521419  1.399987e-01 0.9152
1  1.45e+00  0.5159470397  1.399987e-01 0.9152
1  1.51e+00  0.5136244647  1.399987e-01 0.9152
1  1.58e+00  0.5111726593  1.399987e-01 0.9152
1  1.66e+00  0.5086022512  1.399987e-01 0.9152
1  1.74e+00  0.5058924919  1.399987e-01 0.9152
1  1.82e+00  0.5030493302  1.399987e-01 0.9152
1  1.91e+00  0.5000544632  1.399987e-01 0.9152
1  2.00e+00  0.4969117109  1.399987e-01 0.9152
1  2.09e+00  0.4936111934  1.399987e-01 0.9152
1  2.19e+00  0.4901499989  1.399987e-01 0.9152
1  2.29e+00  0.4865330704  1.399987e-01 0.9152
1  2.40e+00  0.4827290611  1.399987e-01 0.9152
1  2.51e+00  0.4787669947  1.399987e-01 0.9152
1  2.63e+00  0.4746262971  1.399987e-01 0.9152
1  2.75e+00  0.4703116008  1.399987e-01 0.9152
1  2.88e+00  0.4658124814  1.399987e-01 0.9152
1  3.02e+00  0.4611399033  1.399987e-01 0.9152
1  3.16e+00  0.4563102512  1.399987e-01 0.9152
1  3.31e+00  0.4513169675  1.399987e-01 0.9152
1  3.47e+00  0.446159585  1.399987e-01 0.9152
1  3.63e+00  0.4408560024  1.399987e-01 0.9152
1  3.80e+00  0.4354429704  1.399987e-01 0.9152
1  3.98e+00  0.4299034941  1.399987e-01 0.9152
1  4.17e+00  0.4242498536  1.399987e-01 0.9152
1  4.37e+00  0.4185498873  1.399987e-01 0.9152
1  4.57e+00  0.4127752443  1.399987e-01 0.9152
1  4.79e+00  0.4070039297  1.399987e-01 0.9152
1  5.01e+00  0.4012040392  1.399987e-01 0.9152
1  5.25e+00  0.3954468011  1.399987e-01 0.9152
1  5.50e+00  0.3897560474  1.399987e-01 0.9152
1  5.75e+00  0.3841254855  1.399987e-01 0.9152
1  6.03e+00  0.3786124981  1.399987e-01 0.9152
1  6.31e+00  0.3732401007  1.399987e-01 0.9152
1  6.61e+00  0.3680345172  1.399987e-01 0.9152
1  6.92e+00  0.3630086034  1.399987e-01 0.9152
1  7.24e+00  0.3581779713  1.399987e-01 0.9152
1  7.59e+00  0.3535686487  1.399987e-01 0.9152
1  7.94e+00  0.3491556792  1.399987e-01 0.9152
1  8.32e+00  0.3449835639  1.399987e-01 0.9152
1  8.71e+00  0.3410511172  1.399987e-01 0.9152
1  9.12e+00  0.3373803446  1.399987e-01 0.9152
1  9.55e+00  0.3339106244  1.399987e-01 0.9152
1  1.00e+01  0.3306762964  1.399987e-01 0.9152
1  1.05e+01  0.3276692843  1.399987e-01 0.9152
1  1.10e+01  0.3248944033  1.399987e-01 0.9152
1  1.15e+01  0.3223112928  1.399987e-01 0.9152
1  1.20e+01  0.3199329424  1.399987e-01 0.9152
1  1.26e+01  0.3176803683  1.399987e-01 0.9152
1  1.32e+01  0.3156781924  1.399987e-01 0.9152
1  1.38e+01  0.3138114961  1.399987e-01 0.9152
1  1.45e+01  0.3121367885  1.399987e-01 0.9152
1  1.51e+01  0.3105483561  1.399987e-01 0.9152
1  1.58e+01  0.3091266726  1.399987e-01 0.9152
1  1.66e+01  0.3077991122  1.399987e-01 0.9152
1  1.74e+01  0.3065889865  1.399987e-01 0.9152
1  1.82e+01  0.3055062654  1.399987e-01 0.9152
1  1.91e+01  0.3044644948  1.399987e-01 0.9152
1  2.00e+01  0.3035410696  1.399987e-01 0.9152
1  2.09e+01  0.3026960471  1.399987e-01 0.9152
1  2.19e+01  0.3018791722  1.399987e-01 0.9152
1  2.29e+01  0.301171626  1.399987e-01 0.9152
1  2.40e+01  0.3004894418  1.399987e-01 0.9152
1  2.51e+01  0.2998616375  1.399987e-01 0.9152
1  2.63e+01  0.2992681159  1.399987e-01 0.9152
1  2.75e+01  0.2987285305  1.399987e-01 0.9152
1  2.88e+01  0.2982050549  1.399987e-01 0.9152
1  3.02e+01  0.2977068281  1.399987e-01 0.9152
1  3.16e+01  0.2972347699  1.399987e-01 0.9152
1  3.31e+01  0.296791579  1.399987e-01 0.9152
1  3.47e+01  0.2963651258  1.399987e-01 0.9152
1  3.63e+01  0.2959642253  1.399987e-01 0.9152
1  3.80e+01  0.2955684457  1.399987e-01 0.9152
1  3.98e+01  0.2951572333  1.399987e-01 0.9152
1  4.17e+01  0.2947477396  1.399987e-01 0.9152
1  4.37e+01  0.2943462314  1.399987e-01 0.9152
1  4.57e+01  0.2939508438  1.399987e-01 0.9152
1  4.79e+01  0.2935409297  1.399987e-01 0.9152
1  5.01e+01  0.2931030694  1.399987e-01 0.9152
1  5.25e+01  0.292647392  1.399987e-01 0.9152
1  5.50e+01  0.2921930874  1.399987e-01 0.9152
1  5.75e+01  0.2916728469  1.399987e-01 0.9152
1  6.03e+01  0.2911392109  1.399987e-01 0.9152
1  6.31e+01  0.2905797853  1.399987e-01 0.9152
1  6.61e+01  0.2899424853  1.399987e-01 0.9152
1  6.92e+01  0.2892728175  1.399987e-01 0.9152
1  7.24e+01  0.2885117157  1.399987e-01 0.9152
1  7.59e+01  0.2876562735  1.399987e-01 0.9152
1  7.94e+01  0.2867134761  1.399987e-01 0.9152
1  8.32e+01  0.285647546  1.399987e-01 0.9152
1  8.71e+01  0.2844390855  1.399987e-01 0.9152
1  9.12e+01  0.2830310114  1.399987e-01 0.9152
1  9.55e+01  0.2814180318  1.399987e-01 0.9152
1  1.00e+02  0.2795208596  1.399987e-01 0.9152
1  1.05e+02  0.2773097359  1.399987e-01 0.9152
1  1.10e+02  0.2746547007  1.399987e-01 0.9152
1  1.15e+02  0.271494141  1.399987e-01 0.9152
1  1.20e+02  0.2676413468  1.399987e-01 0.9152
1  1.26e+02  0.2629153893  1.399987e-01 0.9152
1  1.32e+02  0.2570605016  1.399987e-01 0.9152
1  1.38e+02  0.2498117224  1.399987e-01 0.9152
1  1.45e+02  0.240702338  1.399987e-01 0.9152
1  1.51e+02  0.2293044502  1.399987e-01 0.9152
1  1.58e+02  0.2151874118  1.399987e-01 0.9152
1  1.66e+02  0.1980568633  1.399987e-01 0.9152
1  1.74e+02  0.1780393939  1.399987e-01 0.9152
1  1.82e+02  0.1559201227  1.399987e-01 0.9152
1  1.91e+02  0.1331707893  1.399987e-01 0.9152
1  2.00e+02  0.1115503491  1.399987e-01 0.9152
1  2.09e+02  0.0924809739  1.399987e-01 0.9152
1  2.19e+02  0.07664894562  1.399987e-01 0.9152
1  2.29e+02  0.06407978321  1.399987e-01 0.9152
1  2.40e+02  0.05435439704  1.399987e-01 0.9152
1  2.51e+02  0.04691431613  1.399987e-01 0.9152
1  2.63e+02  0.04124090774  1.399987e-01 0.9152
1  2.75e+02  0.03691072636  1.399987e-01 0.9152
1  2.88e+02  0.03356476239  1.399987e-01 0.9152
1  3.02e+02  0.03097517946  1.399987e-01 0.9152
1  3.16e+02  0.02894456755  1.399987e-01 0.9152
1  3.31e+02  0.02733455887  1.399987e-01 0.9152
1  3.47e+02  0.02604911007  1.399987e-01 0.9152
1  3.63e+02  0.02501388801  1.399987e-01 0.9152
1  3.80e+02  0.02416970484  1.399987e-01 0.9152
1  3.98e+02  0.02348088635  1.399987e-01 0.9152
1  4.17e+02  0.02291262679  1.399987e-01 0.9152
1  4.37e+02  0.02244250114  1.399987e-01 0.9152
1  4.57e+02  0.02204710456  1.399987e-01 0.9152
1  4.79e+02  0.0217134231  1.399987e-01 0.9152
1  5.01e+02  0.02143325771  1.399987e-01 0.9152
1  5.25e+02  0.02119577478  1.399987e-01 0.9152
1  5.50e+02  0.02099471745  1.399987e-01 0.9152
1  5.75e+02  0.02082059561  1.399987e-01 0.9152
1  6.03e+02  0.0206715167  1.399987e-01 0.9152
1  6.31e+02  0.02054245688  1.399987e-01 0.9152
1  6.61e+02  0.02042967476  1.399987e-01 0.9152
1  6.92e+02  0.02033220963  1.399987e-01 0.9152
1  7.24e+02  0.02024906999  1.399987e-01 0.9152
1  7.59e+02  0.02017447581  1.399987e-01 0.9152
1  7.94e+02  0.02010942241  1.399987e-01 0.9152
1  8.32e+02  0.02005479671  1.399987e-01 0.9152
1  8.71e+02  0.02000481578  1.399987e-01 0.9152
1  9.12e+02  0.01995994897  1.399987e-01 0.9152
1  9.55e+02  0.01992148565  1.399987e-01 0.9152
1  1.00e+03  0.01988677273  1.399987e-01 0.9152
1  1.05e+03  0.01985655594  1.399987e-01 0.9152
1  1.10e+03  0.01982998536  1.399987e-01 0.9152
1  1.15e+03  0.01980693388  1.399987e-01 0.9152
1  1.20e+03  0.0197859439  1.399987e-01 0.9152
1  1.26e+03  0.01976626048  1.399987e-01 0.9152
1  1.32e+03  0.01974896384  1.399987e-01 0.9152
1  1.38e+03  0.01973500027  1.399987e-01 0.9152
1  1.45e+03  0.01972130761  1.399987e-01 0.9152
1  1.51e+03  0.01970902116  1.399987e-01 0.9152
1  1.58e+03  0.01969756229  1.399987e-01 0.9152
1  1.66e+03  0.01968799283  1.399987e-01 0.9152
1  1.74e+03  0.01967934553  1.399987e-01 0.9152
1  1.82e+03  0.01967251013  1.399987e-01 0.9152
1  1.91e+03  0.01966478963  1.399987e-01 0.9152
1  2.00e+03  0.01965948457  1.399987e-01 0.9152
1  2.09e+03  0.01965320628  1.399987e-01 0.9152
1  2.19e+03  0.01964799587  1.399987e-01 0.9152
1  2.29e+03  0.01964433278  1.399987e-01 0.9152
1  2.40e+03  0.01964002634  1.399987e-01 0.9152
1  2.51e+03  0.01963522051  1.399987e-01 0.9152
1  2.63e+03  0.01963201442  1.399987e-01 0.9152
1  2.75e+03  0.01962857184  1.399987e-01 0.9152
1  2.88e+03  0.01962650933  1.399987e-01 0.9152
1  3.02e+03  0.01962570244  1.399987e-01 0.9152
1  3.16e+03  0.01962169375  1.399987e-01 0.9152
1  3.31e+03  0.01962300152  1.399987e-01 0.9152
1  3.47e+03  0.01961660653  1.399987e-01 0.9152
1  3.63e+03  0.01961824608  1.399987e-01 0.9152
1  3.80e+03  0.01961626593  1.399987e-01 0.9152
1  3.98e+03  0.0196118455  1.399987e-01 0.9152
1  4.17e+03  0.01960409717  1.399987e-01 0.9152
1  4.37e+03  0.01960428109  1.399987e-01 0.9152
1  4.57e+03  0.01960144272  1.399987e-01 0.9152
1  4.79e+03  0.01959997225  1.399987e-01 0.9152
1  5.01e+03  0.01960505274  1.399987e-01 0.9152
1  5.25e+03  0.01963016482  1.399987e-01 0.9152
1  5.50e+03  0.01966554882  1.399987e-01 0.9152
1  5.75e+03  0.01964065441  1.399987e-01 0.9152
1  6.03e+03  0.01965042564  1.399987e-01 0.9152
1  6.31e+03  0.01974389205  1.399987e-01 0.9152
1  6.61e+03  0.01969917235  1.399987e-01 0.9152
1  6.92e+03  0.01986247049  1.399987e-01 0.9152
1  7.24e+03  0.01981455163  1.399987e-01 0.9152
1  7.59e+03  0.02003602221  1.399987e-01 0.9152
1  7.94e+03  0.02013338521  1.399987e-01 0.9152
1  8.32e+03  0.0202180752  1.399987e-01 0.9152
1  8.71e+03  0.02056854436  1.399987e-01 0.9152
1  9.12e+03  0.02091563414  1.399987e-01 0.9152
1  9.55e+03  0.02118551819  1.399987e-01 0.9152
1  1.00e+04  0.02155228689  1.399987e-01 0.9152
1  1.05e+04  0.0220613474  1.399987e-01 0.9152
1  1.10e+04  0.02278178805  1.399987e-01 0.9152
1  1.15e+04  0.02362790314  1.399987e-01 0.9152
1  1.20e+04  0.02469121592  1.399987e-01 0.9152
1  1.26e+04  0.02578108245  1.399987e-01 0.9152
1  1.32e+04  0.02710650483  1.399987e-01 0.9152
1  1.38e+04  0.02880996402  1.399987e-01 0.9152
1  1.45e+04  0.03093537586  1.399987e-01 0.9152
1  1.51e+04  0.03337660091  1.399987e-01 0.9152
1  1.58e+04  0.0358637409  1.399987e-01 0.9152
1  1.66e+04  0.03835524653  1.399987e-01 0.9152
1  1.74e+04  0.04121407753  1.399987e-01 0.9152
1  1.82e+04  0.04478544583  1.399987e-01 0.9152
1  1.91e+04  0.04873431249  1.399987e-01 0.9152
1  2.00e+04  0.05271955969  1.399987e-01 0.9152
1  2.09e+04  0.05760111083  1.399987e-01 0.9152
1  2.19e+04  0.06226104399  1.399987e-01 0.9152
1  2.29e+04  0.06732639655  1.399987e-01 0.9152
1  2.40e+04  0.07372797541  1.399987e-01 0.9152
1  2.51e+04  0.0786686773  1.399987e-01 0.9152
1  2.63e+04  0.08624394036  1.399987e-01 0.9152
1  2.75e+04  0.09172091225  1.399987e-01 0.9152
1  2.88e+04  0.1000090991  1.399987e-01 0.9152
1  3.02e+04  0.1061542202  1.399987e-01 0.9152
1  3.16e+04  0.1148178226  1.399987e-01 0.9152
1  3.31e+04  0.1222292329  1.399987e-01 0.9152
1  3.47e+04  0.1301239551  1.399987e-01 0.9152
1  3.63e+04  0.1395085143  1.399987e-01 0.9152
1  3.80e+04  0.1473122551  1.399987e-01 0.9152
1  3.98e+04  0.1556494936  1.399987e-01 0.9152
1  4.17e+04  0.166245908  1.399987e-01 0.9152
1  4.37e+04  0.1746285966  1.399987e-01 0.9152
1  4.57e+04  0.1821570557  1.399987e-01 0.9152
1  4.79e+04  0.1932103713  1.399987e-01 0.9152
1  5.01e+04  0.2039126457  1.399987e-01 0.9152
1  5.25e+04  0.2113544552  1.399987e-01 0.9152
1  5.50e+04  0.2194146051  1.399987e-01 0.9152
1  5.75e+04  0.2302094071  1.399987e-01 0.9152
1  6.03e+04  0.24134873  1.399987e-01 0.9152
1  6.31e+04  0.2507931855  1.399987e-01 0.9152
1  6.61e+04  0.2587302916  1.399987e-01 0.9152
1  6.92e+04  0.2663987697  1.399987e-01 0.9152
1  7.24e+04  0.2751021674  1.399987e-01 0.9152
1  7.59e+04  0.2853771697  1.399987e-01 0.9152
1  7.94e+04  0.2963700622  1.399987e-01 0.9152
1  8.32e+04  0.3064856131  1.399987e-01 0.9152
1  8.71e+04  0.3147899272  1.399987e-01 0.9152
1  9.12e+04  0.3216177212  1.399987e-01 0.9152
1  9.55e+04  0.3280308747  1.399987e-01 0.9152
1  1.00e+05  0.3349545953  1.399987e-01 0.9152
1  1.05e+05  0.3427522166  1.399987e-01 0.9152
1  1.10e+05  0.3513163103  1.399987e-01 0.9152
1  1.15e+05  0.3603281677  1.399987e-01 0.9152
1  1.20e+05  0.369420786  1.399987e-01 0.9152
1  1.26e+05  0.3782358571  1.399987e-01 0.9152
1  1.32e+05  0.3864627637  1.399987e-01 0.9152
1  1.38e+05  0.3938920009  1.399987e-01 0.9152
1  1.45e+05  0.4004556906  1.399987e-01 0.9152
1  1.51e+05  0.4062270234  1.399987e-01 0.9152
1  1.58e+05  0.4113795169  1.399987e-01 0.9152
1  1.66e+05  0.4161279712  1.399987e-01 0.9152
1  1.74e+05  0.4206751637  1.399987e-01 0.9152
1  1.82e+05  0.4251786091  1.399987e-01 0.9152
1  1.91e+05  0.4297396961  1.399987e-01 0.9152
1  2.00e+05  0.4344092131  1.399987e-01 0.9152
1  2.09e+05  0.4392005135  1.399987e-01 0.9152
1  2.19e+05  0.4441031462  1.399987e-01 0.9152
1  2.29e+05  0.4490931883  1.399987e-01 0.9152
1  2.40e+05  0.4541396108  1.399987e-01 0.9152
1  2.51e+05  0.4592077336  1.399987e-01 0.9152
1  2.63e+05  0.4642612056  1.399987e-01 0.9152
1  2.75e+05  0.4692635455  1.399987e-01 0.9152
1  2.88e+05  0.4741796786  1.399987e-01 0.9152
1  3.02e+05  0.4789774571  1.399987e-01 0.9152
1  3.16e+05  0.4836289646  1.399987e-01 0.9152
1  3.31e+05  0.4881114097  1.399987e-01 0.9152
1  3.47e+05  0.4924075233  1.399987e-01 0.9152
1  3.63e+05  0.4965054842  1.399987e-01 0.9152
1  3.80e+05  0.5003984787  1.399987e-01 0.9152
1  3.98e+05  0.5040840289  1.399987e-01 0.9152
1  4.17e+05  0.5075632177  1.399987e-01 0.9152
1  4.37e+05  0.5108399128  1.399987e-01 0.9152
1  4.57e+05  0.513920055  1.399987e-01 0.9152
1  4.79e+05  0.5168110463  1.399987e-01 0.9152
1  5.01e+05  0.5195212493  1.399987e-01 0.9152
1  5.25e+05  0.522059593  1.399987e-01 0.9152
1  5.50e+05  0.5244352728  1.399987e-01 0.9152
1  5.75e+05  0.526657527  1.399987e-01 0.9152
1  6.03e+05  0.5287354764  1.399987e-01 0.9152
1  6.31e+05  0.5306780106  1.399987e-01 0.9152
1  6.61e+05  0.5324937099  1.399987e-01 0.9152
1  6.92e+05  0.5341907944  1.399987e-01 0.9152
1  7.24e+05  0.5357770919  1.399987e-01 0.9152
1  7.59e+05  0.537260021  1.399987e-01 0.9152
1  7.94e+05  0.5386465842  1.399987e-01 0.9152
1  8.32e+05  0.5399433693  1.399987e-01 0.9152
1  8.71e+05  0.5411565561  1.399987e-01 0.9152
1  9.12e+05  0.5422919276  1.399987e-01 0.9152
1  9.55e+05  0.5433548843  1.399987e-01 0.9152
1  1.00e+06  0.5443504604  1.399987e-01 0.9152
1  1.05e+06  0.5452833418  1.399987e-01 0.9152
1  1.10e+06  0.5461578842  1.399987e-01 0.9152
1  1.15e+06  0.5469781327  1.399987e-01 0.9152
1  1.20e+06  0.5477478402  1.399987e-01 0.9152
1  1.26e+06  0.5484704864  1.399987e-01 0.9152
1  1.32e+06  0.5491492963  1.399987e-01 0.9152
1  1.38e+06  0.5497872572  1.399987e-01 0.9152
1  1.45e+06  0.5503871362  1.399987e-01 0.9152
1  1.51e+06  0.5509514958  1.399987e-01 0.9152
1  1.58e+06  0.5514827093  1.399987e-01 0.9152
1  1.66e+06  0.5519829747  1.399987e-01 0.9152
1  1.74e+06  0.5524543286  1.399987e-01 0.9152
1  1.82e+06  0.5528986578  1.399987e-01 0.9152
1  1.91e+06  0.5533177146  1.399987e-01 0.9152
1  2.00e+06  0.5537131176  1.399987e-01 0.9152
1  2.09e+06  0.5540863718  1.399987e-01 0.9152
1  2.19e+06  0.5544388739  1.399987e-01 0.9152
1  2.29e+06  0.554771922  1.399987e-01 0.9152
1  2.40e+06  0.5550867212  1.399987e-01 0.9152
1  2.51e+06  0.5553843925  1.399987e-01 0.9152
1  2.63e+06  0.5556659784  1.399987e-01 0.9152
1  2.75e+06  0.5559324502  1.399987e-01 0.9152
1  2.88e+06  0.5561847118  1.399987e-01 0.9152
1  3.02e+06  0.556423606  1.399987e-01 0.9152
1  3.16e+06  0.5566499192  1.399987e-01 0.9152
1  3.31e+06  0.5568643848  1.399987e-01 0.9152
1  3.47e+06  0.5570676882  1.399987e-01 0.9152
1  3.63e+06  0.5572604696  1.399987e-01 0.9152
1  3.80e+06  0.5574433278  1.399987e-01 0.9152
1  3.98e+06  0.557616823  1.399987e-01 0.9152
1  4.17e+06  0.5577814799  1.399987e-01 0.9152
1  4.37e+06  0.5579377898  1.399987e-01 0.9152
1  4.57e+06  0.5580862137  1.399987e-01 0.9152
1  4.79e+06  0.5582271837  1.399987e-01 0.9152
1  5.01e+06  0.5583611054  1.399987e-01 0.9152
1  5.25e+06  0.5584883597  1.399987e-01 0.9152
1  5.50e+06  0.5586093048  1.399987e-01 0.9152
1  5.75e+06  0.5587242772  1.399987e-01 0.9152
1  6.03e+06  0.5588335935  1.399987e-01 0.9152
1  6.31e+06  0.5589375517  1.399987e-01 0.9152
1  6.61e+06  0.5590364325  1.399987e-01 0.9152
1  6.92e+06  0.5591305003  1.399987e-01 0.9152
1  7.24e+06  0.5592200043  1.399987e-01 0.9152
1  7.59e+06  0.5593051797  1.399987e-01 0.9152
1  7.94e+06  0.5593862482  1.399987e-01 0.9152
1  8.32e+06  0.5594634193  1.399987e-01 0.9152
1  8.71e+06  0.5595368905  1.399987e-01 0.9152
1  9.12e+06  0.5596068489  1.399987e-01 0.9152
1  9.55e+06  0.5596734709  1.399987e-01 0.9152
1  1.00e+07  0.5597369235  1.399987e-01 0.9152
