1  1.00e-03  0.5574321253  1.593342e-01 1.0416
1  1.05e-03  0.5574309154  1.593342e-01 1.0416
1  1.10e-03  0.5574294765  1.593342e-01 1.0416
1  1.15e-03  0.5574281745  1.593342e-01 1.0416
1  1.20e-03  0.5574266048  1.593342e-01 1.0416
1  1.26e-03  0.5574251001  1.593342e-01 1.0416
1  1.32e-03  0.5574233925  1.593342e-01 1.0416
1  1.38e-03  0.5574216237  1.593342e-01 1.0416
1  1.45e-03  0.5574198278  1.593342e-01 1.0416
1  1.51e-03  0.5574180722  1.593342e-01 1.0416
1  1.58e-03  0.5574159986  1.593342e-01 1.0416
1  1.66e-03  0.5574139941  1.593342e-01 1.0416
1  1.74e-03  0.5574118522  1.593342e-01 1.0416
1  1.82e-03  0.55740957  1.593342e-01 1.0416
1  1.91e-03  0.557407216  1.593342e-01 1.0416
1  2.00e-03  0.5574047155  1.593342e-01 1.0416
1  2.09e-03  0.5574020775  1.593342e-01 1.0416
1  2.19e-03  0.557399386  1.593342e-01 1.0416
1  2.29e-03  0.5573965845  1.593342e-01 1.0416
1  2.40e-03  0.557393628  1.593342e-01 1.0416
1  2.51e-03  0.5573904556  1.593342e-01 1.0416
1  2.63e-03  0.5573872101  1.593342e-01 1.0416
1  2.75e-03  0.557383793  1.593342e-01 1.0416
1  2.88e-03  0.5573802267  1.593342e-01 1.0416
1  3.02e-03  0.5573764554  1.593342e-01 1.0416
1  3.16e-03  0.5573725687  1.593342e-01 1.0416
1  3.31e-03  0.5573684232  1.593342e-01 1.0416
1  3.47e-03  0.5573641292  1.593342e-01 1.0416
1  3.63e-03  0.5573596334  1.593342e-01 1.0416
1  3.80e-03  0.5573549294  1.593342e-01 1.0416
1  3.98e-03  0.5573499563  1.593342e-01 1.0416
1  4.17e-03  0.5573447914  1.593342e-01 1.0416
1  4.37e-03  0.5573393769  1.593342e-01 1.0416
1  4.57e-03  0.5573336934  1.593342e-01 1.0416
1  4.79e-03  0.5573277644  1.593342e-01 1.0416
1  5.01e-03  0.5573215385  1.593342e-01 1.0416
1  5.25e-03  0.5573150126  1.593342e-01 1.0416
1  5.50e-03  0.5573082008  1.593342e-01 1.0416
1  5.75e-03  0.557301051  1.593342e-01 1.0416
1  6.03e-03  0.5572935586  1.593342e-01 1.0416
1  6.31e-03  0.5572857453  1.593342e-01 1.0416
1  6.61e-03  0.5572775081  1.593342e-01 1.0416
1  6.92e-03  0.5572689341  1.593342e-01 1.0416
1  7.24e-03  0.5572599259  1.593342e-01 1.0416
1  7.59e-03  0.5572504953  1.593342e-01 1.0416
1  7.94e-03  0.5572406481  1.593342e-01 1.0416
1  8.32e-03  0.5572302869  1.593342e-01 1.0416
1  8.71e-03  0.5572194898  1.593342e-01 1.0416
1  9.12e-03  0.5572081275  1.593342e-01 1.0416
1  9.55e-03  0.5571962569  1.593342e-01 1.0416
1  1.00e-02  0.5571838618  1.593342e-01 1.0416
1  1.05e-02  0.5571708132  1.593342e-01 1.0416
1  1.10e-02  0.5571571764  1.593342e-01 1.0416
1  1.15e-02  0.5571429077  1.593342e-01 1.0416
1  1.20e-02  0.557127954  1.593342e-01 1.0416
1  1.26e-02  0.5571123346  1.593342e-01 1.0416
1  1.32e-02  0.557095884  1.593342e-01 1.0416
1  1.38e-02  0.5570787156  1.593342e-01 1.0416
1  1.45e-02  0.5570607272  1.593342e-01 1.0416
1  1.51e-02  0.5570419093  1.593342e-01 1.0416
1  1.58e-02  0.557022172  1.593342e-01 1.0416
1  1.66e-02  0.5570015061  1.593342e-01 1.0416
1  1.74e-02  0.5569799401  1.593342e-01 1.0416
1  1.82e-02  0.5569572231  1.593342e-01 1.0416
1  1.91e-02  0.5569335434  1.593342e-01 1.0416
1  2.00e-02  0.5569086294  1.593342e-01 1.0416
1  2.09e-02  0.5568826829  1.593342e-01 1.0416
1  2.19e-02  0.5568553876  1.593342e-01 1.0416
1  2.29e-02  0.5568268782  1.593342e-01 1.0416
1  2.40e-02  0.5567968866  1.593342e-01 1.0416
1  2.51e-02  0.5567656691  1.593342e-01 1.0416
1  2.63e-02  0.5567328543  1.593342e-01 1.0416
1  2.75e-02  0.5566984594  1.593342e-01 1.0416
1  2.88e-02  0.5566624285  1.593342e-01 1.0416
1  3.02e-02  0.5566248596  1.593342e-01 1.0416
1  3.16e-02  0.5565853071  1.593342e-01 1.0416
1  3.31e-02  0.5565440114  1.593342e-01 1.0416
1  3.47e-02  0.5565007245  1.593342e-01 1.0416
1  3.63e-02  0.5564553229  1.593342e-01 1.0416
1  3.80e-02  0.556407873  1.593342e-01 1.0416
1  3.98e-02  0.5563579451  1.593342e-01 1.0416
1  4.17e-02  0.5563059047  1.593342e-01 1.0416
1  4.37e-02  0.5562513284  1.593342e-01 1.0416
1  4.57e-02  0.5561941606  1.593342e-01 1.0416
1  4.79e-02  0.5561342143  1.593342e-01 1.0416
1  5.01e-02  0.5560713538  1.593342e-01 1.0416
1  5.25e-02  0.5560055581  1.593342e-01 1.0416
1  5.50e-02  0.5559366111  1.593342e-01 1.0416
1  5.75e-02  0.5558644621  1.593342e-01 1.0416
1  6.03e-02  0.5557888401  1.593342e-01 1.0416
1  6.31e-02  0.5557097774  1.593342e-01 1.0416
1  6.61e-02  0.5556266055  1.593342e-01 1.0416
1  6.92e-02  0.5555398565  1.593342e-01 1.0416
1  7.24e-02  0.5554487284  1.593342e-01 1.0416
1  7.59e-02  0.5553533091  1.593342e-01 1.0416
1  7.94e-02  0.5552529582  1.593342e-01 1.0416
1  8.32e-02  0.5551481843  1.593342e-01 1.0416
1  8.71e-02  0.555038286  1.593342e-01 1.0416
1  9.12e-02  0.5549234848  1.593342e-01 1.0416
1  9.55e-02  0.5548028  1.593342e-01 1.0416
1  1.00e-01  0.5546761199  1.593342e-01 1.0416
1  1.05e-01  0.5545438909  1.593342e-01 1.0416
1  1.10e-01  0.5544050037  1.593342e-01 1.0416
1  1.15e-01  0.5542594599  1.593342e-01 1.0416
1  1.20e-01  0.5541067381  1.593342e-01 1.0416
1  1.26e-01  0.5539467793  1.593342e-01 1.0416
1  1.32e-01  0.5537793032  1.593342e-01 1.0416
1  1.38e-01  0.5536035234  1.593342e-01 1.0416
1  1.45e-01  0.5534192756  1.593342e-01 1.0416
1  1.51e-01  0.5532267315  1.593342e-01 1.0416
1  1.58e-01  0.5530236412  1.593342e-01 1.0416
1  1.66e-01  0.5528116683  1.593342e-01 1.0416
1  1.74e-01  0.5525886815  1.593342e-01 1.0416
1  1.82e-01  0.5523555636  1.593342e-01 1.0416
1  1.91e-01  0.5521111866  1.593342e-01 1.0416
1  2.00e-01  0.551853988  1.593342e-01 1.0416
1  2.09e-01  0.5515851543  1.593342e-01 1.0416
1  2.19e-01  0.5513024577  1.593342e-01 1.0416
1  2.29e-01  0.5510063881  1.593342e-01 1.0416
1  2.40e-01  0.5506953241  1.593342e-01 1.0416
1  2.51e-01  0.5503688259  1.593342e-01 1.0416
1  2.63e-01  0.5500268664  1.593342e-01 1.0416
1  2.75e-01  0.549667605  1.593342e-01 1.0416
1  2.88e-01  0.549291165  1.593342e-01 1.0416
1  3.02e-01  0.5488950837  1.593342e-01 1.0416
1  3.16e-01  0.5484793297  1.593342e-01 1.0416
1  3.31e-01  0.5480439184  1.593342e-01 1.0416
1  3.47e-01  0.5475868038  1.593342e-01 1.0416
1  3.63e-01  0.5471065822  1.593342e-01 1.0416
1  3.80e-01  0.546601326  1.593342e-01 1.0416
1  3.98e-01  0.5460712133  1.593342e-01 1.0416
1  4.17e-01  0.5455144421  1.593342e-01 1.0416
1  4.37e-01  0.5449293631  1.593342e-01 1.0416
1  4.57e-01  0.5443170052  1.593342e-01 1.0416
1  4.79e-01  0.5436712973  1.593342e-01 1.0416
1  5.01e-01  0.5429932888  1.593342e-01 1.0416
1  5.25e-01  0.5422808853  1.593342e-01 1.0416
1  5.50e-01  0.5415315441  1.593342e-01 1.0416
1  5.75e-01  0.5407424773  1.593342e-01 1.0416
1  6.03e-01  0.5399162079  1.593342e-01 1.0416
1  6.31e-01  0.5390435361  1.593342e-01 1.0416
1  6.61e-01  0.5381271532  1.593342e-01 1.0416
1  6.92e-01  0.5371643287  1.593342e-01 1.0416
1  7.24e-01  0.5361513246  1.593342e-01 1.0416
1  7.59e-01  0.535086489  1.593342e-01 1.0416
1  7.94e-01  0.533964334  1.593342e-01 1.0416
1  8.32e-01  0.532781674  1.593342e-01 1.0416
1  8.71e-01  0.5315393834  1.593342e-01 1.0416
1  9.12e-01  0.5302323956  1.593342e-01 1.0416
1  9.55e-01  0.5288551522  1.593342e-01 1.0416
1  1.00e+00  0.5274060042  1.593342e-01 1.0416
1  1.05e+00  0.5258788719  1.593342e-01 1.0416
1  1.10e+00  0.5242715411  1.593342e-01 1.0416
1  1.15e+00  0.5225777714  1.593342e-01 1.0416
1  1.20e+00  0.520796204  1.593342e-01 1.0416
1  1.26e+00  0.5189187952  1.593342e-01 1.0416
1  1.32e+00  0.5169442389  1.593342e-01 1.0416
1  1.38e+00  0.5148641915  1.593342e-01 1.0416
1  1.45e+00  0.5126702715  1.593342e-01 1.0416
1  1.51e+00  0.5103614984  1.593342e-01 1.0416
1  1.58e+00  0.5079388654  1.593342e-01 1.0416
1  1.66e+00  0.5053807906  1.593342e-01 1.0416
1  1.74e+00  0.5026957045  1.593342e-01 1.0416
1  1.82e+00  0.499865693  1.593342e-01 1.0416
1  1.91e+00  0.4968977774  1.593342e-01 1.0416
1  2.00e+00  0.4937796693  1.593342e-01 1.0416
1  2.09e+00  0.4905031331  1.593342e-01 1.0416
1  2.19e+00  0.4870725131  1.593342e-01 1.0416
1  2.29e+00  0.4834592354  1.593342e-01 1.0416
1  2.40e+00  0.4796980102  1.593342e-01 1.0416
1  2.51e+00  0.475756905  1.593342e-01 1.0416
1  2.63e+00  0.4716307646  1.593342e-01 1.0416
1  2.75e+00  0.4673398492  1.593342e-01 1.0416
1  2.88e+00  0.4628845428  1.593342e-01 1.0416
1  3.02e+00  0.4582387996  1.593342e-01 1.0416
1  3.16e+00  0.4534359321  1.593342e-01 1.0416
1  3.31e+00  0.448462944  1.593342e-01 1.0416
1  3.47e+00  0.4433202534  1.593342e-01 1.0416
1  3.63e+00  0.4380477652  1.593342e-01 1.0416
1  3.80e+00  0.4326564008  1.593342e-01 1.0416
1  3.98e+00  0.4271369072  1.593342e-01 1.0416
1  4.17e+00  0.4214983042  1.593342e-01 1.0416
1  4.37e+00  0.4158124342  1.593342e-01 1.0416
1  4.57e+00  0.4100472169  1.593342e-01 1.0416
1  4.79e+00  0.4042842137  1.593342e-01 1.0416
1  5.01e+00  0.398492002  1.593342e-01 1.0416
1  5.25e+00  0.3927227396  1.593342e-01 1.0416
1  5.50e+00  0.3870284872  1.593342e-01 1.0416
1  5.75e+00  0.3813869332  1.593342e-01 1.0416
1  6.03e+00  0.3758701774  1.593342e-01 1.0416
1  6.31e+00  0.370502202  1.593342e-01 1.0416
1  6.61e+00  0.3652563989  1.593342e-01 1.0416
1  6.92e+00  0.3602202778  1.593342e-01 1.0416
1  7.24e+00  0.3553485657  1.593342e-01 1.0416
1  7.59e+00  0.3506974548  1.593342e-01 1.0416
1  7.94e+00  0.3462895724  1.593342e-01 1.0416
1  8.32e+00  0.342100992  1.593342e-01 1.0416
1  8.71e+00  0.3381347885  1.593342e-01 1.0416
1  9.12e+00  0.3343891237  1.593342e-01 1.0416
1  9.55e+00  0.3308958673  1.593342e-01 1.0416
1  1.00e+01  0.3276595334  1.593342e-01 1.0416
1  1.05e+01  0.3245964807  1.593342e-01 1.0416
1  1.10e+01  0.3218017727  1.593342e-01 1.0416
1  1.15e+01  0.3192195975  1.593342e-01 1.0416
1  1.20e+01  0.3167458244  1.593342e-01 1.0416
1  1.26e+01  0.3145219053  1.593342e-01 1.0416
1  1.32e+01  0.3124822292  1.593342e-01 1.0416
1  1.38e+01  0.3105768122  1.593342e-01 1.0416
1  1.45e+01  0.3088646232  1.593342e-01 1.0416
1  1.51e+01  0.3072453935  1.593342e-01 1.0416
1  1.58e+01  0.3057819047  1.593342e-01 1.0416
1  1.66e+01  0.3044534309  1.593342e-01 1.0416
1  1.74e+01  0.303212868  1.593342e-01 1.0416
1  1.82e+01  0.302070683  1.593342e-01 1.0416
1  1.91e+01  0.3010366318  1.593342e-01 1.0416
1  2.00e+01  0.3000843398  1.593342e-01 1.0416
1  2.09e+01  0.2991745279  1.593342e-01 1.0416
1  2.19e+01  0.2983724566  1.593342e-01 1.0416
1  2.29e+01  0.2975924719  1.593342e-01 1.0416
1  2.40e+01  0.2968898641  1.593342e-01 1.0416
1  2.51e+01  0.2962301481  1.593342e-01 1.0416
1  2.63e+01  0.2956131281  1.593342e-01 1.0416
1  2.75e+01  0.2950292657  1.593342e-01 1.0416
1  2.88e+01  0.2944774885  1.593342e-01 1.0416
1  3.02e+01  0.2939794674  1.593342e-01 1.0416
1  3.16e+01  0.2934686956  1.593342e-01 1.0416
1  3.31e+01  0.2929820485  1.593342e-01 1.0416
1  3.47e+01  0.2925202019  1.593342e-01 1.0416
1  3.63e+01  0.2920676976  1.593342e-01 1.0416
1  3.80e+01  0.291605518  1.593342e-01 1.0416
1  3.98e+01  0.2911412018  1.593342e-01 1.0416
1  4.17e+01  0.2906853253  1.593342e-01 1.0416
1  4.37e+01  0.29022683  1.593342e-01 1.0416
1  4.57e+01  0.2897673731  1.593342e-01 1.0416
1  4.79e+01  0.2892979792  1.593342e-01 1.0416
1  5.01e+01  0.2887836304  1.593342e-01 1.0416
1  5.25e+01  0.2882516822  1.593342e-01 1.0416
1  5.50e+01  0.2877119364  1.593342e-01 1.0416
1  5.75e+01  0.2870952713  1.593342e-01 1.0416
1  6.03e+01  0.2864579382  1.593342e-01 1.0416
1  6.31e+01  0.2857935117  1.593342e-01 1.0416
1  6.61e+01  0.2850389327  1.593342e-01 1.0416
1  6.92e+01  0.2842066171  1.593342e-01 1.0416
1  7.24e+01  0.2833044793  1.593342e-01 1.0416
1  7.59e+01  0.2822753942  1.593342e-01 1.0416
1  7.94e+01  0.2811435185  1.593342e-01 1.0416
1  8.32e+01  0.2798836787  1.593342e-01 1.0416
1  8.71e+01  0.2784202866  1.593342e-01 1.0416
1  9.12e+01  0.2767765002  1.593342e-01 1.0416
1  9.55e+01  0.274869137  1.593342e-01 1.0416
1  1.00e+02  0.2726711744  1.593342e-01 1.0416
1  1.05e+02  0.2700826683  1.593342e-01 1.0416
1  1.10e+02  0.2670239884  1.593342e-01 1.0416
1  1.15e+02  0.2634273922  1.593342e-01 1.0416
1  1.20e+02  0.2591194253  1.593342e-01 1.0416
1  1.26e+02  0.2539154447  1.593342e-01 1.0416
1  1.32e+02  0.247608084  1.593342e-01 1.0416
1  1.38e+02  0.2399795895  1.593342e-01 1.0416
1  1.45e+02  0.2306625204  1.593342e-01 1.0416
1  1.51e+02  0.2194303259  1.593342e-01 1.0416
1  1.58e+02  0.2060132379  1.593342e-01 1.0416
1  1.66e+02  0.1903304087  1.593342e-01 1.0416
1  1.74e+02  0.1726378932  1.593342e-01 1.0416
1  1.82e+02  0.1535939835  1.593342e-01 1.0416
1  1.91e+02  0.1342339325  1.593342e-01 1.0416
1  2.00e+02  0.115732004  1.593342e-01 1.0416
1  2.09e+02  0.09902419906  1.593342e-01 1.0416
1  2.19e+02  0.08470932155  1.593342e-01 1.0416
1  2.29e+02  0.07288377363  1.593342e-01 1.0416
1  2.40e+02  0.06338137227  1.593342e-01 1.0416
1  2.51e+02  0.05586118603  1.593342e-01 1.0416
1  2.63e+02  0.04995029758  1.593342e-01 1.0416
1  2.75e+02  0.04530402125  1.593342e-01 1.0416
1  2.88e+02  0.04165077164  1.593342e-01 1.0416
1  3.02e+02  0.03875421055  1.593342e-01 1.0416
1  3.16e+02  0.03645474873  1.593342e-01 1.0416
1  3.31e+02  0.03461342992  1.593342e-01 1.0416
1  3.47e+02  0.03312217039  1.593342e-01 1.0416
1  3.63e+02  0.0319127497  1.593342e-01 1.0416
1  3.80e+02  0.03091794443  1.593342e-01 1.0416
1  3.98e+02  0.03009928914  1.593342e-01 1.0416
1  4.17e+02  0.02941958132  1.593342e-01 1.0416
1  4.37e+02  0.02885337036  1.593342e-01 1.0416
1  4.57e+02  0.02837978143  1.593342e-01 1.0416
1  4.79e+02  0.02797807424  1.593342e-01 1.0416
1  5.01e+02  0.02764024757  1.593342e-01 1.0416
1  5.25e+02  0.02735055964  1.593342e-01 1.0416
1  5.50e+02  0.0271046176  1.593342e-01 1.0416
1  5.75e+02  0.02689138407  1.593342e-01 1.0416
1  6.03e+02  0.02670773527  1.593342e-01 1.0416
1  6.31e+02  0.02654910465  1.593342e-01 1.0416
1  6.61e+02  0.02641174086  1.593342e-01 1.0416
1  6.92e+02  0.0262935806  1.593342e-01 1.0416
1  7.24e+02  0.02619089318  1.593342e-01 1.0416
1  7.59e+02  0.02609899589  1.593342e-01 1.0416
1  7.94e+02  0.0260200191  1.593342e-01 1.0416
1  8.32e+02  0.02594981561  1.593342e-01 1.0416
1  8.71e+02  0.0258881084  1.593342e-01 1.0416
1  9.12e+02  0.02583371426  1.593342e-01 1.0416
1  9.55e+02  0.0257872043  1.593342e-01 1.0416
1  1.00e+03  0.02574373362  1.593342e-01 1.0416
1  1.05e+03  0.0257069577  1.593342e-01 1.0416
1  1.10e+03  0.0256744051  1.593342e-01 1.0416
1  1.15e+03  0.02564479664  1.593342e-01 1.0416
1  1.20e+03  0.02561716203  1.593342e-01 1.0416
1  1.26e+03  0.02559544492  1.593342e-01 1.0416
1  1.32e+03  0.0255729705  1.593342e-01 1.0416
1  1.38e+03  0.02555540984  1.593342e-01 1.0416
1  1.45e+03  0.02553916134  1.593342e-01 1.0416
1  1.51e+03  0.02552383457  1.593342e-01 1.0416
1  1.58e+03  0.02551000678  1.593342e-01 1.0416
1  1.66e+03  0.02549745648  1.593342e-01 1.0416
1  1.74e+03  0.02548738602  1.593342e-01 1.0416
1  1.82e+03  0.02547764266  1.593342e-01 1.0416
1  1.91e+03  0.02546923798  1.593342e-01 1.0416
1  2.00e+03  0.02546059585  1.593342e-01 1.0416
1  2.09e+03  0.02545398919  1.593342e-01 1.0416
1  2.19e+03  0.02544709451  1.593342e-01 1.0416
1  2.29e+03  0.02544286493  1.593342e-01 1.0416
1  2.40e+03  0.02543750057  1.593342e-01 1.0416
1  2.51e+03  0.02543131728  1.593342e-01 1.0416
1  2.63e+03  0.02542794724  1.593342e-01 1.0416
1  2.75e+03  0.02542372697  1.593342e-01 1.0416
1  2.88e+03  0.02542105941  1.593342e-01 1.0416
1  3.02e+03  0.0254169327  1.593342e-01 1.0416
1  3.16e+03  0.02541421844  1.593342e-01 1.0416
1  3.31e+03  0.02541260398  1.593342e-01 1.0416
1  3.47e+03  0.02541007963  1.593342e-01 1.0416
1  3.63e+03  0.02541001244  1.593342e-01 1.0416
1  3.80e+03  0.02540948175  1.593342e-01 1.0416
1  3.98e+03  0.02540581866  1.593342e-01 1.0416
1  4.17e+03  0.025399346  1.593342e-01 1.0416
1  4.37e+03  0.0254004682  1.593342e-01 1.0416
1  4.57e+03  0.02539836889  1.593342e-01 1.0416
1  4.79e+03  0.02539672199  1.593342e-01 1.0416
1  5.01e+03  0.02540089429  1.593342e-01 1.0416
1  5.25e+03  0.02540655687  1.593342e-01 1.0416
1  5.50e+03  0.02539556423  1.593342e-01 1.0416
1  5.75e+03  0.02539113977  1.593342e-01 1.0416
1  6.03e+03  0.02541527951  1.593342e-01 1.0416
1  6.31e+03  0.02539058538  1.593342e-01 1.0416
1  6.61e+03  0.02542375538  1.593342e-01 1.0416
1  6.92e+03  0.02539709712  1.593342e-01 1.0416
1  7.24e+03  0.02545725929  1.593342e-01 1.0416
1  7.59e+03  0.02541771596  1.593342e-01 1.0416
1  7.94e+03  0.02546966177  1.593342e-01 1.0416
1  8.32e+03  0.02553954037  1.593342e-01 1.0416
1  8.71e+03  0.02553192063  1.593342e-01 1.0416
1  9.12e+03  0.02556457487  1.593342e-01 1.0416
1  9.55e+03  0.02569685651  1.593342e-01 1.0416
1  1.00e+04  0.02588752285  1.593342e-01 1.0416
1  1.05e+04  0.02607021868  1.593342e-01 1.0416
1  1.10e+04  0.02631852891  1.593342e-01 1.0416
1  1.15e+04  0.02657149583  1.593342e-01 1.0416
1  1.20e+04  0.02697801122  1.593342e-01 1.0416
1  1.26e+04  0.02741697221  1.593342e-01 1.0416
1  1.32e+04  0.02791146159  1.593342e-01 1.0416
1  1.38e+04  0.02850242166  1.593342e-01 1.0416
1  1.45e+04  0.02921983691  1.593342e-01 1.0416
1  1.51e+04  0.03023100675  1.593342e-01 1.0416
1  1.58e+04  0.03160019331  1.593342e-01 1.0416
1  1.66e+04  0.03308447034  1.593342e-01 1.0416
1  1.74e+04  0.0344516739  1.593342e-01 1.0416
1  1.82e+04  0.03601922902  1.593342e-01 1.0416
1  1.91e+04  0.03847402116  1.593342e-01 1.0416
1  2.00e+04  0.04118067433  1.593342e-01 1.0416
1  2.09e+04  0.04346593194  1.593342e-01 1.0416
1  2.19e+04  0.04663938241  1.593342e-01 1.0416
1  2.29e+04  0.05010281793  1.593342e-01 1.0416
1  2.40e+04  0.05379670066  1.593342e-01 1.0416
1  2.51e+04  0.05777129238  1.593342e-01 1.0416
1  2.63e+04  0.06247674745  1.593342e-01 1.0416
1  2.75e+04  0.06692499254  1.593342e-01 1.0416
1  2.88e+04  0.07253286919  1.593342e-01 1.0416
1  3.02e+04  0.0776666865  1.593342e-01 1.0416
1  3.16e+04  0.08376137616  1.593342e-01 1.0416
1  3.31e+04  0.09027802003  1.593342e-01 1.0416
1  3.47e+04  0.09594025769  1.593342e-01 1.0416
1  3.63e+04  0.1041222078  1.593342e-01 1.0416
1  3.80e+04  0.1106531393  1.593342e-01 1.0416
1  3.98e+04  0.1172356871  1.593342e-01 1.0416
1  4.17e+04  0.1270691129  1.593342e-01 1.0416
1  4.37e+04  0.1342662467  1.593342e-01 1.0416
1  4.57e+04  0.1406926502  1.593342e-01 1.0416
1  4.79e+04  0.1510238171  1.593342e-01 1.0416
1  5.01e+04  0.1609573425  1.593342e-01 1.0416
1  5.25e+04  0.1679017766  1.593342e-01 1.0416
1  5.50e+04  0.1754932591  1.593342e-01 1.0416
1  5.75e+04  0.1856390451  1.593342e-01 1.0416
1  6.03e+04  0.1965347002  1.593342e-01 1.0416
1  6.31e+04  0.206206277  1.593342e-01 1.0416
1  6.61e+04  0.2141814282  1.593342e-01 1.0416
1  6.92e+04  0.2215318487  1.593342e-01 1.0416
1  7.24e+04  0.230079535  1.593342e-01 1.0416
1  7.59e+04  0.2406995733  1.593342e-01 1.0416
1  7.94e+04  0.252338709  1.593342e-01 1.0416
1  8.32e+04  0.2630682549  1.593342e-01 1.0416
1  8.71e+04  0.2718336696  1.593342e-01 1.0416
1  9.12e+04  0.2790281127  1.593342e-01 1.0416
1  9.55e+04  0.2857992133  1.593342e-01 1.0416
1  1.00e+05  0.2931328763  1.593342e-01 1.0416
1  1.05e+05  0.3014524167  1.593342e-01 1.0416
1  1.10e+05  0.3107130834  1.593342e-01 1.0416
1  1.15e+05  0.320623736  1.593342e-01 1.0416
1  1.20e+05  0.3307799056  1.593342e-01 1.0416
1  1.26e+05  0.3407334887  1.593342e-01 1.0416
1  1.32e+05  0.3500736449  1.593342e-01 1.0416
1  1.38e+05  0.3585184205  1.593342e-01 1.0416
1  1.45e+05  0.3659708189  1.593342e-01 1.0416
1  1.51e+05  0.3725126455  1.593342e-01 1.0416
1  1.58e+05  0.3783482028  1.593342e-01 1.0416
1  1.66e+05  0.3837299028  1.593342e-01 1.0416
1  1.74e+05  0.388894864  1.593342e-01 1.0416
1  1.82e+05  0.3940273026  1.593342e-01 1.0416
1  1.91e+05  0.3992471993  1.593342e-01 1.0416
1  2.00e+05  0.4046170624  1.593342e-01 1.0416
1  2.09e+05  0.4101565385  1.593342e-01 1.0416
1  2.19e+05  0.415857085  1.593342e-01 1.0416
1  2.29e+05  0.4216929614  1.593342e-01 1.0416
1  2.40e+05  0.4276281238  1.593342e-01 1.0416
1  2.51e+05  0.4336202915  1.593342e-01 1.0416
1  2.63e+05  0.4396236909  1.593342e-01 1.0416
1  2.75e+05  0.4455914524  1.593342e-01 1.0416
1  2.88e+05  0.4514779794  1.593342e-01 1.0416
1  3.02e+05  0.4572411692  1.593342e-01 1.0416
1  3.16e+05  0.4628442226  1.593342e-01 1.0416
1  3.31e+05  0.4682568327  1.593342e-01 1.0416
1  3.47e+05  0.4734556915  1.593342e-01 1.0416
1  3.63e+05  0.4784243836  1.593342e-01 1.0416
1  3.80e+05  0.4831528208  1.593342e-01 1.0416
1  3.98e+05  0.4876363964  1.593342e-01 1.0416
1  4.17e+05  0.4918750205  1.593342e-01 1.0416
1  4.37e+05  0.4958721594  1.593342e-01 1.0416
1  4.57e+05  0.4996339582  1.593342e-01 1.0416
1  4.79e+05  0.5031684861  1.593342e-01 1.0416
1  5.01e+05  0.5064851181  1.593342e-01 1.0416
1  5.25e+05  0.5095940441  1.593342e-01 1.0416
1  5.50e+05  0.5125058928  1.593342e-01 1.0416
1  5.75e+05  0.5152314483  1.593342e-01 1.0416
1  6.03e+05  0.5177814417  1.593342e-01 1.0416
1  6.31e+05  0.5201664012  1.593342e-01 1.0416
1  6.61e+05  0.5223965452  1.593342e-01 1.0416
1  6.92e+05  0.5244817097  1.593342e-01 1.0416
1  7.24e+05  0.5264313002  1.593342e-01 1.0416
1  7.59e+05  0.5282542617  1.593342e-01 1.0416
1  7.94e+05  0.5299590638  1.593342e-01 1.0416
1  8.32e+05  0.5315536958  1.593342e-01 1.0416
1  8.71e+05  0.5330456697  1.593342e-01 1.0416
1  9.12e+05  0.5344420296  1.593342e-01 1.0416
1  9.55e+05  0.5357493653  1.593342e-01 1.0416
1  1.00e+06  0.5369738294  1.593342e-01 1.0416
1  1.05e+06  0.5381211561  1.593342e-01 1.0416
1  1.10e+06  0.5391966826  1.593342e-01 1.0416
1  1.15e+06  0.5402053701  1.593342e-01 1.0416
1  1.20e+06  0.5411518261  1.593342e-01 1.0416
1  1.26e+06  0.5420403261  1.593342e-01 1.0416
1  1.32e+06  0.542874835  1.593342e-01 1.0416
1  1.38e+06  0.5436590282  1.593342e-01 1.0416
1  1.45e+06  0.544396312  1.593342e-01 1.0416
1  1.51e+06  0.545089842  1.593342e-01 1.0416
1  1.58e+06  0.5457425422  1.593342e-01 1.0416
1  1.66e+06  0.5463571217  1.593342e-01 1.0416
1  1.74e+06  0.5469360907  1.593342e-01 1.0416
1  1.82e+06  0.5474817766  1.593342e-01 1.0416
1  1.91e+06  0.5479963389  1.593342e-01 1.0416
1  2.00e+06  0.5484817753  1.593342e-01 1.0416
1  2.09e+06  0.5489399425  1.593342e-01 1.0416
1  2.19e+06  0.5493725638  1.593342e-01 1.0416
1  2.29e+06  0.5497812403  1.593342e-01 1.0416
1  2.40e+06  0.5501674593  1.593342e-01 1.0416
1  2.51e+06  0.5505326035  1.593342e-01 1.0416
1  2.63e+06  0.5508779595  1.593342e-01 1.0416
1  2.75e+06  0.551204725  1.593342e-01 1.0416
1  2.88e+06  0.5515140155  1.593342e-01 1.0416
1  3.02e+06  0.5518068704  1.593342e-01 1.0416
1  3.16e+06  0.5520842592  1.593342e-01 1.0416
1  3.31e+06  0.5523470868  1.593342e-01 1.0416
1  3.47e+06  0.552596198  1.593342e-01 1.0416
1  3.63e+06  0.552832382  1.593342e-01 1.0416
1  3.80e+06  0.5530563767  1.593342e-01 1.0416
1  3.98e+06  0.5532688729  1.593342e-01 1.0416
1  4.17e+06  0.5534705167  1.593342e-01 1.0416
1  4.37e+06  0.5536619135  1.593342e-01 1.0416
1  4.57e+06  0.5538436309  1.593342e-01 1.0416
1  4.79e+06  0.5540162009  1.593342e-01 1.0416
1  5.01e+06  0.5541801232  1.593342e-01 1.0416
1  5.25e+06  0.5543358663  1.593342e-01 1.0416
1  5.50e+06  0.5544838711  1.593342e-01 1.0416
1  5.75e+06  0.5546245515  1.593342e-01 1.0416
1  6.03e+06  0.554758297  1.593342e-01 1.0416
1  6.31e+06  0.5548854741  1.593342e-01 1.0416
1  6.61e+06  0.5550064279  1.593342e-01 1.0416
1  6.92e+06  0.5551214833  1.593342e-01 1.0416
1  7.24e+06  0.5552309468  1.593342e-01 1.0416
1  7.59e+06  0.5553351071  1.593342e-01 1.0416
1  7.94e+06  0.5554342367  1.593342e-01 1.0416
1  8.32e+06  0.5555285928  1.593342e-01 1.0416
1  8.71e+06  0.5556184181  1.593342e-01 1.0416
1  9.12e+06  0.5557039421  1.593342e-01 1.0416
1  9.55e+06  0.5557853814  1.593342e-01 1.0416
1  1.00e+07  0.555862941  1.593342e-01 1.0416
