1  1.00e-03  0.561230125  1.387749e-01 0.9072
1  1.05e-03  0.5612289079  1.387749e-01 0.9072
1  1.10e-03  0.5612274605  1.387749e-01 0.9072
1  1.15e-03  0.5612261304  1.387749e-01 0.9072
1  1.20e-03  0.5612245668  1.387749e-01 0.9072
1  1.26e-03  0.5612230448  1.387749e-01 0.9072
1  1.32e-03  0.5612213129  1.387749e-01 0.9072
1  1.38e-03  0.5612195392  1.387749e-01 0.9072
1  1.45e-03  0.561217736  1.387749e-01 0.9072
1  1.51e-03  0.5612159612  1.387749e-01 0.9072
1  1.58e-03  0.5612138774  1.387749e-01 0.9072
1  1.66e-03  0.5612118578  1.387749e-01 0.9072
1  1.74e-03  0.5612097025  1.387749e-01 0.9072
1  1.82e-03  0.5612074047  1.387749e-01 0.9072
1  1.91e-03  0.5612050406  1.387749e-01 0.9072
1  2.00e-03  0.5612025214  1.387749e-01 0.9072
1  2.09e-03  0.561199857  1.387749e-01 0.9072
1  2.19e-03  0.5611971444  1.387749e-01 0.9072
1  2.29e-03  0.5611943207  1.387749e-01 0.9072
1  2.40e-03  0.5611913577  1.387749e-01 0.9072
1  2.51e-03  0.5611881558  1.387749e-01 0.9072
1  2.63e-03  0.5611848932  1.387749e-01 0.9072
1  2.75e-03  0.5611814417  1.387749e-01 0.9072
1  2.88e-03  0.5611778528  1.387749e-01 0.9072
1  3.02e-03  0.5611740559  1.387749e-01 0.9072
1  3.16e-03  0.5611701482  1.387749e-01 0.9072
1  3.31e-03  0.5611659775  1.387749e-01 0.9072
1  3.47e-03  0.561161645  1.387749e-01 0.9072
1  3.63e-03  0.5611571253  1.387749e-01 0.9072
1  3.80e-03  0.5611523935  1.387749e-01 0.9072
1  3.98e-03  0.561147386  1.387749e-01 0.9072
1  4.17e-03  0.5611421988  1.387749e-01 0.9072
1  4.37e-03  0.5611367478  1.387749e-01 0.9072
1  4.57e-03  0.5611310207  1.387749e-01 0.9072
1  4.79e-03  0.5611250452  1.387749e-01 0.9072
1  5.01e-03  0.5611187773  1.387749e-01 0.9072
1  5.25e-03  0.561112224  1.387749e-01 0.9072
1  5.50e-03  0.5611053635  1.387749e-01 0.9072
1  5.75e-03  0.56109817  1.387749e-01 0.9072
1  6.03e-03  0.5610906286  1.387749e-01 0.9072
1  6.31e-03  0.5610827501  1.387749e-01 0.9072
1  6.61e-03  0.5610744686  1.387749e-01 0.9072
1  6.92e-03  0.5610658468  1.387749e-01 0.9072
1  7.24e-03  0.5610567829  1.387749e-01 0.9072
1  7.59e-03  0.5610472706  1.387749e-01 0.9072
1  7.94e-03  0.5610373705  1.387749e-01 0.9072
1  8.32e-03  0.561026937  1.387749e-01 0.9072
1  8.71e-03  0.561016046  1.387749e-01 0.9072
1  9.12e-03  0.5610046388  1.387749e-01 0.9072
1  9.55e-03  0.5609927014  1.387749e-01 0.9072
1  1.00e-02  0.5609801846  1.387749e-01 0.9072
1  1.05e-02  0.5609670958  1.387749e-01 0.9072
1  1.10e-02  0.5609533439  1.387749e-01 0.9072
1  1.15e-02  0.5609390092  1.387749e-01 0.9072
1  1.20e-02  0.5609239606  1.387749e-01 0.9072
1  1.26e-02  0.5609081917  1.387749e-01 0.9072
1  1.32e-02  0.5608916635  1.387749e-01 0.9072
1  1.38e-02  0.5608744004  1.387749e-01 0.9072
1  1.45e-02  0.5608562722  1.387749e-01 0.9072
1  1.51e-02  0.5608373039  1.387749e-01 0.9072
1  1.58e-02  0.5608174527  1.387749e-01 0.9072
1  1.66e-02  0.5607966872  1.387749e-01 0.9072
1  1.74e-02  0.5607749164  1.387749e-01 0.9072
1  1.82e-02  0.5607520771  1.387749e-01 0.9072
1  1.91e-02  0.560728266  1.387749e-01 0.9072
1  2.00e-02  0.5607032087  1.387749e-01 0.9072
1  2.09e-02  0.5606770173  1.387749e-01 0.9072
1  2.19e-02  0.5606495387  1.387749e-01 0.9072
1  2.29e-02  0.5606208392  1.387749e-01 0.9072
1  2.40e-02  0.5605907116  1.387749e-01 0.9072
1  2.51e-02  0.560559251  1.387749e-01 0.9072
1  2.63e-02  0.5605262612  1.387749e-01 0.9072
1  2.75e-02  0.5604916818  1.387749e-01 0.9072
1  2.88e-02  0.5604553738  1.387749e-01 0.9072
1  3.02e-02  0.5604175116  1.387749e-01 0.9072
1  3.16e-02  0.560377682  1.387749e-01 0.9072
1  3.31e-02  0.5603360856  1.387749e-01 0.9072
1  3.47e-02  0.5602925121  1.387749e-01 0.9072
1  3.63e-02  0.560246815  1.387749e-01 0.9072
1  3.80e-02  0.5601990602  1.387749e-01 0.9072
1  3.98e-02  0.5601489286  1.387749e-01 0.9072
1  4.17e-02  0.5600965647  1.387749e-01 0.9072
1  4.37e-02  0.5600414527  1.387749e-01 0.9072
1  4.57e-02  0.5599839124  1.387749e-01 0.9072
1  4.79e-02  0.5599237003  1.387749e-01 0.9072
1  5.01e-02  0.5598605034  1.387749e-01 0.9072
1  5.25e-02  0.5597942883  1.387749e-01 0.9072
1  5.50e-02  0.5597247851  1.387749e-01 0.9072
1  5.75e-02  0.5596520985  1.387749e-01 0.9072
1  6.03e-02  0.5595759782  1.387749e-01 0.9072
1  6.31e-02  0.5594964803  1.387749e-01 0.9072
1  6.61e-02  0.559412864  1.387749e-01 0.9072
1  6.92e-02  0.5593253853  1.387749e-01 0.9072
1  7.24e-02  0.559233476  1.387749e-01 0.9072
1  7.59e-02  0.5591374571  1.387749e-01 0.9072
1  7.94e-02  0.5590367195  1.387749e-01 0.9072
1  8.32e-02  0.5589313113  1.387749e-01 0.9072
1  8.71e-02  0.5588205524  1.387749e-01 0.9072
1  9.12e-02  0.5587046918  1.387749e-01 0.9072
1  9.55e-02  0.5585835648  1.387749e-01 0.9072
1  1.00e-01  0.5584560518  1.387749e-01 0.9072
1  1.05e-01  0.5583225515  1.387749e-01 0.9072
1  1.10e-01  0.5581831893  1.387749e-01 0.9072
1  1.15e-01  0.5580366926  1.387749e-01 0.9072
1  1.20e-01  0.5578829995  1.387749e-01 0.9072
1  1.26e-01  0.5577218827  1.387749e-01 0.9072
1  1.32e-01  0.5575529373  1.387749e-01 0.9072
1  1.38e-01  0.5573764533  1.387749e-01 0.9072
1  1.45e-01  0.5571909616  1.387749e-01 0.9072
1  1.51e-01  0.5569964584  1.387749e-01 0.9072
1  1.58e-01  0.5567924437  1.387749e-01 0.9072
1  1.66e-01  0.5565792432  1.387749e-01 0.9072
1  1.74e-01  0.5563546894  1.387749e-01 0.9072
1  1.82e-01  0.5561201125  1.387749e-01 0.9072
1  1.91e-01  0.5558734006  1.387749e-01 0.9072
1  2.00e-01  0.5556143374  1.387749e-01 0.9072
1  2.09e-01  0.555343623  1.387749e-01 0.9072
1  2.19e-01  0.5550588396  1.387749e-01 0.9072
1  2.29e-01  0.5547609808  1.387749e-01 0.9072
1  2.40e-01  0.5544474623  1.387749e-01 0.9072
1  2.51e-01  0.5541199121  1.387749e-01 0.9072
1  2.63e-01  0.5537743328  1.387749e-01 0.9072
1  2.75e-01  0.5534126199  1.387749e-01 0.9072
1  2.88e-01  0.5530339356  1.387749e-01 0.9072
1  3.02e-01  0.5526359774  1.387749e-01 0.9072
1  3.16e-01  0.5522166885  1.387749e-01 0.9072
1  3.31e-01  0.551778998  1.387749e-01 0.9072
1  3.47e-01  0.5513169589  1.387749e-01 0.9072
1  3.63e-01  0.5508334274  1.387749e-01 0.9072
1  3.80e-01  0.5503246931  1.387749e-01 0.9072
1  3.98e-01  0.549792697  1.387749e-01 0.9072
1  4.17e-01  0.5492321542  1.387749e-01 0.9072
1  4.37e-01  0.5486428985  1.387749e-01 0.9072
1  4.57e-01  0.5480239103  1.387749e-01 0.9072
1  4.79e-01  0.5473747722  1.387749e-01 0.9072
1  5.01e-01  0.5466901228  1.387749e-01 0.9072
1  5.25e-01  0.5459728319  1.387749e-01 0.9072
1  5.50e-01  0.5452189881  1.387749e-01 0.9072
1  5.75e-01  0.5444240541  1.387749e-01 0.9072
1  6.03e-01  0.5435910375  1.387749e-01 0.9072
1  6.31e-01  0.5427151374  1.387749e-01 0.9072
1  6.61e-01  0.5417909884  1.387749e-01 0.9072
1  6.92e-01  0.540820014  1.387749e-01 0.9072
1  7.24e-01  0.5398017285  1.387749e-01 0.9072
1  7.59e-01  0.5387273161  1.387749e-01 0.9072
1  7.94e-01  0.5375941993  1.387749e-01 0.9072
1  8.32e-01  0.5364073686  1.387749e-01 0.9072
1  8.71e-01  0.5351542574  1.387749e-01 0.9072
1  9.12e-01  0.5338386935  1.387749e-01 0.9072
1  9.55e-01  0.5324482099  1.387749e-01 0.9072
1  1.00e+00  0.5309870411  1.387749e-01 0.9072
1  1.05e+00  0.5294528413  1.387749e-01 0.9072
1  1.10e+00  0.5278333045  1.387749e-01 0.9072
1  1.15e+00  0.5261275362  1.387749e-01 0.9072
1  1.20e+00  0.5243318646  1.387749e-01 0.9072
1  1.26e+00  0.5224381371  1.387749e-01 0.9072
1  1.32e+00  0.5204442126  1.387749e-01 0.9072
1  1.38e+00  0.5183490307  1.387749e-01 0.9072
1  1.45e+00  0.5161427909  1.387749e-01 0.9072
1  1.51e+00  0.5138187675  1.387749e-01 0.9072
1  1.58e+00  0.5113655222  1.387749e-01 0.9072
1  1.66e+00  0.5087937561  1.387749e-01 0.9072
1  1.74e+00  0.5060842036  1.387749e-01 0.9072
1  1.82e+00  0.5032398249  1.387749e-01 0.9072
1  1.91e+00  0.5002438025  1.387749e-01 0.9072
1  2.00e+00  0.4970983358  1.387749e-01 0.9072
1  2.09e+00  0.4937976939  1.387749e-01 0.9072
1  2.19e+00  0.4903346826  1.387749e-01 0.9072
1  2.29e+00  0.4867167082  1.387749e-01 0.9072
1  2.40e+00  0.48291086  1.387749e-01 0.9072
1  2.51e+00  0.4789463922  1.387749e-01 0.9072
1  2.63e+00  0.4748055744  1.387749e-01 0.9072
1  2.75e+00  0.4704889751  1.387749e-01 0.9072
1  2.88e+00  0.4659873009  1.387749e-01 0.9072
1  3.02e+00  0.4613139176  1.387749e-01 0.9072
1  3.16e+00  0.4564820558  1.387749e-01 0.9072
1  3.31e+00  0.4514874216  1.387749e-01 0.9072
1  3.47e+00  0.44632965  1.387749e-01 0.9072
1  3.63e+00  0.4410243853  1.387749e-01 0.9072
1  3.80e+00  0.4356097318  1.387749e-01 0.9072
1  3.98e+00  0.4300694987  1.387749e-01 0.9072
1  4.17e+00  0.4244147823  1.387749e-01 0.9072
1  4.37e+00  0.4187139904  1.387749e-01 0.9072
1  4.57e+00  0.4129387989  1.387749e-01 0.9072
1  4.79e+00  0.4071669879  1.387749e-01 0.9072
1  5.01e+00  0.4013666976  1.387749e-01 0.9072
1  5.25e+00  0.3956102755  1.387749e-01 0.9072
1  5.50e+00  0.3899194219  1.387749e-01 0.9072
1  5.75e+00  0.3842900917  1.387749e-01 0.9072
1  6.03e+00  0.378777841  1.387749e-01 0.9072
1  6.31e+00  0.3734048068  1.387749e-01 0.9072
1  6.61e+00  0.3682024627  1.387749e-01 0.9072
1  6.92e+00  0.363174768  1.387749e-01 0.9072
1  7.24e+00  0.3583491447  1.387749e-01 0.9072
1  7.59e+00  0.3537392975  1.387749e-01 0.9072
1  7.94e+00  0.3493306228  1.387749e-01 0.9072
1  8.32e+00  0.3451595865  1.387749e-01 0.9072
1  8.71e+00  0.3412269723  1.387749e-01 0.9072
1  9.12e+00  0.3375566861  1.387749e-01 0.9072
1  9.55e+00  0.3340873605  1.387749e-01 0.9072
1  1.00e+01  0.3308618857  1.387749e-01 0.9072
1  1.05e+01  0.3278499281  1.387749e-01 0.9072
1  1.10e+01  0.3250828514  1.387749e-01 0.9072
1  1.15e+01  0.3224950078  1.387749e-01 0.9072
1  1.20e+01  0.3201202959  1.387749e-01 0.9072
1  1.26e+01  0.3179005815  1.387749e-01 0.9072
1  1.32e+01  0.315941052  1.387749e-01 0.9072
1  1.38e+01  0.3140412227  1.387749e-01 0.9072
1  1.45e+01  0.3123280646  1.387749e-01 0.9072
1  1.51e+01  0.310753398  1.387749e-01 0.9072
1  1.58e+01  0.3093323817  1.387749e-01 0.9072
1  1.66e+01  0.3079986579  1.387749e-01 0.9072
1  1.74e+01  0.3067940184  1.387749e-01 0.9072
1  1.82e+01  0.3057123404  1.387749e-01 0.9072
1  1.91e+01  0.3046744577  1.387749e-01 0.9072
1  2.00e+01  0.3037429615  1.387749e-01 0.9072
1  2.09e+01  0.3029047908  1.387749e-01 0.9072
1  2.19e+01  0.3020958689  1.387749e-01 0.9072
1  2.29e+01  0.3013828356  1.387749e-01 0.9072
1  2.40e+01  0.3006980046  1.387749e-01 0.9072
1  2.51e+01  0.3000811124  1.387749e-01 0.9072
1  2.63e+01  0.2994793996  1.387749e-01 0.9072
1  2.75e+01  0.2989474981  1.387749e-01 0.9072
1  2.88e+01  0.2984202606  1.387749e-01 0.9072
1  3.02e+01  0.2979396688  1.387749e-01 0.9072
1  3.16e+01  0.2974632578  1.387749e-01 0.9072
1  3.31e+01  0.2970213931  1.387749e-01 0.9072
1  3.47e+01  0.2966032038  1.387749e-01 0.9072
1  3.63e+01  0.2962064666  1.387749e-01 0.9072
1  3.80e+01  0.2958027197  1.387749e-01 0.9072
1  3.98e+01  0.2953895517  1.387749e-01 0.9072
1  4.17e+01  0.2949876165  1.387749e-01 0.9072
1  4.37e+01  0.2945901214  1.387749e-01 0.9072
1  4.57e+01  0.2941938553  1.387749e-01 0.9072
1  4.79e+01  0.2938015491  1.387749e-01 0.9072
1  5.01e+01  0.2933549527  1.387749e-01 0.9072
1  5.25e+01  0.2929083543  1.387749e-01 0.9072
1  5.50e+01  0.2924550627  1.387749e-01 0.9072
1  5.75e+01  0.2919560326  1.387749e-01 0.9072
1  6.03e+01  0.2914296167  1.387749e-01 0.9072
1  6.31e+01  0.2908604208  1.387749e-01 0.9072
1  6.61e+01  0.2902335433  1.387749e-01 0.9072
1  6.92e+01  0.2895777695  1.387749e-01 0.9072
1  7.24e+01  0.2888187838  1.387749e-01 0.9072
1  7.59e+01  0.2879935744  1.387749e-01 0.9072
1  7.94e+01  0.2870620564  1.387749e-01 0.9072
1  8.32e+01  0.2859892014  1.387749e-01 0.9072
1  8.71e+01  0.2847998479  1.387749e-01 0.9072
1  9.12e+01  0.2834052027  1.387749e-01 0.9072
1  9.55e+01  0.2818303517  1.387749e-01 0.9072
1  1.00e+02  0.2799583448  1.387749e-01 0.9072
1  1.05e+02  0.2777656429  1.387749e-01 0.9072
1  1.10e+02  0.2751234176  1.387749e-01 0.9072
1  1.15e+02  0.2719939333  1.387749e-01 0.9072
1  1.20e+02  0.2681772293  1.387749e-01 0.9072
1  1.26e+02  0.2634802341  1.387749e-01 0.9072
1  1.32e+02  0.2576833967  1.387749e-01 0.9072
1  1.38e+02  0.2504452354  1.387749e-01 0.9072
1  1.45e+02  0.2413814367  1.387749e-01 0.9072
1  1.51e+02  0.2299943854  1.387749e-01 0.9072
1  1.58e+02  0.2158387122  1.387749e-01 0.9072
1  1.66e+02  0.198618942  1.387749e-01 0.9072
1  1.74e+02  0.1784455461  1.387749e-01 0.9072
1  1.82e+02  0.1561108889  1.387749e-01 0.9072
1  1.91e+02  0.1331114706  1.387749e-01 0.9072
1  2.00e+02  0.1112618605  1.387749e-01 0.9072
1  2.09e+02  0.09203661941  1.387749e-01 0.9072
1  2.19e+02  0.07611208806  1.387749e-01 0.9072
1  2.29e+02  0.06351022775  1.387749e-01 0.9072
1  2.40e+02  0.0537734343  1.387749e-01 0.9072
1  2.51e+02  0.04634858391  1.387749e-01 0.9072
1  2.63e+02  0.04069754191  1.387749e-01 0.9072
1  2.75e+02  0.03638593682  1.387749e-01 0.9072
1  2.88e+02  0.0330722952  1.387749e-01 0.9072
1  3.02e+02  0.03050244932  1.387749e-01 0.9072
1  3.16e+02  0.02848854172  1.387749e-01 0.9072
1  3.31e+02  0.02689693468  1.387749e-01 0.9072
1  3.47e+02  0.0256264966  1.387749e-01 0.9072
1  3.63e+02  0.02460162583  1.387749e-01 0.9072
1  3.80e+02  0.02377005833  1.387749e-01 0.9072
1  3.98e+02  0.02308667586  1.387749e-01 0.9072
1  4.17e+02  0.02252569763  1.387749e-01 0.9072
1  4.37e+02  0.02206054676  1.387749e-01 0.9072
1  4.57e+02  0.021671007  1.387749e-01 0.9072
1  4.79e+02  0.02134302322  1.387749e-01 0.9072
1  5.01e+02  0.02106626161  1.387749e-01 0.9072
1  5.25e+02  0.02083191197  1.387749e-01 0.9072
1  5.50e+02  0.02063121633  1.387749e-01 0.9072
1  5.75e+02  0.02046008746  1.387749e-01 0.9072
1  6.03e+02  0.02031290537  1.387749e-01 0.9072
1  6.31e+02  0.02018627036  1.387749e-01 0.9072
1  6.61e+02  0.02007622893  1.387749e-01 0.9072
1  6.92e+02  0.01998077074  1.387749e-01 0.9072
1  7.24e+02  0.01989792524  1.387749e-01 0.9072
1  7.59e+02  0.0198252486  1.387749e-01 0.9072
1  7.94e+02  0.01976186451  1.387749e-01 0.9072
1  8.32e+02  0.01970600711  1.387749e-01 0.9072
1  8.71e+02  0.01965705644  1.387749e-01 0.9072
1  9.12e+02  0.01961405735  1.387749e-01 0.9072
1  9.55e+02  0.01957487099  1.387749e-01 0.9072
1  1.00e+03  0.01954158012  1.387749e-01 0.9072
1  1.05e+03  0.01951211948  1.387749e-01 0.9072
1  1.10e+03  0.01948602884  1.387749e-01 0.9072
1  1.15e+03  0.01946319564  1.387749e-01 0.9072
1  1.20e+03  0.01944176213  1.387749e-01 0.9072
1  1.26e+03  0.01942217642  1.387749e-01 0.9072
1  1.32e+03  0.01940582692  1.387749e-01 0.9072
1  1.38e+03  0.01939121445  1.387749e-01 0.9072
1  1.45e+03  0.01937820887  1.387749e-01 0.9072
1  1.51e+03  0.01936584762  1.387749e-01 0.9072
1  1.58e+03  0.01935528314  1.387749e-01 0.9072
1  1.66e+03  0.01934540572  1.387749e-01 0.9072
1  1.74e+03  0.01933751423  1.387749e-01 0.9072
1  1.82e+03  0.01932966609  1.387749e-01 0.9072
1  1.91e+03  0.01932239232  1.387749e-01 0.9072
1  2.00e+03  0.01931749934  1.387749e-01 0.9072
1  2.09e+03  0.01931094634  1.387749e-01 0.9072
1  2.19e+03  0.01930642961  1.387749e-01 0.9072
1  2.29e+03  0.01930227481  1.387749e-01 0.9072
1  2.40e+03  0.01929839015  1.387749e-01 0.9072
1  2.51e+03  0.0192935983  1.387749e-01 0.9072
1  2.63e+03  0.01929061326  1.387749e-01 0.9072
1  2.75e+03  0.01928660328  1.387749e-01 0.9072
1  2.88e+03  0.01928527512  1.387749e-01 0.9072
1  3.02e+03  0.01928423317  1.387749e-01 0.9072
1  3.16e+03  0.01927952379  1.387749e-01 0.9072
1  3.31e+03  0.01928277785  1.387749e-01 0.9072
1  3.47e+03  0.01927453168  1.387749e-01 0.9072
1  3.63e+03  0.01927504956  1.387749e-01 0.9072
1  3.80e+03  0.01927693308  1.387749e-01 0.9072
1  3.98e+03  0.01927291443  1.387749e-01 0.9072
1  4.17e+03  0.01926325021  1.387749e-01 0.9072
1  4.37e+03  0.019261672  1.387749e-01 0.9072
1  4.57e+03  0.01925922893  1.387749e-01 0.9072
1  4.79e+03  0.01925999984  1.387749e-01 0.9072
1  5.01e+03  0.01927094761  1.387749e-01 0.9072
1  5.25e+03  0.01930169372  1.387749e-01 0.9072
1  5.50e+03  0.01933314908  1.387749e-01 0.9072
1  5.75e+03  0.01929940916  1.387749e-01 0.9072
1  6.03e+03  0.01932387022  1.387749e-01 0.9072
1  6.31e+03  0.01942078166  1.387749e-01 0.9072
1  6.61e+03  0.01937097159  1.387749e-01 0.9072
1  6.92e+03  0.01955737878  1.387749e-01 0.9072
1  7.24e+03  0.01951563214  1.387749e-01 0.9072
1  7.59e+03  0.01972793064  1.387749e-01 0.9072
1  7.94e+03  0.01986241843  1.387749e-01 0.9072
1  8.32e+03  0.01993835107  1.387749e-01 0.9072
1  8.71e+03  0.0203127202  1.387749e-01 0.9072
1  9.12e+03  0.02071000597  1.387749e-01 0.9072
1  9.55e+03  0.02102183308  1.387749e-01 0.9072
1  1.00e+04  0.02141586306  1.387749e-01 0.9072
1  1.05e+04  0.02195222552  1.387749e-01 0.9072
1  1.10e+04  0.02270981475  1.387749e-01 0.9072
1  1.15e+04  0.02360778027  1.387749e-01 0.9072
1  1.20e+04  0.02473046211  1.387749e-01 0.9072
1  1.26e+04  0.02588763101  1.387749e-01 0.9072
1  1.32e+04  0.02730163338  1.387749e-01 0.9072
1  1.38e+04  0.02911292513  1.387749e-01 0.9072
1  1.45e+04  0.03134884164  1.387749e-01 0.9072
1  1.51e+04  0.03387966944  1.387749e-01 0.9072
1  1.58e+04  0.03644027037  1.387749e-01 0.9072
1  1.66e+04  0.03903029201  1.387749e-01 0.9072
1  1.74e+04  0.04203318416  1.387749e-01 0.9072
1  1.82e+04  0.04574588132  1.387749e-01 0.9072
1  1.91e+04  0.04977852823  1.387749e-01 0.9072
1  2.00e+04  0.05388436758  1.387749e-01 0.9072
1  2.09e+04  0.05895301589  1.387749e-01 0.9072
1  2.19e+04  0.06369104514  1.387749e-01 0.9072
1  2.29e+04  0.06890036513  1.387749e-01 0.9072
1  2.40e+04  0.07545506623  1.387749e-01 0.9072
1  2.51e+04  0.08047838574  1.387749e-01 0.9072
1  2.63e+04  0.08822876488  1.387749e-01 0.9072
1  2.75e+04  0.09377498403  1.387749e-01 0.9072
1  2.88e+04  0.1022273708  1.387749e-01 0.9072
1  3.02e+04  0.1084344018  1.387749e-01 0.9072
1  3.16e+04  0.1172488441  1.387749e-01 0.9072
1  3.31e+04  0.1247132345  1.387749e-01 0.9072
1  3.47e+04  0.1327309481  1.387749e-01 0.9072
1  3.63e+04  0.1421861143  1.387749e-01 0.9072
1  3.80e+04  0.1500473345  1.387749e-01 0.9072
1  3.98e+04  0.1584884686  1.387749e-01 0.9072
1  4.17e+04  0.1691104239  1.387749e-01 0.9072
1  4.37e+04  0.1775471754  1.387749e-01 0.9072
1  4.57e+04  0.1851385669  1.387749e-01 0.9072
1  4.79e+04  0.1962100566  1.387749e-01 0.9072
1  5.01e+04  0.2069350952  1.387749e-01 0.9072
1  5.25e+04  0.214400239  1.387749e-01 0.9072
1  5.50e+04  0.2224728548  1.387749e-01 0.9072
1  5.75e+04  0.2332801783  1.387749e-01 0.9072
1  6.03e+04  0.2444138143  1.387749e-01 0.9072
1  6.31e+04  0.2538300792  1.387749e-01 0.9072
1  6.61e+04  0.2617488899  1.387749e-01 0.9072
1  6.92e+04  0.2694193981  1.387749e-01 0.9072
1  7.24e+04  0.2781153914  1.387749e-01 0.9072
1  7.59e+04  0.2883510388  1.387749e-01 0.9072
1  7.94e+04  0.2992844147  1.387749e-01 0.9072
1  8.32e+04  0.3093441021  1.387749e-01 0.9072
1  8.71e+04  0.3176064125  1.387749e-01 0.9072
1  9.12e+04  0.3244014573  1.387749e-01 0.9072
1  9.55e+04  0.3307826311  1.387749e-01 0.9072
1  1.00e+05  0.3376692594  1.387749e-01 0.9072
1  1.05e+05  0.3454211607  1.387749e-01 0.9072
1  1.10e+05  0.3539285003  1.387749e-01 0.9072
1  1.15e+05  0.3628721014  1.387749e-01 0.9072
1  1.20e+05  0.3718877026  1.387749e-01 0.9072
1  1.26e+05  0.3806224453  1.387749e-01 0.9072
1  1.32e+05  0.3887717253  1.387749e-01 0.9072
1  1.38e+05  0.3961304367  1.387749e-01 0.9072
1  1.45e+05  0.4026324702  1.387749e-01 0.9072
1  1.51e+05  0.4083503933  1.387749e-01 0.9072
1  1.58e+05  0.4134556314  1.387749e-01 0.9072
1  1.66e+05  0.4181604122  1.387749e-01 0.9072
1  1.74e+05  0.4226651585  1.387749e-01 0.9072
1  1.82e+05  0.4271255776  1.387749e-01 0.9072
1  1.91e+05  0.4316418474  1.387749e-01 0.9072
1  2.00e+05  0.4362640506  1.387749e-01 0.9072
1  2.09e+05  0.4410052173  1.387749e-01 0.9072
1  2.19e+05  0.4458548553  1.387749e-01 0.9072
1  2.29e+05  0.4507892179  1.387749e-01 0.9072
1  2.40e+05  0.4557776263  1.387749e-01 0.9072
1  2.51e+05  0.4607858856  1.387749e-01 0.9072
1  2.63e+05  0.4657782236  1.387749e-01 0.9072
1  2.75e+05  0.4707187857  1.387749e-01 0.9072
1  2.88e+05  0.4755731259  1.387749e-01 0.9072
1  3.02e+05  0.4803096886  1.387749e-01 0.9072
1  3.16e+05  0.4849010831  1.387749e-01 0.9072
1  3.31e+05  0.4893249603  1.387749e-01 0.9072
1  3.47e+05  0.4935644027  1.387749e-01 0.9072
1  3.63e+05  0.4976078526  1.387749e-01 0.9072
1  3.80e+05  0.5014486786  1.387749e-01 0.9072
1  3.98e+05  0.5050845151  1.387749e-01 0.9072
1  4.17e+05  0.5085164991  1.387749e-01 0.9072
1  4.37e+05  0.5117485057  1.387749e-01 0.9072
1  4.57e+05  0.5147864468  1.387749e-01 0.9072
1  4.79e+05  0.5176376685  1.387749e-01 0.9072
1  5.01e+05  0.5203104576  1.387749e-01 0.9072
1  5.25e+05  0.5228136537  1.387749e-01 0.9072
1  5.50e+05  0.525156353  1.387749e-01 0.9072
1  5.75e+05  0.5273476897  1.387749e-01 0.9072
1  6.03e+05  0.5293966776  1.387749e-01 0.9072
1  6.31e+05  0.5313120987  1.387749e-01 0.9072
1  6.61e+05  0.5331024267  1.387749e-01 0.9072
1  6.92e+05  0.5347757776  1.387749e-01 0.9072
1  7.24e+05  0.536339878  1.387749e-01 0.9072
1  7.59e+05  0.5378020492  1.387749e-01 0.9072
1  7.94e+05  0.5391692009  1.387749e-01 0.9072
1  8.32e+05  0.5404478321  1.387749e-01 0.9072
1  8.71e+05  0.541644039  1.387749e-01 0.9072
1  9.12e+05  0.5427635253  1.387749e-01 0.9072
1  9.55e+05  0.5438116173  1.387749e-01 0.9072
1  1.00e+06  0.5447932794  1.387749e-01 0.9072
1  1.05e+06  0.5457131321  1.387749e-01 0.9072
1  1.10e+06  0.5465754703  1.387749e-01 0.9072
1  1.15e+06  0.5473842822  1.387749e-01 0.9072
1  1.20e+06  0.5481432677  1.387749e-01 0.9072
1  1.26e+06  0.5488558575  1.387749e-01 0.9072
1  1.32e+06  0.5495252307  1.387749e-01 0.9072
1  1.38e+06  0.5501543324  1.387749e-01 0.9072
1  1.45e+06  0.5507458902  1.387749e-01 0.9072
1  1.51e+06  0.5513024302  1.387749e-01 0.9072
1  1.58e+06  0.5518262918  1.387749e-01 0.9072
1  1.66e+06  0.5523196418  1.387749e-01 0.9072
1  1.74e+06  0.5527844874  1.387749e-01 0.9072
1  1.82e+06  0.5532226888  1.387749e-01 0.9072
1  1.91e+06  0.5536359731  1.387749e-01 0.9072
1  2.00e+06  0.5540259358  1.387749e-01 0.9072
1  2.09e+06  0.5543940602  1.387749e-01 0.9072
1  2.19e+06  0.5547417239  1.387749e-01 0.9072
1  2.29e+06  0.5550702054  1.387749e-01 0.9072
1  2.40e+06  0.5553806932  1.387749e-01 0.9072
1  2.51e+06  0.555674292  1.387749e-01 0.9072
1  2.63e+06  0.5559520301  1.387749e-01 0.9072
1  2.75e+06  0.5562148643  1.387749e-01 0.9072
1  2.88e+06  0.5564636859  1.387749e-01 0.9072
1  3.02e+06  0.5566993258  1.387749e-01 0.9072
1  3.16e+06  0.5569225591  1.387749e-01 0.9072
1  3.31e+06  0.5571341089  1.387749e-01 0.9072
1  3.47e+06  0.557334651  1.387749e-01 0.9072
1  3.63e+06  0.5575248163  1.387749e-01 0.9072
1  3.80e+06  0.5577051953  1.387749e-01 0.9072
1  3.98e+06  0.5578763405  1.387749e-01 0.9072
1  4.17e+06  0.5580387689  1.387749e-01 0.9072
1  4.37e+06  0.5581929651  1.387749e-01 0.9072
1  4.57e+06  0.5583393835  1.387749e-01 0.9072
1  4.79e+06  0.5584784502  1.387749e-01 0.9072
1  5.01e+06  0.5586105651  1.387749e-01 0.9072
1  5.25e+06  0.5587361039  1.387749e-01 0.9072
1  5.50e+06  0.5588554196  1.387749e-01 0.9072
1  5.75e+06  0.5589688442  1.387749e-01 0.9072
1  6.03e+06  0.5590766897  1.387749e-01 0.9072
1  6.31e+06  0.5591792502  1.387749e-01 0.9072
1  6.61e+06  0.5592768023  1.387749e-01 0.9072
1  6.92e+06  0.5593696069  1.387749e-01 0.9072
1  7.24e+06  0.5594579097  1.387749e-01 0.9072
1  7.59e+06  0.5595419425  1.387749e-01 0.9072
1  7.94e+06  0.5596219241  1.387749e-01 0.9072
1  8.32e+06  0.5596980611  1.387749e-01 0.9072
1  8.71e+06  0.5597705483  1.387749e-01 0.9072
1  9.12e+06  0.5598395701  1.387749e-01 0.9072
1  9.55e+06  0.5599053007  1.387749e-01 0.9072
1  1.00e+07  0.5599679046  1.387749e-01 0.9072
