1  1.00e-03  0.6086614438  5.008117e-01 0.9024
1  1.05e-03  0.6086600191  5.008117e-01 0.9024
1  1.10e-03  0.6086584332  5.008117e-01 0.9024
1  1.15e-03  0.6086567791  5.008117e-01 0.9024
1  1.20e-03  0.608655136  5.008117e-01 0.9024
1  1.26e-03  0.6086533265  5.008117e-01 0.9024
1  1.32e-03  0.608651376  5.008117e-01 0.9024
1  1.38e-03  0.6086494433  5.008117e-01 0.9024
1  1.45e-03  0.6086473979  5.008117e-01 0.9024
1  1.51e-03  0.6086452865  5.008117e-01 0.9024
1  1.58e-03  0.6086430642  5.008117e-01 0.9024
1  1.66e-03  0.6086406603  5.008117e-01 0.9024
1  1.74e-03  0.608638218  5.008117e-01 0.9024
1  1.82e-03  0.6086356375  5.008117e-01 0.9024
1  1.91e-03  0.6086330024  5.008117e-01 0.9024
1  2.00e-03  0.6086301895  5.008117e-01 0.9024
1  2.09e-03  0.6086271803  5.008117e-01 0.9024
1  2.19e-03  0.6086240986  5.008117e-01 0.9024
1  2.29e-03  0.6086208613  5.008117e-01 0.9024
1  2.40e-03  0.608617477  5.008117e-01 0.9024
1  2.51e-03  0.6086139362  5.008117e-01 0.9024
1  2.63e-03  0.6086101957  5.008117e-01 0.9024
1  2.75e-03  0.608606319  5.008117e-01 0.9024
1  2.88e-03  0.6086022459  5.008117e-01 0.9024
1  3.02e-03  0.6085979711  5.008117e-01 0.9024
1  3.16e-03  0.6085935192  5.008117e-01 0.9024
1  3.31e-03  0.6085888395  5.008117e-01 0.9024
1  3.47e-03  0.6085839432  5.008117e-01 0.9024
1  3.63e-03  0.6085788357  5.008117e-01 0.9024
1  3.80e-03  0.6085734495  5.008117e-01 0.9024
1  3.98e-03  0.608567794  5.008117e-01 0.9024
1  4.17e-03  0.6085619221  5.008117e-01 0.9024
1  4.37e-03  0.608555736  5.008117e-01 0.9024
1  4.57e-03  0.608549274  5.008117e-01 0.9024
1  4.79e-03  0.6085425251  5.008117e-01 0.9024
1  5.01e-03  0.6085354383  5.008117e-01 0.9024
1  5.25e-03  0.6085280004  5.008117e-01 0.9024
1  5.50e-03  0.6085202458  5.008117e-01 0.9024
1  5.75e-03  0.6085120976  5.008117e-01 0.9024
1  6.03e-03  0.6085035621  5.008117e-01 0.9024
1  6.31e-03  0.6084946638  5.008117e-01 0.9024
1  6.61e-03  0.6084852899  5.008117e-01 0.9024
1  6.92e-03  0.6084755185  5.008117e-01 0.9024
1  7.24e-03  0.6084652562  5.008117e-01 0.9024
1  7.59e-03  0.6084545228  5.008117e-01 0.9024
1  7.94e-03  0.6084432936  5.008117e-01 0.9024
1  8.32e-03  0.6084315005  5.008117e-01 0.9024
1  8.71e-03  0.6084192051  5.008117e-01 0.9024
1  9.12e-03  0.6084062579  5.008117e-01 0.9024
1  9.55e-03  0.6083927329  5.008117e-01 0.9024
1  1.00e-02  0.6083786156  5.008117e-01 0.9024
1  1.05e-02  0.6083637419  5.008117e-01 0.9024
1  1.10e-02  0.6083482186  5.008117e-01 0.9024
1  1.15e-02  0.6083319472  5.008117e-01 0.9024
1  1.20e-02  0.6083149114  5.008117e-01 0.9024
1  1.26e-02  0.6082971202  5.008117e-01 0.9024
1  1.32e-02  0.6082783817  5.008117e-01 0.9024
1  1.38e-02  0.6082588106  5.008117e-01 0.9024
1  1.45e-02  0.6082383256  5.008117e-01 0.9024
1  1.51e-02  0.608216888  5.008117e-01 0.9024
1  1.58e-02  0.6081943906  5.008117e-01 0.9024
1  1.66e-02  0.6081708269  5.008117e-01 0.9024
1  1.74e-02  0.6081462556  5.008117e-01 0.9024
1  1.82e-02  0.6081203714  5.008117e-01 0.9024
1  1.91e-02  0.6080933524  5.008117e-01 0.9024
1  2.00e-02  0.6080649684  5.008117e-01 0.9024
1  2.09e-02  0.6080353964  5.008117e-01 0.9024
1  2.19e-02  0.6080042979  5.008117e-01 0.9024
1  2.29e-02  0.6079717827  5.008117e-01 0.9024
1  2.40e-02  0.6079375968  5.008117e-01 0.9024
1  2.51e-02  0.6079019788  5.008117e-01 0.9024
1  2.63e-02  0.6078645461  5.008117e-01 0.9024
1  2.75e-02  0.6078253202  5.008117e-01 0.9024
1  2.88e-02  0.6077842758  5.008117e-01 0.9024
1  3.02e-02  0.607741396  5.008117e-01 0.9024
1  3.16e-02  0.6076963316  5.008117e-01 0.9024
1  3.31e-02  0.6076492161  5.008117e-01 0.9024
1  3.47e-02  0.607599827  5.008117e-01 0.9024
1  3.63e-02  0.6075480465  5.008117e-01 0.9024
1  3.80e-02  0.6074938651  5.008117e-01 0.9024
1  3.98e-02  0.6074369025  5.008117e-01 0.9024
1  4.17e-02  0.6073774387  5.008117e-01 0.9024
1  4.37e-02  0.6073152443  5.008117e-01 0.9024
1  4.57e-02  0.6072499547  5.008117e-01 0.9024
1  4.79e-02  0.6071814375  5.008117e-01 0.9024
1  5.01e-02  0.6071096607  5.008117e-01 0.9024
1  5.25e-02  0.607034532  5.008117e-01 0.9024
1  5.50e-02  0.6069559017  5.008117e-01 0.9024
1  5.75e-02  0.6068735146  5.008117e-01 0.9024
1  6.03e-02  0.6067871222  5.008117e-01 0.9024
1  6.31e-02  0.6066965683  5.008117e-01 0.9024
1  6.61e-02  0.6066015761  5.008117e-01 0.9024
1  6.92e-02  0.6065023459  5.008117e-01 0.9024
1  7.24e-02  0.6063983277  5.008117e-01 0.9024
1  7.59e-02  0.6062891286  5.008117e-01 0.9024
1  7.94e-02  0.6061744227  5.008117e-01 0.9024
1  8.32e-02  0.606054452  5.008117e-01 0.9024
1  8.71e-02  0.605928899  5.008117e-01 0.9024
1  9.12e-02  0.605797436  5.008117e-01 0.9024
1  9.55e-02  0.6056589731  5.008117e-01 0.9024
1  1.00e-01  0.6055142522  5.008117e-01 0.9024
1  1.05e-01  0.6053628606  5.008117e-01 0.9024
1  1.10e-01  0.6052032855  5.008117e-01 0.9024
1  1.15e-01  0.6050364677  5.008117e-01 0.9024
1  1.20e-01  0.604861602  5.008117e-01 0.9024
1  1.26e-01  0.604678366  5.008117e-01 0.9024
1  1.32e-01  0.6044864153  5.008117e-01 0.9024
1  1.38e-01  0.6042842639  5.008117e-01 0.9024
1  1.45e-01  0.6040728387  5.008117e-01 0.9024
1  1.51e-01  0.6038513497  5.008117e-01 0.9024
1  1.58e-01  0.603618694  5.008117e-01 0.9024
1  1.66e-01  0.6033741032  5.008117e-01 0.9024
1  1.74e-01  0.603118521  5.008117e-01 0.9024
1  1.82e-01  0.6028494233  5.008117e-01 0.9024
1  1.91e-01  0.6025678004  5.008117e-01 0.9024
1  2.00e-01  0.6022726714  5.008117e-01 0.9024
1  2.09e-01  0.6019616816  5.008117e-01 0.9024
1  2.19e-01  0.601636297  5.008117e-01 0.9024
1  2.29e-01  0.6012936873  5.008117e-01 0.9024
1  2.40e-01  0.6009352098  5.008117e-01 0.9024
1  2.51e-01  0.6005577872  5.008117e-01 0.9024
1  2.63e-01  0.6001625446  5.008117e-01 0.9024
1  2.75e-01  0.5997470365  5.008117e-01 0.9024
1  2.88e-01  0.5993096094  5.008117e-01 0.9024
1  3.02e-01  0.5988514741  5.008117e-01 0.9024
1  3.16e-01  0.598370713  5.008117e-01 0.9024
1  3.31e-01  0.5978638678  5.008117e-01 0.9024
1  3.47e-01  0.5973314239  5.008117e-01 0.9024
1  3.63e-01  0.5967720747  5.008117e-01 0.9024
1  3.80e-01  0.5961849187  5.008117e-01 0.9024
1  3.98e-01  0.5955680023  5.008117e-01 0.9024
1  4.17e-01  0.5949185034  5.008117e-01 0.9024
1  4.37e-01  0.5942351491  5.008117e-01 0.9024
1  4.57e-01  0.5935145815  5.008117e-01 0.9024
1  4.79e-01  0.5927593856  5.008117e-01 0.9024
1  5.01e-01  0.5919617299  5.008117e-01 0.9024
1  5.25e-01  0.5911246839  5.008117e-01 0.9024
1  5.50e-01  0.5902436388  5.008117e-01 0.9024
1  5.75e-01  0.5893123034  5.008117e-01 0.9024
1  6.03e-01  0.5883363521  5.008117e-01 0.9024
1  6.31e-01  0.5873048531  5.008117e-01 0.9024
1  6.61e-01  0.5862165193  5.008117e-01 0.9024
1  6.92e-01  0.5850718291  5.008117e-01 0.9024
1  7.24e-01  0.5838654493  5.008117e-01 0.9024
1  7.59e-01  0.5825934557  5.008117e-01 0.9024
1  7.94e-01  0.5812516142  5.008117e-01 0.9024
1  8.32e-01  0.5798320121  5.008117e-01 0.9024
1  8.71e-01  0.5783387395  5.008117e-01 0.9024
1  9.12e-01  0.5767577605  5.008117e-01 0.9024
1  9.55e-01  0.5750957363  5.008117e-01 0.9024
1  1.00e+00  0.573335593  5.008117e-01 0.9024
1  1.05e+00  0.571472911  5.008117e-01 0.9024
1  1.10e+00  0.5695087362  5.008117e-01 0.9024
1  1.15e+00  0.5674340488  5.008117e-01 0.9024
1  1.20e+00  0.5652379279  5.008117e-01 0.9024
1  1.26e+00  0.5629134765  5.008117e-01 0.9024
1  1.32e+00  0.5604541343  5.008117e-01 0.9024
1  1.38e+00  0.5578640982  5.008117e-01 0.9024
1  1.45e+00  0.555113123  5.008117e-01 0.9024
1  1.51e+00  0.5522001579  5.008117e-01 0.9024
1  1.58e+00  0.549126554  5.008117e-01 0.9024
1  1.66e+00  0.5458681804  5.008117e-01 0.9024
1  1.74e+00  0.5424218028  5.008117e-01 0.9024
1  1.82e+00  0.5387717147  5.008117e-01 0.9024
1  1.91e+00  0.534914682  5.008117e-01 0.9024
1  2.00e+00  0.5308429263  5.008117e-01 0.9024
1  2.09e+00  0.5265236443  5.008117e-01 0.9024
1  2.19e+00  0.5219666491  5.008117e-01 0.9024
1  2.29e+00  0.5171663861  5.008117e-01 0.9024
1  2.40e+00  0.5120829631  5.008117e-01 0.9024
1  2.51e+00  0.5067236581  5.008117e-01 0.9024
1  2.63e+00  0.5010944543  5.008117e-01 0.9024
1  2.75e+00  0.4951587181  5.008117e-01 0.9024
1  2.88e+00  0.4889453794  5.008117e-01 0.9024
1  3.02e+00  0.4824216013  5.008117e-01 0.9024
1  3.16e+00  0.4756033898  5.008117e-01 0.9024
1  3.31e+00  0.4684847302  5.008117e-01 0.9024
1  3.47e+00  0.4610607875  5.008117e-01 0.9024
1  3.63e+00  0.4533755486  5.008117e-01 0.9024
1  3.80e+00  0.4454507342  5.008117e-01 0.9024
1  3.98e+00  0.4372674084  5.008117e-01 0.9024
1  4.17e+00  0.428857499  5.008117e-01 0.9024
1  4.37e+00  0.4203060725  5.008117e-01 0.9024
1  4.57e+00  0.4115817886  5.008117e-01 0.9024
1  4.79e+00  0.4027951012  5.008117e-01 0.9024
1  5.01e+00  0.3939334807  5.008117e-01 0.9024
1  5.25e+00  0.385116829  5.008117e-01 0.9024
1  5.50e+00  0.3763082055  5.008117e-01 0.9024
1  5.75e+00  0.3676409611  5.008117e-01 0.9024
1  6.03e+00  0.3591221925  5.008117e-01 0.9024
1  6.31e+00  0.3508246899  5.008117e-01 0.9024
1  6.61e+00  0.3427986975  5.008117e-01 0.9024
1  6.92e+00  0.3350370622  5.008117e-01 0.9024
1  7.24e+00  0.3276134763  5.008117e-01 0.9024
1  7.59e+00  0.3205861358  5.008117e-01 0.9024
1  7.94e+00  0.3139053164  5.008117e-01 0.9024
1  8.32e+00  0.3075930189  5.008117e-01 0.9024
1  8.71e+00  0.3017064563  5.008117e-01 0.9024
1  9.12e+00  0.2962175532  5.008117e-01 0.9024
1  9.55e+00  0.2911053537  5.008117e-01 0.9024
1  1.00e+01  0.2863852766  5.008117e-01 0.9024
1  1.05e+01  0.2820227447  5.008117e-01 0.9024
1  1.10e+01  0.2780186784  5.008117e-01 0.9024
1  1.15e+01  0.2743497348  5.008117e-01 0.9024
1  1.20e+01  0.2710338499  5.008117e-01 0.9024
1  1.26e+01  0.2679669859  5.008117e-01 0.9024
1  1.32e+01  0.2651503053  5.008117e-01 0.9024
1  1.38e+01  0.2625792061  5.008117e-01 0.9024
1  1.45e+01  0.2602632345  5.008117e-01 0.9024
1  1.51e+01  0.2581574593  5.008117e-01 0.9024
1  1.58e+01  0.256258201  5.008117e-01 0.9024
1  1.66e+01  0.2545103302  5.008117e-01 0.9024
1  1.74e+01  0.2529356812  5.008117e-01 0.9024
1  1.82e+01  0.2514963667  5.008117e-01 0.9024
1  1.91e+01  0.250200147  5.008117e-01 0.9024
1  2.00e+01  0.2490320425  5.008117e-01 0.9024
1  2.09e+01  0.2479207025  5.008117e-01 0.9024
1  2.19e+01  0.2469399098  5.008117e-01 0.9024
1  2.29e+01  0.2460408822  5.008117e-01 0.9024
1  2.40e+01  0.2451974454  5.008117e-01 0.9024
1  2.51e+01  0.2444629917  5.008117e-01 0.9024
1  2.63e+01  0.2437551462  5.008117e-01 0.9024
1  2.75e+01  0.2430991617  5.008117e-01 0.9024
1  2.88e+01  0.2425077366  5.008117e-01 0.9024
1  3.02e+01  0.2419379082  5.008117e-01 0.9024
1  3.16e+01  0.2413822036  5.008117e-01 0.9024
1  3.31e+01  0.2409106267  5.008117e-01 0.9024
1  3.47e+01  0.2404201379  5.008117e-01 0.9024
1  3.63e+01  0.2399493407  5.008117e-01 0.9024
1  3.80e+01  0.239520983  5.008117e-01 0.9024
1  3.98e+01  0.2391107778  5.008117e-01 0.9024
1  4.17e+01  0.2386698116  5.008117e-01 0.9024
1  4.37e+01  0.2382626594  5.008117e-01 0.9024
1  4.57e+01  0.2378281366  5.008117e-01 0.9024
1  4.79e+01  0.2374149989  5.008117e-01 0.9024
1  5.01e+01  0.2369772783  5.008117e-01 0.9024
1  5.25e+01  0.2365600023  5.008117e-01 0.9024
1  5.50e+01  0.2360805478  5.008117e-01 0.9024
1  5.75e+01  0.235609915  5.008117e-01 0.9024
1  6.03e+01  0.2350834205  5.008117e-01 0.9024
1  6.31e+01  0.234536491  5.008117e-01 0.9024
1  6.61e+01  0.233958271  5.008117e-01 0.9024
1  6.92e+01  0.2333111765  5.008117e-01 0.9024
1  7.24e+01  0.2326060142  5.008117e-01 0.9024
1  7.59e+01  0.2318229394  5.008117e-01 0.9024
1  7.94e+01  0.2309655599  5.008117e-01 0.9024
1  8.32e+01  0.2299907122  5.008117e-01 0.9024
1  8.71e+01  0.2288860575  5.008117e-01 0.9024
1  9.12e+01  0.2275997106  5.008117e-01 0.9024
1  9.55e+01  0.2261461673  5.008117e-01 0.9024
1  1.00e+02  0.2244643413  5.008117e-01 0.9024
1  1.05e+02  0.2225175219  5.008117e-01 0.9024
1  1.10e+02  0.220183203  5.008117e-01 0.9024
1  1.15e+02  0.2174142704  5.008117e-01 0.9024
1  1.20e+02  0.2141075512  5.008117e-01 0.9024
1  1.26e+02  0.2100696632  5.008117e-01 0.9024
1  1.32e+02  0.2051955715  5.008117e-01 0.9024
1  1.38e+02  0.1991885682  5.008117e-01 0.9024
1  1.45e+02  0.191831728  5.008117e-01 0.9024
1  1.51e+02  0.1828487739  5.008117e-01 0.9024
1  1.58e+02  0.1719980693  5.008117e-01 0.9024
1  1.66e+02  0.1591685779  5.008117e-01 0.9024
1  1.74e+02  0.1445162849  5.008117e-01 0.9024
1  1.82e+02  0.1285828554  5.008117e-01 0.9024
1  1.91e+02  0.1122831433  5.008117e-01 0.9024
1  2.00e+02  0.09668738841  5.008117e-01 0.9024
1  2.09e+02  0.08267307545  5.008117e-01 0.9024
1  2.19e+02  0.07074511674  5.008117e-01 0.9024
1  2.29e+02  0.06101935843  5.008117e-01 0.9024
1  2.40e+02  0.053268779  5.008117e-01 0.9024
1  2.51e+02  0.04719701996  5.008117e-01 0.9024
1  2.63e+02  0.04247196286  5.008117e-01 0.9024
1  2.75e+02  0.03879787225  5.008117e-01 0.9024
1  2.88e+02  0.03591743964  5.008117e-01 0.9024
1  3.02e+02  0.0336601949  5.008117e-01 0.9024
1  3.16e+02  0.03186602335  5.008117e-01 0.9024
1  3.31e+02  0.03043919971  5.008117e-01 0.9024
1  3.47e+02  0.02929394599  5.008117e-01 0.9024
1  3.63e+02  0.02836178138  5.008117e-01 0.9024
1  3.80e+02  0.02760224002  5.008117e-01 0.9024
1  3.98e+02  0.02697652559  5.008117e-01 0.9024
1  4.17e+02  0.02645708265  5.008117e-01 0.9024
1  4.37e+02  0.026026672  5.008117e-01 0.9024
1  4.57e+02  0.02566338244  5.008117e-01 0.9024
1  4.79e+02  0.02535977021  5.008117e-01 0.9024
1  5.01e+02  0.02510062569  5.008117e-01 0.9024
1  5.25e+02  0.02488164521  5.008117e-01 0.9024
1  5.50e+02  0.02469505974  5.008117e-01 0.9024
1  5.75e+02  0.0245339546  5.008117e-01 0.9024
1  6.03e+02  0.02439555947  5.008117e-01 0.9024
1  6.31e+02  0.02427529085  5.008117e-01 0.9024
1  6.61e+02  0.02417178185  5.008117e-01 0.9024
1  6.92e+02  0.02408353599  5.008117e-01 0.9024
1  7.24e+02  0.02400455532  5.008117e-01 0.9024
1  7.59e+02  0.02393684319  5.008117e-01 0.9024
1  7.94e+02  0.02387584277  5.008117e-01 0.9024
1  8.32e+02  0.02382350561  5.008117e-01 0.9024
1  8.71e+02  0.02377763862  5.008117e-01 0.9024
1  9.12e+02  0.02373613602  5.008117e-01 0.9024
1  9.55e+02  0.02370067339  5.008117e-01 0.9024
1  1.00e+03  0.02366826698  5.008117e-01 0.9024
1  1.05e+03  0.02364107353  5.008117e-01 0.9024
1  1.10e+03  0.02361632005  5.008117e-01 0.9024
1  1.15e+03  0.02359304235  5.008117e-01 0.9024
1  1.20e+03  0.02357335757  5.008117e-01 0.9024
1  1.26e+03  0.0235553494  5.008117e-01 0.9024
1  1.32e+03  0.02354069523  5.008117e-01 0.9024
1  1.38e+03  0.02352673619  5.008117e-01 0.9024
1  1.45e+03  0.02351373732  5.008117e-01 0.9024
1  1.51e+03  0.02350265429  5.008117e-01 0.9024
1  1.58e+03  0.02349161613  5.008117e-01 0.9024
1  1.66e+03  0.02348284496  5.008117e-01 0.9024
1  1.74e+03  0.02347473326  5.008117e-01 0.9024
1  1.82e+03  0.02346730274  5.008117e-01 0.9024
1  1.91e+03  0.02346074075  5.008117e-01 0.9024
1  2.00e+03  0.0234550705  5.008117e-01 0.9024
1  2.09e+03  0.02344978831  5.008117e-01 0.9024
1  2.19e+03  0.02344550873  5.008117e-01 0.9024
1  2.29e+03  0.02344077341  5.008117e-01 0.9024
1  2.40e+03  0.02343686455  5.008117e-01 0.9024
1  2.51e+03  0.02343376661  5.008117e-01 0.9024
1  2.63e+03  0.02343000942  5.008117e-01 0.9024
1  2.75e+03  0.02342779224  5.008117e-01 0.9024
1  2.88e+03  0.02342540465  5.008117e-01 0.9024
1  3.02e+03  0.02342280359  5.008117e-01 0.9024
1  3.16e+03  0.02342176383  5.008117e-01 0.9024
1  3.31e+03  0.02341847573  5.008117e-01 0.9024
1  3.47e+03  0.02341845222  5.008117e-01 0.9024
1  3.63e+03  0.02341635156  5.008117e-01 0.9024
1  3.80e+03  0.02341454456  5.008117e-01 0.9024
1  3.98e+03  0.02341288888  5.008117e-01 0.9024
1  4.17e+03  0.02341352569  5.008117e-01 0.9024
1  4.37e+03  0.02341464936  5.008117e-01 0.9024
1  4.57e+03  0.02341198717  5.008117e-01 0.9024
1  4.79e+03  0.0234157472  5.008117e-01 0.9024
1  5.01e+03  0.02341277899  5.008117e-01 0.9024
1  5.25e+03  0.02340322488  5.008117e-01 0.9024
1  5.50e+03  0.0234031296  5.008117e-01 0.9024
1  5.75e+03  0.02342655495  5.008117e-01 0.9024
1  6.03e+03  0.02341609652  5.008117e-01 0.9024
1  6.31e+03  0.02341365391  5.008117e-01 0.9024
1  6.61e+03  0.02344880151  5.008117e-01 0.9024
1  6.92e+03  0.0234269997  5.008117e-01 0.9024
1  7.24e+03  0.02347535859  5.008117e-01 0.9024
1  7.59e+03  0.02351008335  5.008117e-01 0.9024
1  7.94e+03  0.02349380366  5.008117e-01 0.9024
1  8.32e+03  0.02361446656  5.008117e-01 0.9024
1  8.71e+03  0.02371218574  5.008117e-01 0.9024
1  9.12e+03  0.02375181991  5.008117e-01 0.9024
1  9.55e+03  0.02384836904  5.008117e-01 0.9024
1  1.00e+04  0.02405301027  5.008117e-01 0.9024
1  1.05e+04  0.02432307846  5.008117e-01 0.9024
1  1.10e+04  0.02471408195  5.008117e-01 0.9024
1  1.15e+04  0.02509870217  5.008117e-01 0.9024
1  1.20e+04  0.02567837105  5.008117e-01 0.9024
1  1.26e+04  0.02628478608  5.008117e-01 0.9024
1  1.32e+04  0.02693100683  5.008117e-01 0.9024
1  1.38e+04  0.02777331952  5.008117e-01 0.9024
1  1.45e+04  0.02892384333  5.008117e-01 0.9024
1  1.51e+04  0.03047783743  5.008117e-01 0.9024
1  1.58e+04  0.03229233093  5.008117e-01 0.9024
1  1.66e+04  0.03407720937  5.008117e-01 0.9024
1  1.74e+04  0.03586563337  5.008117e-01 0.9024
1  1.82e+04  0.03821505905  5.008117e-01 0.9024
1  1.91e+04  0.0414488186  5.008117e-01 0.9024
1  2.00e+04  0.04463980169  5.008117e-01 0.9024
1  2.09e+04  0.04786237695  5.008117e-01 0.9024
1  2.19e+04  0.05186889584  5.008117e-01 0.9024
1  2.29e+04  0.0560780574  5.008117e-01 0.9024
1  2.40e+04  0.06098761996  5.008117e-01 0.9024
1  2.51e+04  0.0656279591  5.008117e-01 0.9024
1  2.63e+04  0.07170970555  5.008117e-01 0.9024
1  2.75e+04  0.0769147208  5.008117e-01 0.9024
1  2.88e+04  0.08393018618  5.008117e-01 0.9024
1  3.02e+04  0.08994261206  5.008117e-01 0.9024
1  3.16e+04  0.09741741918  5.008117e-01 0.9024
1  3.31e+04  0.1049743472  5.008117e-01 0.9024
1  3.47e+04  0.1118998556  5.008117e-01 0.9024
1  3.63e+04  0.1212667554  5.008117e-01 0.9024
1  3.80e+04  0.1290568586  5.008117e-01 0.9024
1  3.98e+04  0.1367394311  5.008117e-01 0.9024
1  4.17e+04  0.1478344222  5.008117e-01 0.9024
1  4.37e+04  0.1563775228  5.008117e-01 0.9024
1  4.57e+04  0.1636999188  5.008117e-01 0.9024
1  4.79e+04  0.1752295679  5.008117e-01 0.9024
1  5.01e+04  0.1866162741  5.008117e-01 0.9024
1  5.25e+04  0.1945179638  5.008117e-01 0.9024
1  5.50e+04  0.2029464935  5.008117e-01 0.9024
1  5.75e+04  0.2142920033  5.008117e-01 0.9024
1  6.03e+04  0.2264193246  5.008117e-01 0.9024
1  6.31e+04  0.2370765135  5.008117e-01 0.9024
1  6.61e+04  0.2459235418  5.008117e-01 0.9024
1  6.92e+04  0.254142876  5.008117e-01 0.9024
1  7.24e+04  0.2635440972  5.008117e-01 0.9024
1  7.59e+04  0.275042564  5.008117e-01 0.9024
1  7.94e+04  0.2876313417  5.008117e-01 0.9024
1  8.32e+04  0.2993073252  5.008117e-01 0.9024
1  8.71e+04  0.3088894978  5.008117e-01 0.9024
1  9.12e+04  0.3167344167  5.008117e-01 0.9024
1  9.55e+04  0.3240642575  5.008117e-01 0.9024
1  1.00e+05  0.3319630241  5.008117e-01 0.9024
1  1.05e+05  0.340897812  5.008117e-01 0.9024
1  1.10e+05  0.3508087132  5.008117e-01 0.9024
1  1.15e+05  0.3613702832  5.008117e-01 0.9024
1  1.20e+05  0.372154815  5.008117e-01 0.9024
1  1.26e+05  0.3827047204  5.008117e-01 0.9024
1  1.32e+05  0.3926037114  5.008117e-01 0.9024
1  1.38e+05  0.4015629099  5.008117e-01 0.9024
1  1.45e+05  0.409478807  5.008117e-01 0.9024
1  1.51e+05  0.4164313819  5.008117e-01 0.9024
1  1.58e+05  0.4226297882  5.008117e-01 0.9024
1  1.66e+05  0.4283365715  5.008117e-01 0.9024
1  1.74e+05  0.4338009217  5.008117e-01 0.9024
1  1.82e+05  0.4392177681  5.008117e-01 0.9024
1  1.91e+05  0.4447144957  5.008117e-01 0.9024
1  2.00e+05  0.4503573673  5.008117e-01 0.9024
1  2.09e+05  0.4561669216  5.008117e-01 0.9024
1  2.19e+05  0.4621338485  5.008117e-01 0.9024
1  2.29e+05  0.4682310341  5.008117e-01 0.9024
1  2.40e+05  0.4744211065  5.008117e-01 0.9024
1  2.51e+05  0.4806607562  5.008117e-01 0.9024
1  2.63e+05  0.4869034788  5.008117e-01 0.9024
1  2.75e+05  0.4931018676  5.008117e-01 0.9024
1  2.88e+05  0.4992098834  5.008117e-01 0.9024
1  3.02e+05  0.505185025  5.008117e-01 0.9024
1  3.16e+05  0.5109901372  5.008117e-01 0.9024
1  3.31e+05  0.5165946285  5.008117e-01 0.9024
1  3.47e+05  0.5219750109  5.008117e-01 0.9024
1  3.63e+05  0.5271148188  5.008117e-01 0.9024
1  3.80e+05  0.5320040514  5.008117e-01 0.9024
1  3.98e+05  0.5366383198  5.008117e-01 0.9024
1  4.17e+05  0.5410178631  5.008117e-01 0.9024
1  4.37e+05  0.5451465627  5.008117e-01 0.9024
1  4.57e+05  0.5490310377  5.008117e-01 0.9024
1  4.79e+05  0.5526798664  5.008117e-01 0.9024
1  5.01e+05  0.5561029468  5.008117e-01 0.9024
1  5.25e+05  0.55931099  5.008117e-01 0.9024
1  5.50e+05  0.5623151322  5.008117e-01 0.9024
1  5.75e+05  0.565126644  5.008117e-01 0.9024
1  6.03e+05  0.5677567171  5.008117e-01 0.9024
1  6.31e+05  0.5702163116  5.008117e-01 0.9024
1  6.61e+05  0.5725160496  5.008117e-01 0.9024
1  6.92e+05  0.5746661415  5.008117e-01 0.9024
1  7.24e+05  0.5766763399  5.008117e-01 0.9024
1  7.59e+05  0.5785559105  5.008117e-01 0.9024
1  7.94e+05  0.5803136192  5.008117e-01 0.9024
1  8.32e+05  0.5819577285  5.008117e-01 0.9024
1  8.71e+05  0.5834960022  5.008117e-01 0.9024
1  9.12e+05  0.5849357164  5.008117e-01 0.9024
1  9.55e+05  0.5862836748  5.008117e-01 0.9024
1  1.00e+06  0.5875462269  5.008117e-01 0.9024
1  1.05e+06  0.5887292883  5.008117e-01 0.9024
1  1.10e+06  0.5898383634  5.008117e-01 0.9024
1  1.15e+06  0.5908785672  5.008117e-01 0.9024
1  1.20e+06  0.5918546492  5.008117e-01 0.9024
1  1.26e+06  0.5927710153  5.008117e-01 0.9024
1  1.32e+06  0.5936317513  5.008117e-01 0.9024
1  1.38e+06  0.5944406436  5.008117e-01 0.9024
1  1.45e+06  0.595201201  5.008117e-01 0.9024
1  1.51e+06  0.5959166739  5.008117e-01 0.9024
1  1.58e+06  0.5965900736  5.008117e-01 0.9024
1  1.66e+06  0.59722419  5.008117e-01 0.9024
1  1.74e+06  0.5978216083  5.008117e-01 0.9024
1  1.82e+06  0.598384725  5.008117e-01 0.9024
1  1.91e+06  0.5989157639  5.008117e-01 0.9024
1  2.00e+06  0.599416782  5.008117e-01 0.9024
1  2.09e+06  0.5998896909  5.008117e-01 0.9024
1  2.19e+06  0.6003362651  5.008117e-01 0.9024
1  2.29e+06  0.6007581534  5.008117e-01 0.9024
1  2.40e+06  0.6011568871  5.008117e-01 0.9024
1  2.51e+06  0.6015338905  5.008117e-01 0.9024
1  2.63e+06  0.6018904882  5.008117e-01 0.9024
1  2.75e+06  0.6022279139  5.008117e-01 0.9024
1  2.88e+06  0.6025473163  5.008117e-01 0.9024
1  3.02e+06  0.6028497662  5.008117e-01 0.9024
1  3.16e+06  0.603136262  5.008117e-01 0.9024
1  3.31e+06  0.6034077361  5.008117e-01 0.9024
1  3.47e+06  0.6036650586  5.008117e-01 0.9024
1  3.63e+06  0.6039090428  5.008117e-01 0.9024
1  3.80e+06  0.6041404491  5.008117e-01 0.9024
1  3.98e+06  0.6043599889  5.008117e-01 0.9024
1  4.17e+06  0.6045683284  5.008117e-01 0.9024
1  4.37e+06  0.6047660915  5.008117e-01 0.9024
1  4.57e+06  0.6049538632  5.008117e-01 0.9024
1  4.79e+06  0.6051321921  5.008117e-01 0.9024
1  5.01e+06  0.6053015929  5.008117e-01 0.9024
1  5.25e+06  0.6054625491  5.008117e-01 0.9024
1  5.50e+06  0.605615515  5.008117e-01 0.9024
1  5.75e+06  0.6057609176  5.008117e-01 0.9024
1  6.03e+06  0.6058991586  5.008117e-01 0.9024
1  6.31e+06  0.6060306159  5.008117e-01 0.9024
1  6.61e+06  0.6061556455  5.008117e-01 0.9024
1  6.92e+06  0.6062745827  5.008117e-01 0.9024
1  7.24e+06  0.6063877435  5.008117e-01 0.9024
1  7.59e+06  0.606495426  5.008117e-01 0.9024
1  7.94e+06  0.6065979113  5.008117e-01 0.9024
1  8.32e+06  0.6066954647  5.008117e-01 0.9024
1  8.71e+06  0.6067883369  5.008117e-01 0.9024
1  9.12e+06  0.6068767646  5.008117e-01 0.9024
1  9.55e+06  0.6069609715  5.008117e-01 0.9024
1  1.00e+07  0.6070411691  5.008117e-01 0.9024
