1  1.00e-03  0.5527135655  5.620812e-01 1.0128000000000001
1  1.05e-03  0.5527123795  5.620812e-01 1.0128000000000001
1  1.10e-03  0.5527109815  5.620812e-01 1.0128000000000001
1  1.15e-03  0.5527097168  5.620812e-01 1.0128000000000001
1  1.20e-03  0.5527081745  5.620812e-01 1.0128000000000001
1  1.26e-03  0.5527067111  5.620812e-01 1.0128000000000001
1  1.32e-03  0.5527050562  5.620812e-01 1.0128000000000001
1  1.38e-03  0.5527033201  5.620812e-01 1.0128000000000001
1  1.45e-03  0.5527015705  5.620812e-01 1.0128000000000001
1  1.51e-03  0.5526998577  5.620812e-01 1.0128000000000001
1  1.58e-03  0.5526978292  5.620812e-01 1.0128000000000001
1  1.66e-03  0.5526958937  5.620812e-01 1.0128000000000001
1  1.74e-03  0.5526938041  5.620812e-01 1.0128000000000001
1  1.82e-03  0.5526915759  5.620812e-01 1.0128000000000001
1  1.91e-03  0.5526892586  5.620812e-01 1.0128000000000001
1  2.00e-03  0.5526868187  5.620812e-01 1.0128000000000001
1  2.09e-03  0.5526842504  5.620812e-01 1.0128000000000001
1  2.19e-03  0.5526816271  5.620812e-01 1.0128000000000001
1  2.29e-03  0.5526788993  5.620812e-01 1.0128000000000001
1  2.40e-03  0.5526760207  5.620812e-01 1.0128000000000001
1  2.51e-03  0.5526729153  5.620812e-01 1.0128000000000001
1  2.63e-03  0.5526697588  5.620812e-01 1.0128000000000001
1  2.75e-03  0.5526664155  5.620812e-01 1.0128000000000001
1  2.88e-03  0.5526629394  5.620812e-01 1.0128000000000001
1  3.02e-03  0.5526592556  5.620812e-01 1.0128000000000001
1  3.16e-03  0.5526554639  5.620812e-01 1.0128000000000001
1  3.31e-03  0.5526514225  5.620812e-01 1.0128000000000001
1  3.47e-03  0.5526472279  5.620812e-01 1.0128000000000001
1  3.63e-03  0.5526428435  5.620812e-01 1.0128000000000001
1  3.80e-03  0.5526382557  5.620812e-01 1.0128000000000001
1  3.98e-03  0.5526334077  5.620812e-01 1.0128000000000001
1  4.17e-03  0.5526283731  5.620812e-01 1.0128000000000001
1  4.37e-03  0.5526230958  5.620812e-01 1.0128000000000001
1  4.57e-03  0.5526175463  5.620812e-01 1.0128000000000001
1  4.79e-03  0.5526117597  5.620812e-01 1.0128000000000001
1  5.01e-03  0.5526056802  5.620812e-01 1.0128000000000001
1  5.25e-03  0.5525993238  5.620812e-01 1.0128000000000001
1  5.50e-03  0.5525926818  5.620812e-01 1.0128000000000001
1  5.75e-03  0.5525857096  5.620812e-01 1.0128000000000001
1  6.03e-03  0.5525783994  5.620812e-01 1.0128000000000001
1  6.31e-03  0.5525707727  5.620812e-01 1.0128000000000001
1  6.61e-03  0.5525627387  5.620812e-01 1.0128000000000001
1  6.92e-03  0.5525543833  5.620812e-01 1.0128000000000001
1  7.24e-03  0.5525455978  5.620812e-01 1.0128000000000001
1  7.59e-03  0.5525363839  5.620812e-01 1.0128000000000001
1  7.94e-03  0.5525267904  5.620812e-01 1.0128000000000001
1  8.32e-03  0.5525166754  5.620812e-01 1.0128000000000001
1  8.71e-03  0.5525061319  5.620812e-01 1.0128000000000001
1  9.12e-03  0.552495064  5.620812e-01 1.0128000000000001
1  9.55e-03  0.5524834939  5.620812e-01 1.0128000000000001
1  1.00e-02  0.5524713804  5.620812e-01 1.0128000000000001
1  1.05e-02  0.5524586796  5.620812e-01 1.0128000000000001
1  1.10e-02  0.5524453587  5.620812e-01 1.0128000000000001
1  1.15e-02  0.5524314621  5.620812e-01 1.0128000000000001
1  1.20e-02  0.5524168777  5.620812e-01 1.0128000000000001
1  1.26e-02  0.5524016159  5.620812e-01 1.0128000000000001
1  1.32e-02  0.5523855817  5.620812e-01 1.0128000000000001
1  1.38e-02  0.5523688485  5.620812e-01 1.0128000000000001
1  1.45e-02  0.5523512865  5.620812e-01 1.0128000000000001
1  1.51e-02  0.5523329157  5.620812e-01 1.0128000000000001
1  1.58e-02  0.552313673  5.620812e-01 1.0128000000000001
1  1.66e-02  0.5522935403  5.620812e-01 1.0128000000000001
1  1.74e-02  0.5522724713  5.620812e-01 1.0128000000000001
1  1.82e-02  0.5522503227  5.620812e-01 1.0128000000000001
1  1.91e-02  0.5522272522  5.620812e-01 1.0128000000000001
1  2.00e-02  0.5522029556  5.620812e-01 1.0128000000000001
1  2.09e-02  0.5521776096  5.620812e-01 1.0128000000000001
1  2.19e-02  0.5521509771  5.620812e-01 1.0128000000000001
1  2.29e-02  0.5521231757  5.620812e-01 1.0128000000000001
1  2.40e-02  0.552093952  5.620812e-01 1.0128000000000001
1  2.51e-02  0.5520634958  5.620812e-01 1.0128000000000001
1  2.63e-02  0.5520315178  5.620812e-01 1.0128000000000001
1  2.75e-02  0.5519979944  5.620812e-01 1.0128000000000001
1  2.88e-02  0.551962816  5.620812e-01 1.0128000000000001
1  3.02e-02  0.5519261641  5.620812e-01 1.0128000000000001
1  3.16e-02  0.5518875628  5.620812e-01 1.0128000000000001
1  3.31e-02  0.5518472763  5.620812e-01 1.0128000000000001
1  3.47e-02  0.5518050627  5.620812e-01 1.0128000000000001
1  3.63e-02  0.5517607808  5.620812e-01 1.0128000000000001
1  3.80e-02  0.5517145244  5.620812e-01 1.0128000000000001
1  3.98e-02  0.5516658965  5.620812e-01 1.0128000000000001
1  4.17e-02  0.551615178  5.620812e-01 1.0128000000000001
1  4.37e-02  0.5515618341  5.620812e-01 1.0128000000000001
1  4.57e-02  0.5515060953  5.620812e-01 1.0128000000000001
1  4.79e-02  0.5514477315  5.620812e-01 1.0128000000000001
1  5.01e-02  0.5513864765  5.620812e-01 1.0128000000000001
1  5.25e-02  0.551322324  5.620812e-01 1.0128000000000001
1  5.50e-02  0.5512550092  5.620812e-01 1.0128000000000001
1  5.75e-02  0.551184618  5.620812e-01 1.0128000000000001
1  6.03e-02  0.5511108825  5.620812e-01 1.0128000000000001
1  6.31e-02  0.5510338887  5.620812e-01 1.0128000000000001
1  6.61e-02  0.5509528438  5.620812e-01 1.0128000000000001
1  6.92e-02  0.5508681867  5.620812e-01 1.0128000000000001
1  7.24e-02  0.5507792039  5.620812e-01 1.0128000000000001
1  7.59e-02  0.5506862108  5.620812e-01 1.0128000000000001
1  7.94e-02  0.5505885296  5.620812e-01 1.0128000000000001
1  8.32e-02  0.5504864436  5.620812e-01 1.0128000000000001
1  8.71e-02  0.5503791981  5.620812e-01 1.0128000000000001
1  9.12e-02  0.5502671171  5.620812e-01 1.0128000000000001
1  9.55e-02  0.5501497403  5.620812e-01 1.0128000000000001
1  1.00e-01  0.5500262142  5.620812e-01 1.0128000000000001
1  1.05e-01  0.5498970744  5.620812e-01 1.0128000000000001
1  1.10e-01  0.549762047  5.620812e-01 1.0128000000000001
1  1.15e-01  0.5496202076  5.620812e-01 1.0128000000000001
1  1.20e-01  0.5494713673  5.620812e-01 1.0128000000000001
1  1.26e-01  0.5493153971  5.620812e-01 1.0128000000000001
1  1.32e-01  0.5491519407  5.620812e-01 1.0128000000000001
1  1.38e-01  0.5489810101  5.620812e-01 1.0128000000000001
1  1.45e-01  0.548801462  5.620812e-01 1.0128000000000001
1  1.51e-01  0.5486134321  5.620812e-01 1.0128000000000001
1  1.58e-01  0.5484157947  5.620812e-01 1.0128000000000001
1  1.66e-01  0.5482095086  5.620812e-01 1.0128000000000001
1  1.74e-01  0.5479921523  5.620812e-01 1.0128000000000001
1  1.82e-01  0.5477652272  5.620812e-01 1.0128000000000001
1  1.91e-01  0.5475267203  5.620812e-01 1.0128000000000001
1  2.00e-01  0.547276018  5.620812e-01 1.0128000000000001
1  2.09e-01  0.5470142454  5.620812e-01 1.0128000000000001
1  2.19e-01  0.5467387616  5.620812e-01 1.0128000000000001
1  2.29e-01  0.5464507048  5.620812e-01 1.0128000000000001
1  2.40e-01  0.546147507  5.620812e-01 1.0128000000000001
1  2.51e-01  0.5458305767  5.620812e-01 1.0128000000000001
1  2.63e-01  0.5454966368  5.620812e-01 1.0128000000000001
1  2.75e-01  0.5451469182  5.620812e-01 1.0128000000000001
1  2.88e-01  0.5447809302  5.620812e-01 1.0128000000000001
1  3.02e-01  0.5443961145  5.620812e-01 1.0128000000000001
1  3.16e-01  0.5439908526  5.620812e-01 1.0128000000000001
1  3.31e-01  0.5435679811  5.620812e-01 1.0128000000000001
1  3.47e-01  0.5431218265  5.620812e-01 1.0128000000000001
1  3.63e-01  0.5426547955  5.620812e-01 1.0128000000000001
1  3.80e-01  0.5421632917  5.620812e-01 1.0128000000000001
1  3.98e-01  0.5416494246  5.620812e-01 1.0128000000000001
1  4.17e-01  0.5411081894  5.620812e-01 1.0128000000000001
1  4.37e-01  0.5405392847  5.620812e-01 1.0128000000000001
1  4.57e-01  0.539942378  5.620812e-01 1.0128000000000001
1  4.79e-01  0.5393159096  5.620812e-01 1.0128000000000001
1  5.01e-01  0.5386554807  5.620812e-01 1.0128000000000001
1  5.25e-01  0.5379637287  5.620812e-01 1.0128000000000001
1  5.50e-01  0.5372367837  5.620812e-01 1.0128000000000001
1  5.75e-01  0.5364700924  5.620812e-01 1.0128000000000001
1  6.03e-01  0.5356676568  5.620812e-01 1.0128000000000001
1  6.31e-01  0.5348233304  5.620812e-01 1.0128000000000001
1  6.61e-01  0.5339329811  5.620812e-01 1.0128000000000001
1  6.92e-01  0.5329980429  5.620812e-01 1.0128000000000001
1  7.24e-01  0.5320179457  5.620812e-01 1.0128000000000001
1  7.59e-01  0.5309842523  5.620812e-01 1.0128000000000001
1  7.94e-01  0.5298939542  5.620812e-01 1.0128000000000001
1  8.32e-01  0.5287523976  5.620812e-01 1.0128000000000001
1  8.71e-01  0.5275477666  5.620812e-01 1.0128000000000001
1  9.12e-01  0.526283976  5.620812e-01 1.0128000000000001
1  9.55e-01  0.5249481027  5.620812e-01 1.0128000000000001
1  1.00e+00  0.5235453047  5.620812e-01 1.0128000000000001
1  1.05e+00  0.5220732692  5.620812e-01 1.0128000000000001
1  1.10e+00  0.5205198484  5.620812e-01 1.0128000000000001
1  1.15e+00  0.5188842697  5.620812e-01 1.0128000000000001
1  1.20e+00  0.5171638926  5.620812e-01 1.0128000000000001
1  1.26e+00  0.5153499042  5.620812e-01 1.0128000000000001
1  1.32e+00  0.5134415045  5.620812e-01 1.0128000000000001
1  1.38e+00  0.5114380771  5.620812e-01 1.0128000000000001
1  1.45e+00  0.5093288593  5.620812e-01 1.0128000000000001
1  1.51e+00  0.5071082736  5.620812e-01 1.0128000000000001
1  1.58e+00  0.504765993  5.620812e-01 1.0128000000000001
1  1.66e+00  0.5023121514  5.620812e-01 1.0128000000000001
1  1.74e+00  0.4997303152  5.620812e-01 1.0128000000000001
1  1.82e+00  0.4970207382  5.620812e-01 1.0128000000000001
1  1.91e+00  0.4941691596  5.620812e-01 1.0128000000000001
1  2.00e+00  0.4911758275  5.620812e-01 1.0128000000000001
1  2.09e+00  0.4880410242  5.620812e-01 1.0128000000000001
1  2.19e+00  0.4847523599  5.620812e-01 1.0128000000000001
1  2.29e+00  0.48132042  5.620812e-01 1.0128000000000001
1  2.40e+00  0.4777130192  5.620812e-01 1.0128000000000001
1  2.51e+00  0.4739555938  5.620812e-01 1.0128000000000001
1  2.63e+00  0.470042265  5.620812e-01 1.0128000000000001
1  2.75e+00  0.4659602041  5.620812e-01 1.0128000000000001
1  2.88e+00  0.4617045061  5.620812e-01 1.0128000000000001
1  3.02e+00  0.4573004204  5.620812e-01 1.0128000000000001
1  3.16e+00  0.4527383227  5.620812e-01 1.0128000000000001
1  3.31e+00  0.4480312735  5.620812e-01 1.0128000000000001
1  3.47e+00  0.4431896259  5.620812e-01 1.0128000000000001
1  3.63e+00  0.4382004194  5.620812e-01 1.0128000000000001
1  3.80e+00  0.4330938131  5.620812e-01 1.0128000000000001
1  3.98e+00  0.4278953662  5.620812e-01 1.0128000000000001
1  4.17e+00  0.4226003817  5.620812e-01 1.0128000000000001
1  4.37e+00  0.4172303492  5.620812e-01 1.0128000000000001
1  4.57e+00  0.411839914  5.620812e-01 1.0128000000000001
1  4.79e+00  0.4064001531  5.620812e-01 1.0128000000000001
1  5.01e+00  0.4009817281  5.620812e-01 1.0128000000000001
1  5.25e+00  0.3955744953  5.620812e-01 1.0128000000000001
1  5.50e+00  0.3902152295  5.620812e-01 1.0128000000000001
1  5.75e+00  0.3849606156  5.620812e-01 1.0128000000000001
1  6.03e+00  0.3797954398  5.620812e-01 1.0128000000000001
1  6.31e+00  0.3747363376  5.620812e-01 1.0128000000000001
1  6.61e+00  0.3698540688  5.620812e-01 1.0128000000000001
1  6.92e+00  0.3651051227  5.620812e-01 1.0128000000000001
1  7.24e+00  0.3605709297  5.620812e-01 1.0128000000000001
1  7.59e+00  0.3562232277  5.620812e-01 1.0128000000000001
1  7.94e+00  0.3520535226  5.620812e-01 1.0128000000000001
1  8.32e+00  0.3481183957  5.620812e-01 1.0128000000000001
1  8.71e+00  0.3444153767  5.620812e-01 1.0128000000000001
1  9.12e+00  0.3409069713  5.620812e-01 1.0128000000000001
1  9.55e+00  0.3376287912  5.620812e-01 1.0128000000000001
1  1.00e+01  0.3345679453  5.620812e-01 1.0128000000000001
1  1.05e+01  0.3316916568  5.620812e-01 1.0128000000000001
1  1.10e+01  0.3290526147  5.620812e-01 1.0128000000000001
1  1.15e+01  0.3265995221  5.620812e-01 1.0128000000000001
1  1.20e+01  0.3243080281  5.620812e-01 1.0128000000000001
1  1.26e+01  0.322177581  5.620812e-01 1.0128000000000001
1  1.32e+01  0.3202415701  5.620812e-01 1.0128000000000001
1  1.38e+01  0.3184704394  5.620812e-01 1.0128000000000001
1  1.45e+01  0.3168102873  5.620812e-01 1.0128000000000001
1  1.51e+01  0.3153095834  5.620812e-01 1.0128000000000001
1  1.58e+01  0.3139182971  5.620812e-01 1.0128000000000001
1  1.66e+01  0.3126179413  5.620812e-01 1.0128000000000001
1  1.74e+01  0.3114418535  5.620812e-01 1.0128000000000001
1  1.82e+01  0.3103816146  5.620812e-01 1.0128000000000001
1  1.91e+01  0.3093641209  5.620812e-01 1.0128000000000001
1  2.00e+01  0.3084703613  5.620812e-01 1.0128000000000001
1  2.09e+01  0.3076012336  5.620812e-01 1.0128000000000001
1  2.19e+01  0.3068358037  5.620812e-01 1.0128000000000001
1  2.29e+01  0.3060879511  5.620812e-01 1.0128000000000001
1  2.40e+01  0.3054108566  5.620812e-01 1.0128000000000001
1  2.51e+01  0.3048017566  5.620812e-01 1.0128000000000001
1  2.63e+01  0.3041951246  5.620812e-01 1.0128000000000001
1  2.75e+01  0.3036546789  5.620812e-01 1.0128000000000001
1  2.88e+01  0.30312604  5.620812e-01 1.0128000000000001
1  3.02e+01  0.3025999262  5.620812e-01 1.0128000000000001
1  3.16e+01  0.3021382007  5.620812e-01 1.0128000000000001
1  3.31e+01  0.301679671  5.620812e-01 1.0128000000000001
1  3.47e+01  0.3012281051  5.620812e-01 1.0128000000000001
1  3.63e+01  0.3007810008  5.620812e-01 1.0128000000000001
1  3.80e+01  0.3003346916  5.620812e-01 1.0128000000000001
1  3.98e+01  0.2998943142  5.620812e-01 1.0128000000000001
1  4.17e+01  0.2994576551  5.620812e-01 1.0128000000000001
1  4.37e+01  0.2990181258  5.620812e-01 1.0128000000000001
1  4.57e+01  0.2985833881  5.620812e-01 1.0128000000000001
1  4.79e+01  0.2981082186  5.620812e-01 1.0128000000000001
1  5.01e+01  0.2976392635  5.620812e-01 1.0128000000000001
1  5.25e+01  0.2971305451  5.620812e-01 1.0128000000000001
1  5.50e+01  0.2965796434  5.620812e-01 1.0128000000000001
1  5.75e+01  0.2960193392  5.620812e-01 1.0128000000000001
1  6.03e+01  0.2954052207  5.620812e-01 1.0128000000000001
1  6.31e+01  0.2947145247  5.620812e-01 1.0128000000000001
1  6.61e+01  0.2939901827  5.620812e-01 1.0128000000000001
1  6.92e+01  0.2932098266  5.620812e-01 1.0128000000000001
1  7.24e+01  0.2923242041  5.620812e-01 1.0128000000000001
1  7.59e+01  0.2913415428  5.620812e-01 1.0128000000000001
1  7.94e+01  0.290239085  5.620812e-01 1.0128000000000001
1  8.32e+01  0.2890106378  5.620812e-01 1.0128000000000001
1  8.71e+01  0.2875970084  5.620812e-01 1.0128000000000001
1  9.12e+01  0.2859858453  5.620812e-01 1.0128000000000001
1  9.55e+01  0.2840997522  5.620812e-01 1.0128000000000001
1  1.00e+02  0.2819450796  5.620812e-01 1.0128000000000001
1  1.05e+02  0.2793985088  5.620812e-01 1.0128000000000001
1  1.10e+02  0.2763973989  5.620812e-01 1.0128000000000001
1  1.15e+02  0.272821056  5.620812e-01 1.0128000000000001
1  1.20e+02  0.2685305661  5.620812e-01 1.0128000000000001
1  1.26e+02  0.2633204238  5.620812e-01 1.0128000000000001
1  1.32e+02  0.2569647049  5.620812e-01 1.0128000000000001
1  1.38e+02  0.2492127507  5.620812e-01 1.0128000000000001
1  1.45e+02  0.2396549984  5.620812e-01 1.0128000000000001
1  1.51e+02  0.228003358  5.620812e-01 1.0128000000000001
1  1.58e+02  0.2139338081  5.620812e-01 1.0128000000000001
1  1.66e+02  0.1973055678  5.620812e-01 1.0128000000000001
1  1.74e+02  0.1783515864  5.620812e-01 1.0128000000000001
1  1.82e+02  0.1577952679  5.620812e-01 1.0128000000000001
1  1.91e+02  0.1368317442  5.620812e-01 1.0128000000000001
1  2.00e+02  0.1168385004  5.620812e-01 1.0128000000000001
1  2.09e+02  0.0989192577  5.620812e-01 1.0128000000000001
1  2.19e+02  0.08370754274  5.620812e-01 1.0128000000000001
1  2.29e+02  0.07129123037  5.620812e-01 1.0128000000000001
1  2.40e+02  0.06142778962  5.620812e-01 1.0128000000000001
1  2.51e+02  0.05370542204  5.620812e-01 1.0128000000000001
1  2.63e+02  0.04769719335  5.620812e-01 1.0128000000000001
1  2.75e+02  0.04301271602  5.620812e-01 1.0128000000000001
1  2.88e+02  0.03935787857  5.620812e-01 1.0128000000000001
1  3.02e+02  0.03647400275  5.620812e-01 1.0128000000000001
1  3.16e+02  0.03419523071  5.620812e-01 1.0128000000000001
1  3.31e+02  0.03237865548  5.620812e-01 1.0128000000000001
1  3.47e+02  0.03091298582  5.620812e-01 1.0128000000000001
1  3.63e+02  0.02972699777  5.620812e-01 1.0128000000000001
1  3.80e+02  0.02875575983  5.620812e-01 1.0128000000000001
1  3.98e+02  0.02795888215  5.620812e-01 1.0128000000000001
1  4.17e+02  0.02730109317  5.620812e-01 1.0128000000000001
1  4.37e+02  0.02675089768  5.620812e-01 1.0128000000000001
1  4.57e+02  0.02628820662  5.620812e-01 1.0128000000000001
1  4.79e+02  0.02590034786  5.620812e-01 1.0128000000000001
1  5.01e+02  0.0255693387  5.620812e-01 1.0128000000000001
1  5.25e+02  0.02528964485  5.620812e-01 1.0128000000000001
1  5.50e+02  0.02505209664  5.620812e-01 1.0128000000000001
1  5.75e+02  0.0248463252  5.620812e-01 1.0128000000000001
1  6.03e+02  0.0246697404  5.620812e-01 1.0128000000000001
1  6.31e+02  0.02451748817  5.620812e-01 1.0128000000000001
1  6.61e+02  0.02438606282  5.620812e-01 1.0128000000000001
1  6.92e+02  0.02427177137  5.620812e-01 1.0128000000000001
1  7.24e+02  0.02417132418  5.620812e-01 1.0128000000000001
1  7.59e+02  0.0240838402  5.620812e-01 1.0128000000000001
1  7.94e+02  0.02400741964  5.620812e-01 1.0128000000000001
1  8.32e+02  0.02394200959  5.620812e-01 1.0128000000000001
1  8.71e+02  0.02388152089  5.620812e-01 1.0128000000000001
1  9.12e+02  0.0238301413  5.620812e-01 1.0128000000000001
1  9.55e+02  0.02378312049  5.620812e-01 1.0128000000000001
1  1.00e+03  0.02374380459  5.620812e-01 1.0128000000000001
1  1.05e+03  0.02370745504  5.620812e-01 1.0128000000000001
1  1.10e+03  0.02367449959  5.620812e-01 1.0128000000000001
1  1.15e+03  0.0236460314  5.620812e-01 1.0128000000000001
1  1.20e+03  0.02362117777  5.620812e-01 1.0128000000000001
1  1.26e+03  0.02359937178  5.620812e-01 1.0128000000000001
1  1.32e+03  0.02357817975  5.620812e-01 1.0128000000000001
1  1.38e+03  0.02356175648  5.620812e-01 1.0128000000000001
1  1.45e+03  0.02354560749  5.620812e-01 1.0128000000000001
1  1.51e+03  0.02353038142  5.620812e-01 1.0128000000000001
1  1.58e+03  0.02351764222  5.620812e-01 1.0128000000000001
1  1.66e+03  0.02350565777  5.620812e-01 1.0128000000000001
1  1.74e+03  0.02349649635  5.620812e-01 1.0128000000000001
1  1.82e+03  0.02348578854  5.620812e-01 1.0128000000000001
1  1.91e+03  0.02347832357  5.620812e-01 1.0128000000000001
1  2.00e+03  0.02347012185  5.620812e-01 1.0128000000000001
1  2.09e+03  0.02346346932  5.620812e-01 1.0128000000000001
1  2.19e+03  0.02345715251  5.620812e-01 1.0128000000000001
1  2.29e+03  0.02345185188  5.620812e-01 1.0128000000000001
1  2.40e+03  0.02344674611  5.620812e-01 1.0128000000000001
1  2.51e+03  0.02344341414  5.620812e-01 1.0128000000000001
1  2.63e+03  0.02343863951  5.620812e-01 1.0128000000000001
1  2.75e+03  0.0234352271  5.620812e-01 1.0128000000000001
1  2.88e+03  0.02343204948  5.620812e-01 1.0128000000000001
1  3.02e+03  0.02343016426  5.620812e-01 1.0128000000000001
1  3.16e+03  0.0234267814  5.620812e-01 1.0128000000000001
1  3.31e+03  0.02342492669  5.620812e-01 1.0128000000000001
1  3.47e+03  0.02342308338  5.620812e-01 1.0128000000000001
1  3.63e+03  0.02341959879  5.620812e-01 1.0128000000000001
1  3.80e+03  0.02341920256  5.620812e-01 1.0128000000000001
1  3.98e+03  0.02341719021  5.620812e-01 1.0128000000000001
1  4.17e+03  0.02341778351  5.620812e-01 1.0128000000000001
1  4.37e+03  0.02341778964  5.620812e-01 1.0128000000000001
1  4.57e+03  0.02341483338  5.620812e-01 1.0128000000000001
1  4.79e+03  0.02342074055  5.620812e-01 1.0128000000000001
1  5.01e+03  0.02341934266  5.620812e-01 1.0128000000000001
1  5.25e+03  0.02340779686  5.620812e-01 1.0128000000000001
1  5.50e+03  0.02340107366  5.620812e-01 1.0128000000000001
1  5.75e+03  0.02342857156  5.620812e-01 1.0128000000000001
1  6.03e+03  0.0234287741  5.620812e-01 1.0128000000000001
1  6.31e+03  0.02340991358  5.620812e-01 1.0128000000000001
1  6.61e+03  0.02346691183  5.620812e-01 1.0128000000000001
1  6.92e+03  0.02342474072  5.620812e-01 1.0128000000000001
1  7.24e+03  0.02350524964  5.620812e-01 1.0128000000000001
1  7.59e+03  0.02351502133  5.620812e-01 1.0128000000000001
1  7.94e+03  0.02351435875  5.620812e-01 1.0128000000000001
1  8.32e+03  0.0236615245  5.620812e-01 1.0128000000000001
1  8.71e+03  0.02374061856  5.620812e-01 1.0128000000000001
1  9.12e+03  0.0237731467  5.620812e-01 1.0128000000000001
1  9.55e+03  0.02389714551  5.620812e-01 1.0128000000000001
1  1.00e+04  0.0241446547  5.620812e-01 1.0128000000000001
1  1.05e+04  0.02443667418  5.620812e-01 1.0128000000000001
1  1.10e+04  0.02481837887  5.620812e-01 1.0128000000000001
1  1.15e+04  0.02522533733  5.620812e-01 1.0128000000000001
1  1.20e+04  0.025797026  5.620812e-01 1.0128000000000001
1  1.26e+04  0.02637917992  5.620812e-01 1.0128000000000001
1  1.32e+04  0.02704630646  5.620812e-01 1.0128000000000001
1  1.38e+04  0.02787066902  5.620812e-01 1.0128000000000001
1  1.45e+04  0.02893837637  5.620812e-01 1.0128000000000001
1  1.51e+04  0.03039084145  5.620812e-01 1.0128000000000001
1  1.58e+04  0.03214053699  5.620812e-01 1.0128000000000001
1  1.66e+04  0.0338870232  5.620812e-01 1.0128000000000001
1  1.74e+04  0.03557424968  5.620812e-01 1.0128000000000001
1  1.82e+04  0.03769019236  5.620812e-01 1.0128000000000001
1  1.91e+04  0.04065829606  5.620812e-01 1.0128000000000001
1  2.00e+04  0.04367199619  5.620812e-01 1.0128000000000001
1  2.09e+04  0.04666721875  5.620812e-01 1.0128000000000001
1  2.19e+04  0.05037147146  5.620812e-01 1.0128000000000001
1  2.29e+04  0.05418557443  5.620812e-01 1.0128000000000001
1  2.40e+04  0.05876574473  5.620812e-01 1.0128000000000001
1  2.51e+04  0.06297183151  5.620812e-01 1.0128000000000001
1  2.63e+04  0.06855261531  5.620812e-01 1.0128000000000001
1  2.75e+04  0.07330226239  5.620812e-01 1.0128000000000001
1  2.88e+04  0.07971557032  5.620812e-01 1.0128000000000001
1  3.02e+04  0.08514394737  5.620812e-01 1.0128000000000001
1  3.16e+04  0.09203652323  5.620812e-01 1.0128000000000001
1  3.31e+04  0.09878358911  5.620812e-01 1.0128000000000001
1  3.47e+04  0.1051670613  5.620812e-01 1.0128000000000001
1  3.63e+04  0.1136707998  5.620812e-01 1.0128000000000001
1  3.80e+04  0.1206020644  5.620812e-01 1.0128000000000001
1  3.98e+04  0.1277124978  5.620812e-01 1.0128000000000001
1  4.17e+04  0.1377662906  5.620812e-01 1.0128000000000001
1  4.37e+04  0.1453055945  5.620812e-01 1.0128000000000001
1  4.57e+04  0.1520497001  5.620812e-01 1.0128000000000001
1  4.79e+04  0.162609714  5.620812e-01 1.0128000000000001
1  5.01e+04  0.1727403989  5.620812e-01 1.0128000000000001
1  5.25e+04  0.1797766295  5.620812e-01 1.0128000000000001
1  5.50e+04  0.1875061028  5.620812e-01 1.0128000000000001
1  5.75e+04  0.1978514811  5.620812e-01 1.0128000000000001
1  6.03e+04  0.2087625172  5.620812e-01 1.0128000000000001
1  6.31e+04  0.2182817763  5.620812e-01 1.0128000000000001
1  6.61e+04  0.226196556  5.620812e-01 1.0128000000000001
1  6.92e+04  0.2336239494  5.620812e-01 1.0128000000000001
1  7.24e+04  0.2421879081  5.620812e-01 1.0128000000000001
1  7.59e+04  0.2526407933  5.620812e-01 1.0128000000000001
1  7.94e+04  0.2639983474  5.620812e-01 1.0128000000000001
1  8.32e+04  0.2744504978  5.620812e-01 1.0128000000000001
1  8.71e+04  0.2829925986  5.620812e-01 1.0128000000000001
1  9.12e+04  0.2900060185  5.620812e-01 1.0128000000000001
1  9.55e+04  0.2966107452  5.620812e-01 1.0128000000000001
1  1.00e+05  0.3037661919  5.620812e-01 1.0128000000000001
1  1.05e+05  0.3118665868  5.620812e-01 1.0128000000000001
1  1.10e+05  0.3208395959  5.620812e-01 1.0128000000000001
1  1.15e+05  0.3303831626  5.620812e-01 1.0128000000000001
1  1.20e+05  0.3401080043  5.620812e-01 1.0128000000000001
1  1.26e+05  0.3496009652  5.620812e-01 1.0128000000000001
1  1.32e+05  0.3584897969  5.620812e-01 1.0128000000000001
1  1.38e+05  0.3665206217  5.620812e-01 1.0128000000000001
1  1.45e+05  0.3736082488  5.620812e-01 1.0128000000000001
1  1.51e+05  0.3798319797  5.620812e-01 1.0128000000000001
1  1.58e+05  0.3853849494  5.620812e-01 1.0128000000000001
1  1.66e+05  0.3905054105  5.620812e-01 1.0128000000000001
1  1.74e+05  0.3954171857  5.620812e-01 1.0128000000000001
1  1.82e+05  0.4002938615  5.620812e-01 1.0128000000000001
1  1.91e+05  0.4052478049  5.620812e-01 1.0128000000000001
1  2.00e+05  0.410336587  5.620812e-01 1.0128000000000001
1  2.09e+05  0.4155771065  5.620812e-01 1.0128000000000001
1  2.19e+05  0.420959871  5.620812e-01 1.0128000000000001
1  2.29e+05  0.4264597109  5.620812e-01 1.0128000000000001
1  2.40e+05  0.4320424398  5.620812e-01 1.0128000000000001
1  2.51e+05  0.4376686616  5.620812e-01 1.0128000000000001
1  2.63e+05  0.443296207  5.620812e-01 1.0128000000000001
1  2.75e+05  0.448882196  5.620812e-01 1.0128000000000001
1  2.88e+05  0.4543850846  5.620812e-01 1.0128000000000001
1  3.02e+05  0.4597666163  5.620812e-01 1.0128000000000001
1  3.16e+05  0.4649934346  5.620812e-01 1.0128000000000001
1  3.31e+05  0.4700381558  5.620812e-01 1.0128000000000001
1  3.47e+05  0.4748798302  5.620812e-01 1.0128000000000001
1  3.63e+05  0.4795038449  5.620812e-01 1.0128000000000001
1  3.80e+05  0.4839014034  5.620812e-01 1.0128000000000001
1  3.98e+05  0.4880687456  5.620812e-01 1.0128000000000001
1  4.17e+05  0.4920062552  5.620812e-01 1.0128000000000001
1  4.37e+05  0.49571757  5.620812e-01 1.0128000000000001
1  4.57e+05  0.4992087679  5.620812e-01 1.0128000000000001
1  4.79e+05  0.5024876686  5.620812e-01 1.0128000000000001
1  5.01e+05  0.5055632606  5.620812e-01 1.0128000000000001
1  5.25e+05  0.5084452485  5.620812e-01 1.0128000000000001
1  5.50e+05  0.5111437066  5.620812e-01 1.0128000000000001
1  5.75e+05  0.5136688194  5.620812e-01 1.0128000000000001
1  6.03e+05  0.5160306918  5.620812e-01 1.0128000000000001
1  6.31e+05  0.5182392139  5.620812e-01 1.0128000000000001
1  6.61e+05  0.5203039653  5.620812e-01 1.0128000000000001
1  6.92e+05  0.522234151  5.620812e-01 1.0128000000000001
1  7.24e+05  0.5240385599  5.620812e-01 1.0128000000000001
1  7.59e+05  0.5257255398  5.620812e-01 1.0128000000000001
1  7.94e+05  0.527302986  5.620812e-01 1.0128000000000001
1  8.32e+05  0.5287783386  5.620812e-01 1.0128000000000001
1  8.71e+05  0.5301585871  5.620812e-01 1.0128000000000001
1  9.12e+05  0.531450281  5.620812e-01 1.0128000000000001
1  9.55e+05  0.5326595428  5.620812e-01 1.0128000000000001
1  1.00e+06  0.5337920857  5.620812e-01 1.0128000000000001
1  1.05e+06  0.5348532317  5.620812e-01 1.0128000000000001
1  1.10e+06  0.5358479318  5.620812e-01 1.0128000000000001
1  1.15e+06  0.5367807864  5.620812e-01 1.0128000000000001
1  1.20e+06  0.5376560662  5.620812e-01 1.0128000000000001
1  1.26e+06  0.538477733  5.620812e-01 1.0128000000000001
1  1.32e+06  0.5392494595  5.620812e-01 1.0128000000000001
1  1.38e+06  0.5399746498  5.620812e-01 1.0128000000000001
1  1.45e+06  0.5406564572  5.620812e-01 1.0128000000000001
1  1.51e+06  0.541297803  5.620812e-01 1.0128000000000001
1  1.58e+06  0.5419013932  5.620812e-01 1.0128000000000001
1  1.66e+06  0.5424697346  5.620812e-01 1.0128000000000001
1  1.74e+06  0.5430051496  5.620812e-01 1.0128000000000001
1  1.82e+06  0.5435097911  5.620812e-01 1.0128000000000001
1  1.91e+06  0.5439856566  5.620812e-01 1.0128000000000001
1  2.00e+06  0.5444345935  5.620812e-01 1.0128000000000001
1  2.09e+06  0.5448583184  5.620812e-01 1.0128000000000001
1  2.19e+06  0.5452584256  5.620812e-01 1.0128000000000001
1  2.29e+06  0.5456363947  5.620812e-01 1.0128000000000001
1  2.40e+06  0.5459936006  5.620812e-01 1.0128000000000001
1  2.51e+06  0.5463313224  5.620812e-01 1.0128000000000001
1  2.63e+06  0.5466507489  5.620812e-01 1.0128000000000001
1  2.75e+06  0.5469529874  5.620812e-01 1.0128000000000001
1  2.88e+06  0.5472390687  5.620812e-01 1.0128000000000001
1  3.02e+06  0.5475099539  5.620812e-01 1.0128000000000001
1  3.16e+06  0.5477665393  5.620812e-01 1.0128000000000001
1  3.31e+06  0.5480096608  5.620812e-01 1.0128000000000001
1  3.47e+06  0.5482400995  5.620812e-01 1.0128000000000001
1  3.63e+06  0.5484585849  5.620812e-01 1.0128000000000001
1  3.80e+06  0.5486657992  5.620812e-01 1.0128000000000001
1  3.98e+06  0.5488623805  5.620812e-01 1.0128000000000001
1  4.17e+06  0.5490489262  5.620812e-01 1.0128000000000001
1  4.37e+06  0.549225996  5.620812e-01 1.0128000000000001
1  4.57e+06  0.5493941144  5.620812e-01 1.0128000000000001
1  4.79e+06  0.5495537734  5.620812e-01 1.0128000000000001
1  5.01e+06  0.5497054344  5.620812e-01 1.0128000000000001
1  5.25e+06  0.5498495311  5.620812e-01 1.0128000000000001
1  5.50e+06  0.5499864706  5.620812e-01 1.0128000000000001
1  5.75e+06  0.5501166357  5.620812e-01 1.0128000000000001
1  6.03e+06  0.5502403866  5.620812e-01 1.0128000000000001
1  6.31e+06  0.550358062  5.620812e-01 1.0128000000000001
1  6.61e+06  0.5504699809  5.620812e-01 1.0128000000000001
1  6.92e+06  0.5505764438  5.620812e-01 1.0128000000000001
1  7.24e+06  0.550677734  5.620812e-01 1.0128000000000001
1  7.59e+06  0.5507741185  5.620812e-01 1.0128000000000001
1  7.94e+06  0.5508658492  5.620812e-01 1.0128000000000001
1  8.32e+06  0.550953164  5.620812e-01 1.0128000000000001
1  8.71e+06  0.5510362873  5.620812e-01 1.0128000000000001
1  9.12e+06  0.5511154312  5.620812e-01 1.0128000000000001
1  9.55e+06  0.5511907962  5.620812e-01 1.0128000000000001
1  1.00e+07  0.5512625718  5.620812e-01 1.0128000000000001
