1  1.00e-03  0.5288716613  5.931599e-01 1.0688
1  1.05e-03  0.5288706095  5.931599e-01 1.0688
1  1.10e-03  0.5288694392  5.931599e-01 1.0688
1  1.15e-03  0.5288683567  5.931599e-01 1.0688
1  1.20e-03  0.5288670193  5.931599e-01 1.0688
1  1.26e-03  0.5288657555  5.931599e-01 1.0688
1  1.32e-03  0.528864451  5.931599e-01 1.0688
1  1.38e-03  0.5288629075  5.931599e-01 1.0688
1  1.45e-03  0.5288614051  5.931599e-01 1.0688
1  1.51e-03  0.5288599058  5.931599e-01 1.0688
1  1.58e-03  0.5288581789  5.931599e-01 1.0688
1  1.66e-03  0.528856592  5.931599e-01 1.0688
1  1.74e-03  0.5288547833  5.931599e-01 1.0688
1  1.82e-03  0.5288528954  5.931599e-01 1.0688
1  1.91e-03  0.5288508259  5.931599e-01 1.0688
1  2.00e-03  0.5288487406  5.931599e-01 1.0688
1  2.09e-03  0.5288465681  5.931599e-01 1.0688
1  2.19e-03  0.5288443238  5.931599e-01 1.0688
1  2.29e-03  0.528842026  5.931599e-01 1.0688
1  2.40e-03  0.5288395174  5.931599e-01 1.0688
1  2.51e-03  0.5288368572  5.931599e-01 1.0688
1  2.63e-03  0.5288342053  5.931599e-01 1.0688
1  2.75e-03  0.5288313276  5.931599e-01 1.0688
1  2.88e-03  0.5288283503  5.931599e-01 1.0688
1  3.02e-03  0.5288251939  5.931599e-01 1.0688
1  3.16e-03  0.5288219091  5.931599e-01 1.0688
1  3.31e-03  0.5288184535  5.931599e-01 1.0688
1  3.47e-03  0.5288148745  5.931599e-01 1.0688
1  3.63e-03  0.5288111032  5.931599e-01 1.0688
1  3.80e-03  0.5288071679  5.931599e-01 1.0688
1  3.98e-03  0.5288030713  5.931599e-01 1.0688
1  4.17e-03  0.5287987183  5.931599e-01 1.0688
1  4.37e-03  0.5287942287  5.931599e-01 1.0688
1  4.57e-03  0.5287894921  5.931599e-01 1.0688
1  4.79e-03  0.5287844962  5.931599e-01 1.0688
1  5.01e-03  0.5287793048  5.931599e-01 1.0688
1  5.25e-03  0.5287738715  5.931599e-01 1.0688
1  5.50e-03  0.5287681636  5.931599e-01 1.0688
1  5.75e-03  0.5287622023  5.931599e-01 1.0688
1  6.03e-03  0.5287559687  5.931599e-01 1.0688
1  6.31e-03  0.5287494056  5.931599e-01 1.0688
1  6.61e-03  0.5287425625  5.931599e-01 1.0688
1  6.92e-03  0.5287353834  5.931599e-01 1.0688
1  7.24e-03  0.5287278744  5.931599e-01 1.0688
1  7.59e-03  0.5287200044  5.931599e-01 1.0688
1  7.94e-03  0.5287117493  5.931599e-01 1.0688
1  8.32e-03  0.5287031334  5.931599e-01 1.0688
1  8.71e-03  0.5286940799  5.931599e-01 1.0688
1  9.12e-03  0.5286846393  5.931599e-01 1.0688
1  9.55e-03  0.5286747333  5.931599e-01 1.0688
1  1.00e-02  0.5286643199  5.931599e-01 1.0688
1  1.05e-02  0.5286534802  5.931599e-01 1.0688
1  1.10e-02  0.5286420992  5.931599e-01 1.0688
1  1.15e-02  0.528630179  5.931599e-01 1.0688
1  1.20e-02  0.5286176968  5.931599e-01 1.0688
1  1.26e-02  0.5286045914  5.931599e-01 1.0688
1  1.32e-02  0.5285909449  5.931599e-01 1.0688
1  1.38e-02  0.5285766141  5.931599e-01 1.0688
1  1.45e-02  0.5285615979  5.931599e-01 1.0688
1  1.51e-02  0.5285458578  5.931599e-01 1.0688
1  1.58e-02  0.5285294081  5.931599e-01 1.0688
1  1.66e-02  0.5285121778  5.931599e-01 1.0688
1  1.74e-02  0.528494064  5.931599e-01 1.0688
1  1.82e-02  0.5284752034  5.931599e-01 1.0688
1  1.91e-02  0.5284553659  5.931599e-01 1.0688
1  2.00e-02  0.5284346745  5.931599e-01 1.0688
1  2.09e-02  0.5284128838  5.931599e-01 1.0688
1  2.19e-02  0.5283901657  5.931599e-01 1.0688
1  2.29e-02  0.5283663107  5.931599e-01 1.0688
1  2.40e-02  0.5283414349  5.931599e-01 1.0688
1  2.51e-02  0.5283152273  5.931599e-01 1.0688
1  2.63e-02  0.5282878769  5.931599e-01 1.0688
1  2.75e-02  0.5282592536  5.931599e-01 1.0688
1  2.88e-02  0.5282292697  5.931599e-01 1.0688
1  3.02e-02  0.5281977363  5.931599e-01 1.0688
1  3.16e-02  0.5281648697  5.931599e-01 1.0688
1  3.31e-02  0.5281303435  5.931599e-01 1.0688
1  3.47e-02  0.5280942085  5.931599e-01 1.0688
1  3.63e-02  0.528056413  5.931599e-01 1.0688
1  3.80e-02  0.5280167385  5.931599e-01 1.0688
1  3.98e-02  0.5279753705  5.931599e-01 1.0688
1  4.17e-02  0.5279318268  5.931599e-01 1.0688
1  4.37e-02  0.5278862638  5.931599e-01 1.0688
1  4.57e-02  0.5278385441  5.931599e-01 1.0688
1  4.79e-02  0.5277886066  5.931599e-01 1.0688
1  5.01e-02  0.5277360901  5.931599e-01 1.0688
1  5.25e-02  0.5276815718  5.931599e-01 1.0688
1  5.50e-02  0.527624208  5.931599e-01 1.0688
1  5.75e-02  0.5275640469  5.931599e-01 1.0688
1  6.03e-02  0.5275010567  5.931599e-01 1.0688
1  6.31e-02  0.52743492  5.931599e-01 1.0688
1  6.61e-02  0.5273659277  5.931599e-01 1.0688
1  6.92e-02  0.5272933312  5.931599e-01 1.0688
1  7.24e-02  0.5272174924  5.931599e-01 1.0688
1  7.59e-02  0.5271379627  5.931599e-01 1.0688
1  7.94e-02  0.5270549427  5.931599e-01 1.0688
1  8.32e-02  0.5269676472  5.931599e-01 1.0688
1  8.71e-02  0.5268763221  5.931599e-01 1.0688
1  9.12e-02  0.5267803318  5.931599e-01 1.0688
1  9.55e-02  0.5266799778  5.931599e-01 1.0688
1  1.00e-01  0.5265750994  5.931599e-01 1.0688
1  1.05e-01  0.5264647968  5.931599e-01 1.0688
1  1.10e-01  0.5263492798  5.931599e-01 1.0688
1  1.15e-01  0.5262283265  5.931599e-01 1.0688
1  1.20e-01  0.526101739  5.931599e-01 1.0688
1  1.26e-01  0.5259690088  5.931599e-01 1.0688
1  1.32e-01  0.5258298072  5.931599e-01 1.0688
1  1.38e-01  0.5256838167  5.931599e-01 1.0688
1  1.45e-01  0.5255309703  5.931599e-01 1.0688
1  1.51e-01  0.5253704308  5.931599e-01 1.0688
1  1.58e-01  0.5252029083  5.931599e-01 1.0688
1  1.66e-01  0.5250264069  5.931599e-01 1.0688
1  1.74e-01  0.5248422829  5.931599e-01 1.0688
1  1.82e-01  0.5246484123  5.931599e-01 1.0688
1  1.91e-01  0.5244455459  5.931599e-01 1.0688
1  2.00e-01  0.5242334784  5.931599e-01 1.0688
1  2.09e-01  0.5240101264  5.931599e-01 1.0688
1  2.19e-01  0.5237767595  5.931599e-01 1.0688
1  2.29e-01  0.5235312935  5.931599e-01 1.0688
1  2.40e-01  0.52327477  5.931599e-01 1.0688
1  2.51e-01  0.5230047679  5.931599e-01 1.0688
1  2.63e-01  0.5227228752  5.931599e-01 1.0688
1  2.75e-01  0.5224266273  5.931599e-01 1.0688
1  2.88e-01  0.5221150998  5.931599e-01 1.0688
1  3.02e-01  0.5217888228  5.931599e-01 1.0688
1  3.16e-01  0.5214477963  5.931599e-01 1.0688
1  3.31e-01  0.5210880027  5.931599e-01 1.0688
1  3.47e-01  0.5207126715  5.931599e-01 1.0688
1  3.63e-01  0.5203175606  5.931599e-01 1.0688
1  3.80e-01  0.5199035905  5.931599e-01 1.0688
1  3.98e-01  0.5194674213  5.931599e-01 1.0688
1  4.17e-01  0.5190111001  5.931599e-01 1.0688
1  4.37e-01  0.5185323759  5.931599e-01 1.0688
1  4.57e-01  0.5180308371  5.931599e-01 1.0688
1  4.79e-01  0.5175026159  5.931599e-01 1.0688
1  5.01e-01  0.5169498738  5.931599e-01 1.0688
1  5.25e-01  0.5163683901  5.931599e-01 1.0688
1  5.50e-01  0.5157576246  5.931599e-01 1.0688
1  5.75e-01  0.5151162307  5.931599e-01 1.0688
1  6.03e-01  0.5144443104  5.931599e-01 1.0688
1  6.31e-01  0.5137360305  5.931599e-01 1.0688
1  6.61e-01  0.5129934321  5.931599e-01 1.0688
1  6.92e-01  0.5122141665  5.931599e-01 1.0688
1  7.24e-01  0.5113963782  5.931599e-01 1.0688
1  7.59e-01  0.5105376324  5.931599e-01 1.0688
1  7.94e-01  0.5096326396  5.931599e-01 1.0688
1  8.32e-01  0.5086836644  5.931599e-01 1.0688
1  8.71e-01  0.5076864431  5.931599e-01 1.0688
1  9.12e-01  0.5066421859  5.931599e-01 1.0688
1  9.55e-01  0.5055394137  5.931599e-01 1.0688
1  1.00e+00  0.5043839385  5.931599e-01 1.0688
1  1.05e+00  0.5031738775  5.931599e-01 1.0688
1  1.10e+00  0.501899293  5.931599e-01 1.0688
1  1.15e+00  0.5005600772  5.931599e-01 1.0688
1  1.20e+00  0.4991544926  5.931599e-01 1.0688
1  1.26e+00  0.4976766368  5.931599e-01 1.0688
1  1.32e+00  0.4961251721  5.931599e-01 1.0688
1  1.38e+00  0.4944978772  5.931599e-01 1.0688
1  1.45e+00  0.4927919204  5.931599e-01 1.0688
1  1.51e+00  0.4910021209  5.931599e-01 1.0688
1  1.58e+00  0.4891213861  5.931599e-01 1.0688
1  1.66e+00  0.4871549328  5.931599e-01 1.0688
1  1.74e+00  0.485085727  5.931599e-01 1.0688
1  1.82e+00  0.482925674  5.931599e-01 1.0688
1  1.91e+00  0.4806635233  5.931599e-01 1.0688
1  2.00e+00  0.4783054524  5.931599e-01 1.0688
1  2.09e+00  0.4758289335  5.931599e-01 1.0688
1  2.19e+00  0.4732521464  5.931599e-01 1.0688
1  2.29e+00  0.4705582769  5.931599e-01 1.0688
1  2.40e+00  0.4677610036  5.931599e-01 1.0688
1  2.51e+00  0.4648499079  5.931599e-01 1.0688
1  2.63e+00  0.4618138846  5.931599e-01 1.0688
1  2.75e+00  0.4586756812  5.931599e-01 1.0688
1  2.88e+00  0.4554354607  5.931599e-01 1.0688
1  3.02e+00  0.4520749745  5.931599e-01 1.0688
1  3.16e+00  0.4486197039  5.931599e-01 1.0688
1  3.31e+00  0.4450613978  5.931599e-01 1.0688
1  3.47e+00  0.4414010883  5.931599e-01 1.0688
1  3.63e+00  0.4376694387  5.931599e-01 1.0688
1  3.80e+00  0.4338743514  5.931599e-01 1.0688
1  3.98e+00  0.4300039945  5.931599e-01 1.0688
1  4.17e+00  0.426071565  5.931599e-01 1.0688
1  4.37e+00  0.4221171044  5.931599e-01 1.0688
1  4.57e+00  0.4181441741  5.931599e-01 1.0688
1  4.79e+00  0.4141541461  5.931599e-01 1.0688
1  5.01e+00  0.41018125  5.931599e-01 1.0688
1  5.25e+00  0.4062369891  5.931599e-01 1.0688
1  5.50e+00  0.4023278865  5.931599e-01 1.0688
1  5.75e+00  0.3984704456  5.931599e-01 1.0688
1  6.03e+00  0.3946958144  5.931599e-01 1.0688
1  6.31e+00  0.3910269406  5.931599e-01 1.0688
1  6.61e+00  0.3874503211  5.931599e-01 1.0688
1  6.92e+00  0.3839816035  5.931599e-01 1.0688
1  7.24e+00  0.3806359034  5.931599e-01 1.0688
1  7.59e+00  0.3774385926  5.931599e-01 1.0688
1  7.94e+00  0.374387566  5.931599e-01 1.0688
1  8.32e+00  0.3714768295  5.931599e-01 1.0688
1  8.71e+00  0.368721579  5.931599e-01 1.0688
1  9.12e+00  0.3661218113  5.931599e-01 1.0688
1  9.55e+00  0.3636567374  5.931599e-01 1.0688
1  1.00e+01  0.3613536249  5.931599e-01 1.0688
1  1.05e+01  0.3591984137  5.931599e-01 1.0688
1  1.10e+01  0.3571780531  5.931599e-01 1.0688
1  1.15e+01  0.3553463756  5.931599e-01 1.0688
1  1.20e+01  0.3535231728  5.931599e-01 1.0688
1  1.26e+01  0.3519050006  5.931599e-01 1.0688
1  1.32e+01  0.3504010998  5.931599e-01 1.0688
1  1.38e+01  0.3489982947  5.931599e-01 1.0688
1  1.45e+01  0.3477034437  5.931599e-01 1.0688
1  1.51e+01  0.3465052234  5.931599e-01 1.0688
1  1.58e+01  0.3454159337  5.931599e-01 1.0688
1  1.66e+01  0.3443808552  5.931599e-01 1.0688
1  1.74e+01  0.3434441372  5.931599e-01 1.0688
1  1.82e+01  0.3425608309  5.931599e-01 1.0688
1  1.91e+01  0.3417510959  5.931599e-01 1.0688
1  2.00e+01  0.3409906545  5.931599e-01 1.0688
1  2.09e+01  0.3402720293  5.931599e-01 1.0688
1  2.19e+01  0.3396092477  5.931599e-01 1.0688
1  2.29e+01  0.3389949433  5.931599e-01 1.0688
1  2.40e+01  0.3384339917  5.931599e-01 1.0688
1  2.51e+01  0.3378728545  5.931599e-01 1.0688
1  2.63e+01  0.3373646874  5.931599e-01 1.0688
1  2.75e+01  0.3368533106  5.931599e-01 1.0688
1  2.88e+01  0.3363952418  5.931599e-01 1.0688
1  3.02e+01  0.3359345225  5.931599e-01 1.0688
1  3.16e+01  0.3354782852  5.931599e-01 1.0688
1  3.31e+01  0.3350638837  5.931599e-01 1.0688
1  3.47e+01  0.3346271949  5.931599e-01 1.0688
1  3.63e+01  0.3341912707  5.931599e-01 1.0688
1  3.80e+01  0.333769933  5.931599e-01 1.0688
1  3.98e+01  0.333352819  5.931599e-01 1.0688
1  4.17e+01  0.3329152614  5.931599e-01 1.0688
1  4.37e+01  0.3324481609  5.931599e-01 1.0688
1  4.57e+01  0.3320031691  5.931599e-01 1.0688
1  4.79e+01  0.3315121288  5.931599e-01 1.0688
1  5.01e+01  0.3310012797  5.931599e-01 1.0688
1  5.25e+01  0.3304684988  5.931599e-01 1.0688
1  5.50e+01  0.3298759634  5.931599e-01 1.0688
1  5.75e+01  0.329254414  5.931599e-01 1.0688
1  6.03e+01  0.3286029001  5.931599e-01 1.0688
1  6.31e+01  0.3278592456  5.931599e-01 1.0688
1  6.61e+01  0.3270722982  5.931599e-01 1.0688
1  6.92e+01  0.3261775225  5.931599e-01 1.0688
1  7.24e+01  0.3252053942  5.931599e-01 1.0688
1  7.59e+01  0.3241135755  5.931599e-01 1.0688
1  7.94e+01  0.3228887022  5.931599e-01 1.0688
1  8.32e+01  0.3214991662  5.931599e-01 1.0688
1  8.71e+01  0.3199402921  5.931599e-01 1.0688
1  9.12e+01  0.3181294703  5.931599e-01 1.0688
1  9.55e+01  0.316027442  5.931599e-01 1.0688
1  1.00e+02  0.3135983448  5.931599e-01 1.0688
1  1.05e+02  0.3107363909  5.931599e-01 1.0688
1  1.10e+02  0.3073673644  5.931599e-01 1.0688
1  1.15e+02  0.3033213782  5.931599e-01 1.0688
1  1.20e+02  0.2984957293  5.931599e-01 1.0688
1  1.26e+02  0.2926269079  5.931599e-01 1.0688
1  1.32e+02  0.2854702025  5.931599e-01 1.0688
1  1.38e+02  0.276683486  5.931599e-01 1.0688
1  1.45e+02  0.2659366336  5.931599e-01 1.0688
1  1.51e+02  0.2527753179  5.931599e-01 1.0688
1  1.58e+02  0.2369121127  5.931599e-01 1.0688
1  1.66e+02  0.2181668577  5.931599e-01 1.0688
1  1.74e+02  0.1968246653  5.931599e-01 1.0688
1  1.82e+02  0.1737299705  5.931599e-01 1.0688
1  1.91e+02  0.1502072957  5.931599e-01 1.0688
1  2.00e+02  0.1277788933  5.931599e-01 1.0688
1  2.09e+02  0.1077413892  5.931599e-01 1.0688
1  2.19e+02  0.09073325398  5.931599e-01 1.0688
1  2.29e+02  0.07687006016  5.931599e-01 1.0688
1  2.40e+02  0.06586128436  5.931599e-01 1.0688
1  2.51e+02  0.05724284556  5.931599e-01 1.0688
1  2.63e+02  0.05052981847  5.931599e-01 1.0688
1  2.75e+02  0.04530535401  5.931599e-01 1.0688
1  2.88e+02  0.04121993619  5.931599e-01 1.0688
1  3.02e+02  0.03800712307  5.931599e-01 1.0688
1  3.16e+02  0.03546359835  5.931599e-01 1.0688
1  3.31e+02  0.03343478504  5.931599e-01 1.0688
1  3.47e+02  0.03179699779  5.931599e-01 1.0688
1  3.63e+02  0.03046977225  5.931599e-01 1.0688
1  3.80e+02  0.02938845233  5.931599e-01 1.0688
1  3.98e+02  0.02849942184  5.931599e-01 1.0688
1  4.17e+02  0.02775956369  5.931599e-01 1.0688
1  4.37e+02  0.02714498908  5.931599e-01 1.0688
1  4.57e+02  0.02662885573  5.931599e-01 1.0688
1  4.79e+02  0.02619408964  5.931599e-01 1.0688
1  5.01e+02  0.02582927298  5.931599e-01 1.0688
1  5.25e+02  0.02551602787  5.931599e-01 1.0688
1  5.50e+02  0.02524665965  5.931599e-01 1.0688
1  5.75e+02  0.02501843264  5.931599e-01 1.0688
1  6.03e+02  0.02482122507  5.931599e-01 1.0688
1  6.31e+02  0.02465071636  5.931599e-01 1.0688
1  6.61e+02  0.02450316598  5.931599e-01 1.0688
1  6.92e+02  0.02437528377  5.931599e-01 1.0688
1  7.24e+02  0.02426349692  5.931599e-01 1.0688
1  7.59e+02  0.02416521413  5.931599e-01 1.0688
1  7.94e+02  0.02407977642  5.931599e-01 1.0688
1  8.32e+02  0.02400441963  5.931599e-01 1.0688
1  8.71e+02  0.02393772928  5.931599e-01 1.0688
1  9.12e+02  0.0238808487  5.931599e-01 1.0688
1  9.55e+02  0.02382973221  5.931599e-01 1.0688
1  1.00e+03  0.02378461899  5.931599e-01 1.0688
1  1.05e+03  0.02374307194  5.931599e-01 1.0688
1  1.10e+03  0.0237068427  5.931599e-01 1.0688
1  1.15e+03  0.02367524441  5.931599e-01 1.0688
1  1.20e+03  0.02364846174  5.931599e-01 1.0688
1  1.26e+03  0.02362276859  5.931599e-01 1.0688
1  1.32e+03  0.02359951787  5.931599e-01 1.0688
1  1.38e+03  0.02357947523  5.931599e-01 1.0688
1  1.45e+03  0.02356223433  5.931599e-01 1.0688
1  1.51e+03  0.02354560936  5.931599e-01 1.0688
1  1.58e+03  0.02353181114  5.931599e-01 1.0688
1  1.66e+03  0.02351822694  5.931599e-01 1.0688
1  1.74e+03  0.0235074486  5.931599e-01 1.0688
1  1.82e+03  0.02349651271  5.931599e-01 1.0688
1  1.91e+03  0.02348769953  5.931599e-01 1.0688
1  2.00e+03  0.0234781399  5.931599e-01 1.0688
1  2.09e+03  0.0234710001  5.931599e-01 1.0688
1  2.19e+03  0.02346382587  5.931599e-01 1.0688
1  2.29e+03  0.02345867276  5.931599e-01 1.0688
1  2.40e+03  0.02345268694  5.931599e-01 1.0688
1  2.51e+03  0.02344785747  5.931599e-01 1.0688
1  2.63e+03  0.02344277272  5.931599e-01 1.0688
1  2.75e+03  0.02343882737  5.931599e-01 1.0688
1  2.88e+03  0.02343637258  5.931599e-01 1.0688
1  3.02e+03  0.02343358497  5.931599e-01 1.0688
1  3.16e+03  0.02342960165  5.931599e-01 1.0688
1  3.31e+03  0.02342807722  5.931599e-01 1.0688
1  3.47e+03  0.02342517458  5.931599e-01 1.0688
1  3.63e+03  0.02342213124  5.931599e-01 1.0688
1  3.80e+03  0.02342168046  5.931599e-01 1.0688
1  3.98e+03  0.02341871827  5.931599e-01 1.0688
1  4.17e+03  0.02341900514  5.931599e-01 1.0688
1  4.37e+03  0.0234186025  5.931599e-01 1.0688
1  4.57e+03  0.02341533532  5.931599e-01 1.0688
1  4.79e+03  0.02342205546  5.931599e-01 1.0688
1  5.01e+03  0.02342259871  5.931599e-01 1.0688
1  5.25e+03  0.02341151572  5.931599e-01 1.0688
1  5.50e+03  0.02340050418  5.931599e-01 1.0688
1  5.75e+03  0.02342747247  5.931599e-01 1.0688
1  6.03e+03  0.02343671974  5.931599e-01 1.0688
1  6.31e+03  0.02340782323  5.931599e-01 1.0688
1  6.61e+03  0.02347686017  5.931599e-01 1.0688
1  6.92e+03  0.02342410053  5.931599e-01 1.0688
1  7.24e+03  0.02352402805  5.931599e-01 1.0688
1  7.59e+03  0.02351659596  5.931599e-01 1.0688
1  7.94e+03  0.0235322391  5.931599e-01 1.0688
1  8.32e+03  0.02369429947  5.931599e-01 1.0688
1  8.71e+03  0.02376227849  5.931599e-01 1.0688
1  9.12e+03  0.02379686385  5.931599e-01 1.0688
1  9.55e+03  0.02394328034  5.931599e-01 1.0688
1  1.00e+04  0.02421993056  5.931599e-01 1.0688
1  1.05e+04  0.02453553046  5.931599e-01 1.0688
1  1.10e+04  0.02491987314  5.931599e-01 1.0688
1  1.15e+04  0.02535487652  5.931599e-01 1.0688
1  1.20e+04  0.02593508373  5.931599e-01 1.0688
1  1.26e+04  0.0265294062  5.931599e-01 1.0688
1  1.32e+04  0.02723276194  5.931599e-01 1.0688
1  1.38e+04  0.02807128054  5.931599e-01 1.0688
1  1.45e+04  0.02912339122  5.931599e-01 1.0688
1  1.51e+04  0.03055914894  5.931599e-01 1.0688
1  1.58e+04  0.03231977278  5.931599e-01 1.0688
1  1.66e+04  0.03409484386  5.931599e-01 1.0688
1  1.74e+04  0.03577954197  5.931599e-01 1.0688
1  1.82e+04  0.03783021777  5.931599e-01 1.0688
1  1.91e+04  0.04072612001  5.931599e-01 1.0688
1  2.00e+04  0.04370992205  5.931599e-01 1.0688
1  2.09e+04  0.04665254061  5.931599e-01 1.0688
1  2.19e+04  0.05028325422  5.931599e-01 1.0688
1  2.29e+04  0.053963764  5.931599e-01 1.0688
1  2.40e+04  0.05845987051  5.931599e-01 1.0688
1  2.51e+04  0.06252384324  5.931599e-01 1.0688
1  2.63e+04  0.06793618007  5.931599e-01 1.0688
1  2.75e+04  0.07253878719  5.931599e-01 1.0688
1  2.88e+04  0.07873775693  5.931599e-01 1.0688
1  3.02e+04  0.08395532026  5.931599e-01 1.0688
1  3.16e+04  0.09064817472  5.931599e-01 1.0688
1  3.31e+04  0.0970735281  5.931599e-01 1.0688
1  3.47e+04  0.1032727233  5.931599e-01 1.0688
1  3.63e+04  0.1114381387  5.931599e-01 1.0688
1  3.80e+04  0.1180211269  5.931599e-01 1.0688
1  3.98e+04  0.1249281  5.931599e-01 1.0688
1  4.17e+04  0.1345625135  5.931599e-01 1.0688
1  4.37e+04  0.1416752785  5.931599e-01 1.0688
1  4.57e+04  0.1481995965  5.931599e-01 1.0688
1  4.79e+04  0.1583768394  5.931599e-01 1.0688
1  5.01e+04  0.1679692349  5.931599e-01 1.0688
1  5.25e+04  0.1746301589  5.931599e-01 1.0688
1  5.50e+04  0.1820776049  5.931599e-01 1.0688
1  5.75e+04  0.1920139737  5.931599e-01 1.0688
1  6.03e+04  0.2024052784  5.931599e-01 1.0688
1  6.31e+04  0.2114250959  5.931599e-01 1.0688
1  6.61e+04  0.2189285806  5.931599e-01 1.0688
1  6.92e+04  0.2260122396  5.931599e-01 1.0688
1  7.24e+04  0.234219932  5.931599e-01 1.0688
1  7.59e+04  0.2442270338  5.931599e-01 1.0688
1  7.94e+04  0.2550505993  5.931599e-01 1.0688
1  8.32e+04  0.2649606897  5.931599e-01 1.0688
1  8.71e+04  0.2730328636  5.931599e-01 1.0688
1  9.12e+04  0.2796662159  5.931599e-01 1.0688
1  9.55e+04  0.2859413044  5.931599e-01 1.0688
1  1.00e+05  0.2927642444  5.931599e-01 1.0688
1  1.05e+05  0.3004956096  5.931599e-01 1.0688
1  1.10e+05  0.3090550576  5.931599e-01 1.0688
1  1.15e+05  0.3181486925  5.931599e-01 1.0688
1  1.20e+05  0.3274027288  5.931599e-01 1.0688
1  1.26e+05  0.336422786  5.931599e-01 1.0688
1  1.32e+05  0.3448557941  5.931599e-01 1.0688
1  1.38e+05  0.3524636252  5.931599e-01 1.0688
1  1.45e+05  0.3591699417  5.931599e-01 1.0688
1  1.51e+05  0.3650547755  5.931599e-01 1.0688
1  1.58e+05  0.3703052338  5.931599e-01 1.0688
1  1.66e+05  0.375149699  5.931599e-01 1.0688
1  1.74e+05  0.3798013561  5.931599e-01 1.0688
1  1.82e+05  0.3844246346  5.931599e-01 1.0688
1  1.91e+05  0.3891253066  5.931599e-01 1.0688
1  2.00e+05  0.3939569986  5.931599e-01 1.0688
1  2.09e+05  0.398934829  5.931599e-01 1.0688
1  2.19e+05  0.4040490365  5.931599e-01 1.0688
1  2.29e+05  0.409275133  5.931599e-01 1.0688
1  2.40e+05  0.4145801819  5.931599e-01 1.0688
1  2.51e+05  0.4199263793  5.931599e-01 1.0688
1  2.63e+05  0.4252733548  5.931599e-01 1.0688
1  2.75e+05  0.4305801314  5.931599e-01 1.0688
1  2.88e+05  0.4358070738  5.931599e-01 1.0688
1  3.02e+05  0.4409177427  5.931599e-01 1.0688
1  3.16e+05  0.4458804211  5.931599e-01 1.0688
1  3.31e+05  0.4506691213  5.931599e-01 1.0688
1  3.47e+05  0.4552640087  5.931599e-01 1.0688
1  3.63e+05  0.4596512948  5.931599e-01 1.0688
1  3.80e+05  0.4638227308  5.931599e-01 1.0688
1  3.98e+05  0.4677748555  5.931599e-01 1.0688
1  4.17e+05  0.4715081419  5.931599e-01 1.0688
1  4.37e+05  0.4750261467  5.931599e-01 1.0688
1  4.57e+05  0.4783347355  5.931599e-01 1.0688
1  4.79e+05  0.4814414186  5.931599e-01 1.0688
1  5.01e+05  0.4843548062  5.931599e-01 1.0688
1  5.25e+05  0.4870841799  5.931599e-01 1.0688
1  5.50e+05  0.4896391637  5.931599e-01 1.0688
1  5.75e+05  0.4920294787  5.931599e-01 1.0688
1  6.03e+05  0.4942647639  5.931599e-01 1.0688
1  6.31e+05  0.4963544479  5.931599e-01 1.0688
1  6.61e+05  0.4983076595  5.931599e-01 1.0688
1  6.92e+05  0.5001331669  5.931599e-01 1.0688
1  7.24e+05  0.5018393388  5.931599e-01 1.0688
1  7.59e+05  0.5034341218  5.931599e-01 1.0688
1  7.94e+05  0.504925029  5.931599e-01 1.0688
1  8.32e+05  0.5063191385  5.931599e-01 1.0688
1  8.71e+05  0.5076230981  5.931599e-01 1.0688
1  9.12e+05  0.5088431352  5.931599e-01 1.0688
1  9.55e+05  0.5099850702  5.931599e-01 1.0688
1  1.00e+06  0.5110543328  5.931599e-01 1.0688
1  1.05e+06  0.5120559796  5.931599e-01 1.0688
1  1.10e+06  0.5129947138  5.931599e-01 1.0688
1  1.15e+06  0.5138749046  5.931599e-01 1.0688
1  1.20e+06  0.5147006069  5.931599e-01 1.0688
1  1.26e+06  0.5154755817  5.931599e-01 1.0688
1  1.32e+06  0.5162033149  5.931599e-01 1.0688
1  1.38e+06  0.5168870362  5.931599e-01 1.0688
1  1.45e+06  0.5175297371  5.931599e-01 1.0688
1  1.51e+06  0.5181341885  5.931599e-01 1.0688
1  1.58e+06  0.5187029561  5.931599e-01 1.0688
1  1.66e+06  0.5192384164  5.931599e-01 1.0688
1  1.74e+06  0.5197427708  5.931599e-01 1.0688
1  1.82e+06  0.5202180591  5.931599e-01 1.0688
1  1.91e+06  0.5206661738  5.931599e-01 1.0688
1  2.00e+06  0.5210888646  5.931599e-01 1.0688
1  2.09e+06  0.5214877578  5.931599e-01 1.0688
1  2.19e+06  0.521864362  5.931599e-01 1.0688
1  2.29e+06  0.5222200779  5.931599e-01 1.0688
1  2.40e+06  0.5225562072  5.931599e-01 1.0688
1  2.51e+06  0.5228739593  5.931599e-01 1.0688
1  2.63e+06  0.5231744592  5.931599e-01 1.0688
1  2.75e+06  0.5234587537  5.931599e-01 1.0688
1  2.88e+06  0.5237278179  5.931599e-01 1.0688
1  3.02e+06  0.52398256  5.931599e-01 1.0688
1  3.16e+06  0.524223827  5.931599e-01 1.0688
1  3.31e+06  0.524452409  5.931599e-01 1.0688
1  3.47e+06  0.5246690438  5.931599e-01 1.0688
1  3.63e+06  0.5248744204  5.931599e-01 1.0688
1  3.80e+06  0.525069183  5.931599e-01 1.0688
1  3.98e+06  0.5252539339  5.931599e-01 1.0688
1  4.17e+06  0.5254292373  5.931599e-01 1.0688
1  4.37e+06  0.5255956212  5.931599e-01 1.0688
1  4.57e+06  0.5257535804  5.931599e-01 1.0688
1  4.79e+06  0.5259035791  5.931599e-01 1.0688
1  5.01e+06  0.5260460527  5.931599e-01 1.0688
1  5.25e+06  0.5261814099  5.931599e-01 1.0688
1  5.50e+06  0.5263100347  5.931599e-01 1.0688
1  5.75e+06  0.5264322879  5.931599e-01 1.0688
1  6.03e+06  0.5265485089  5.931599e-01 1.0688
1  6.31e+06  0.526659017  5.931599e-01 1.0688
1  6.61e+06  0.5267641126  5.931599e-01 1.0688
1  6.92e+06  0.526864079  5.931599e-01 1.0688
1  7.24e+06  0.5269591829  5.931599e-01 1.0688
1  7.59e+06  0.5270496757  5.931599e-01 1.0688
1  7.94e+06  0.5271357947  5.931599e-01 1.0688
1  8.32e+06  0.5272177637  5.931599e-01 1.0688
1  8.71e+06  0.5272957941  5.931599e-01 1.0688
1  9.12e+06  0.5273700856  5.931599e-01 1.0688
1  9.55e+06  0.5274408266  5.931599e-01 1.0688
1  1.00e+07  0.5275081955  5.931599e-01 1.0688
