1  1.00e-03  0.5175943692  6.100312e-01 1.0992000000000002
1  1.05e-03  0.5175934017  6.100312e-01 1.0992000000000002
1  1.10e-03  0.517592383  6.100312e-01 1.0992000000000002
1  1.15e-03  0.5175913901  6.100312e-01 1.0992000000000002
1  1.20e-03  0.517590214  6.100312e-01 1.0992000000000002
1  1.26e-03  0.5175890828  6.100312e-01 1.0992000000000002
1  1.32e-03  0.5175879715  6.100312e-01 1.0992000000000002
1  1.38e-03  0.5175865831  6.100312e-01 1.0992000000000002
1  1.45e-03  0.5175852461  6.100312e-01 1.0992000000000002
1  1.51e-03  0.5175838695  6.100312e-01 1.0992000000000002
1  1.58e-03  0.5175823613  6.100312e-01 1.0992000000000002
1  1.66e-03  0.5175809458  6.100312e-01 1.0992000000000002
1  1.74e-03  0.5175793272  6.100312e-01 1.0992000000000002
1  1.82e-03  0.5175776669  6.100312e-01 1.0992000000000002
1  1.91e-03  0.5175757988  6.100312e-01 1.0992000000000002
1  2.00e-03  0.5175739479  6.100312e-01 1.0992000000000002
1  2.09e-03  0.517572033  6.100312e-01 1.0992000000000002
1  2.19e-03  0.5175700449  6.100312e-01 1.0992000000000002
1  2.29e-03  0.5175679845  6.100312e-01 1.0992000000000002
1  2.40e-03  0.5175657353  6.100312e-01 1.0992000000000002
1  2.51e-03  0.5175633907  6.100312e-01 1.0992000000000002
1  2.63e-03  0.51756103  6.100312e-01 1.0992000000000002
1  2.75e-03  0.5175584891  6.100312e-01 1.0992000000000002
1  2.88e-03  0.5175558151  6.100312e-01 1.0992000000000002
1  3.02e-03  0.5175530239  6.100312e-01 1.0992000000000002
1  3.16e-03  0.5175500678  6.100312e-01 1.0992000000000002
1  3.31e-03  0.5175470128  6.100312e-01 1.0992000000000002
1  3.47e-03  0.5175438268  6.100312e-01 1.0992000000000002
1  3.63e-03  0.5175404683  6.100312e-01 1.0992000000000002
1  3.80e-03  0.5175369626  6.100312e-01 1.0992000000000002
1  3.98e-03  0.5175333189  6.100312e-01 1.0992000000000002
1  4.17e-03  0.5175294455  6.100312e-01 1.0992000000000002
1  4.37e-03  0.517525433  6.100312e-01 1.0992000000000002
1  4.57e-03  0.5175212257  6.100312e-01 1.0992000000000002
1  4.79e-03  0.5175167994  6.100312e-01 1.0992000000000002
1  5.01e-03  0.5175121561  6.100312e-01 1.0992000000000002
1  5.25e-03  0.5175073189  6.100312e-01 1.0992000000000002
1  5.50e-03  0.5175022597  6.100312e-01 1.0992000000000002
1  5.75e-03  0.5174969598  6.100312e-01 1.0992000000000002
1  6.03e-03  0.5174913823  6.100312e-01 1.0992000000000002
1  6.31e-03  0.5174855649  6.100312e-01 1.0992000000000002
1  6.61e-03  0.5174794529  6.100312e-01 1.0992000000000002
1  6.92e-03  0.5174730866  6.100312e-01 1.0992000000000002
1  7.24e-03  0.5174663966  6.100312e-01 1.0992000000000002
1  7.59e-03  0.5174593804  6.100312e-01 1.0992000000000002
1  7.94e-03  0.5174520592  6.100312e-01 1.0992000000000002
1  8.32e-03  0.5174443598  6.100312e-01 1.0992000000000002
1  8.71e-03  0.5174363235  6.100312e-01 1.0992000000000002
1  9.12e-03  0.5174279024  6.100312e-01 1.0992000000000002
1  9.55e-03  0.5174190946  6.100312e-01 1.0992000000000002
1  1.00e-02  0.5174098439  6.100312e-01 1.0992000000000002
1  1.05e-02  0.5174001917  6.100312e-01 1.0992000000000002
1  1.10e-02  0.5173900409  6.100312e-01 1.0992000000000002
1  1.15e-02  0.5173794606  6.100312e-01 1.0992000000000002
1  1.20e-02  0.5173683537  6.100312e-01 1.0992000000000002
1  1.26e-02  0.5173567072  6.100312e-01 1.0992000000000002
1  1.32e-02  0.5173445192  6.100312e-01 1.0992000000000002
1  1.38e-02  0.5173317814  6.100312e-01 1.0992000000000002
1  1.45e-02  0.5173184021  6.100312e-01 1.0992000000000002
1  1.51e-02  0.5173044003  6.100312e-01 1.0992000000000002
1  1.58e-02  0.517289756  6.100312e-01 1.0992000000000002
1  1.66e-02  0.5172744384  6.100312e-01 1.0992000000000002
1  1.74e-02  0.5172583578  6.100312e-01 1.0992000000000002
1  1.82e-02  0.5172415231  6.100312e-01 1.0992000000000002
1  1.91e-02  0.5172239481  6.100312e-01 1.0992000000000002
1  2.00e-02  0.5172054782  6.100312e-01 1.0992000000000002
1  2.09e-02  0.5171861354  6.100312e-01 1.0992000000000002
1  2.19e-02  0.5171658744  6.100312e-01 1.0992000000000002
1  2.29e-02  0.517144696  6.100312e-01 1.0992000000000002
1  2.40e-02  0.517122503  6.100312e-01 1.0992000000000002
1  2.51e-02  0.5170992776  6.100312e-01 1.0992000000000002
1  2.63e-02  0.5170749565  6.100312e-01 1.0992000000000002
1  2.75e-02  0.517049473  6.100312e-01 1.0992000000000002
1  2.88e-02  0.5170227126  6.100312e-01 1.0992000000000002
1  3.02e-02  0.5169947682  6.100312e-01 1.0992000000000002
1  3.16e-02  0.5169654276  6.100312e-01 1.0992000000000002
1  3.31e-02  0.516934753  6.100312e-01 1.0992000000000002
1  3.47e-02  0.5169026339  6.100312e-01 1.0992000000000002
1  3.63e-02  0.5168689711  6.100312e-01 1.0992000000000002
1  3.80e-02  0.5168337642  6.100312e-01 1.0992000000000002
1  3.98e-02  0.5167968844  6.100312e-01 1.0992000000000002
1  4.17e-02  0.5167582807  6.100312e-01 1.0992000000000002
1  4.37e-02  0.5167176677  6.100312e-01 1.0992000000000002
1  4.57e-02  0.5166752775  6.100312e-01 1.0992000000000002
1  4.79e-02  0.5166309508  6.100312e-01 1.0992000000000002
1  5.01e-02  0.5165844553  6.100312e-01 1.0992000000000002
1  5.25e-02  0.5165357247  6.100312e-01 1.0992000000000002
1  5.50e-02  0.5164845869  6.100312e-01 1.0992000000000002
1  5.75e-02  0.5164310832  6.100312e-01 1.0992000000000002
1  6.03e-02  0.5163750809  6.100312e-01 1.0992000000000002
1  6.31e-02  0.5163165307  6.100312e-01 1.0992000000000002
1  6.61e-02  0.5162551117  6.100312e-01 1.0992000000000002
1  6.92e-02  0.51619068  6.100312e-01 1.0992000000000002
1  7.24e-02  0.5161231139  6.100312e-01 1.0992000000000002
1  7.59e-02  0.5160525111  6.100312e-01 1.0992000000000002
1  7.94e-02  0.515978652  6.100312e-01 1.0992000000000002
1  8.32e-02  0.5159011854  6.100312e-01 1.0992000000000002
1  8.71e-02  0.5158198748  6.100312e-01 1.0992000000000002
1  9.12e-02  0.5157346304  6.100312e-01 1.0992000000000002
1  9.55e-02  0.5156457325  6.100312e-01 1.0992000000000002
1  1.00e-01  0.5155523328  6.100312e-01 1.0992000000000002
1  1.05e-01  0.5154542542  6.100312e-01 1.0992000000000002
1  1.10e-01  0.5153520272  6.100312e-01 1.0992000000000002
1  1.15e-01  0.515244627  6.100312e-01 1.0992000000000002
1  1.20e-01  0.5151321237  6.100312e-01 1.0992000000000002
1  1.26e-01  0.515014162  6.100312e-01 1.0992000000000002
1  1.32e-01  0.5148903962  6.100312e-01 1.0992000000000002
1  1.38e-01  0.5147611829  6.100312e-01 1.0992000000000002
1  1.45e-01  0.5146255035  6.100312e-01 1.0992000000000002
1  1.51e-01  0.5144828643  6.100312e-01 1.0992000000000002
1  1.58e-01  0.514334227  6.100312e-01 1.0992000000000002
1  1.66e-01  0.5141780282  6.100312e-01 1.0992000000000002
1  1.74e-01  0.514014475  6.100312e-01 1.0992000000000002
1  1.82e-01  0.5138428228  6.100312e-01 1.0992000000000002
1  1.91e-01  0.5136626134  6.100312e-01 1.0992000000000002
1  2.00e-01  0.5134743583  6.100312e-01 1.0992000000000002
1  2.09e-01  0.5132765382  6.100312e-01 1.0992000000000002
1  2.19e-01  0.5130695755  6.100312e-01 1.0992000000000002
1  2.29e-01  0.5128523388  6.100312e-01 1.0992000000000002
1  2.40e-01  0.5126248854  6.100312e-01 1.0992000000000002
1  2.51e-01  0.5123864876  6.100312e-01 1.0992000000000002
1  2.63e-01  0.5121362262  6.100312e-01 1.0992000000000002
1  2.75e-01  0.5118740685  6.100312e-01 1.0992000000000002
1  2.88e-01  0.5115985687  6.100312e-01 1.0992000000000002
1  3.02e-01  0.5113103679  6.100312e-01 1.0992000000000002
1  3.16e-01  0.5110086789  6.100312e-01 1.0992000000000002
1  3.31e-01  0.5106907202  6.100312e-01 1.0992000000000002
1  3.47e-01  0.5103584365  6.100312e-01 1.0992000000000002
1  3.63e-01  0.5100093291  6.100312e-01 1.0992000000000002
1  3.80e-01  0.5096441053  6.100312e-01 1.0992000000000002
1  3.98e-01  0.5092592952  6.100312e-01 1.0992000000000002
1  4.17e-01  0.5088566923  6.100312e-01 1.0992000000000002
1  4.37e-01  0.5084346363  6.100312e-01 1.0992000000000002
1  4.57e-01  0.5079916292  6.100312e-01 1.0992000000000002
1  4.79e-01  0.5075261694  6.100312e-01 1.0992000000000002
1  5.01e-01  0.5070395919  6.100312e-01 1.0992000000000002
1  5.25e-01  0.5065274703  6.100312e-01 1.0992000000000002
1  5.50e-01  0.5059899542  6.100312e-01 1.0992000000000002
1  5.75e-01  0.5054267195  6.100312e-01 1.0992000000000002
1  6.03e-01  0.5048355433  6.100312e-01 1.0992000000000002
1  6.31e-01  0.504213398  6.100312e-01 1.0992000000000002
1  6.61e-01  0.5035619943  6.100312e-01 1.0992000000000002
1  6.92e-01  0.5028784906  6.100312e-01 1.0992000000000002
1  7.24e-01  0.5021611895  6.100312e-01 1.0992000000000002
1  7.59e-01  0.5014091433  6.100312e-01 1.0992000000000002
1  7.94e-01  0.5006173406  6.100312e-01 1.0992000000000002
1  8.32e-01  0.4997872796  6.100312e-01 1.0992000000000002
1  8.71e-01  0.4989160399  6.100312e-01 1.0992000000000002
1  9.12e-01  0.4980045533  6.100312e-01 1.0992000000000002
1  9.55e-01  0.4970428069  6.100312e-01 1.0992000000000002
1  1.00e+00  0.4960361463  6.100312e-01 1.0992000000000002
1  1.05e+00  0.4949830546  6.100312e-01 1.0992000000000002
1  1.10e+00  0.4938748964  6.100312e-01 1.0992000000000002
1  1.15e+00  0.4927122828  6.100312e-01 1.0992000000000002
1  1.20e+00  0.4914926212  6.100312e-01 1.0992000000000002
1  1.26e+00  0.4902135082  6.100312e-01 1.0992000000000002
1  1.32e+00  0.4888716586  6.100312e-01 1.0992000000000002
1  1.38e+00  0.4874637115  6.100312e-01 1.0992000000000002
1  1.45e+00  0.485991657  6.100312e-01 1.0992000000000002
1  1.51e+00  0.4844500489  6.100312e-01 1.0992000000000002
1  1.58e+00  0.482835723  6.100312e-01 1.0992000000000002
1  1.66e+00  0.4811456594  6.100312e-01 1.0992000000000002
1  1.74e+00  0.4793728273  6.100312e-01 1.0992000000000002
1  1.82e+00  0.4775228183  6.100312e-01 1.0992000000000002
1  1.91e+00  0.4755929719  6.100312e-01 1.0992000000000002
1  2.00e+00  0.4735809408  6.100312e-01 1.0992000000000002
1  2.09e+00  0.4714770172  6.100312e-01 1.0992000000000002
1  2.19e+00  0.469288527  6.100312e-01 1.0992000000000002
1  2.29e+00  0.4670026905  6.100312e-01 1.0992000000000002
1  2.40e+00  0.4646338413  6.100312e-01 1.0992000000000002
1  2.51e+00  0.4621772282  6.100312e-01 1.0992000000000002
1  2.63e+00  0.459626065  6.100312e-01 1.0992000000000002
1  2.75e+00  0.4569863782  6.100312e-01 1.0992000000000002
1  2.88e+00  0.4542677228  6.100312e-01 1.0992000000000002
1  3.02e+00  0.4514626409  6.100312e-01 1.0992000000000002
1  3.16e+00  0.4485736944  6.100312e-01 1.0992000000000002
1  3.31e+00  0.4456084866  6.100312e-01 1.0992000000000002
1  3.47e+00  0.4425688621  6.100312e-01 1.0992000000000002
1  3.63e+00  0.439475265  6.100312e-01 1.0992000000000002
1  3.80e+00  0.4363317113  6.100312e-01 1.0992000000000002
1  3.98e+00  0.4331331217  6.100312e-01 1.0992000000000002
1  4.17e+00  0.4298891755  6.100312e-01 1.0992000000000002
1  4.37e+00  0.4266302448  6.100312e-01 1.0992000000000002
1  4.57e+00  0.4233682449  6.100312e-01 1.0992000000000002
1  4.79e+00  0.4200816695  6.100312e-01 1.0992000000000002
1  5.01e+00  0.4168182046  6.100312e-01 1.0992000000000002
1  5.25e+00  0.4135847913  6.100312e-01 1.0992000000000002
1  5.50e+00  0.4103824245  6.100312e-01 1.0992000000000002
1  5.75e+00  0.4072324051  6.100312e-01 1.0992000000000002
1  6.03e+00  0.4041422977  6.100312e-01 1.0992000000000002
1  6.31e+00  0.4011229071  6.100312e-01 1.0992000000000002
1  6.61e+00  0.398192102  6.100312e-01 1.0992000000000002
1  6.92e+00  0.3953437925  6.100312e-01 1.0992000000000002
1  7.24e+00  0.3926007911  6.100312e-01 1.0992000000000002
1  7.59e+00  0.3899781959  6.100312e-01 1.0992000000000002
1  7.94e+00  0.3874513145  6.100312e-01 1.0992000000000002
1  8.32e+00  0.385063601  6.100312e-01 1.0992000000000002
1  8.71e+00  0.3827806746  6.100312e-01 1.0992000000000002
1  9.12e+00  0.3806166243  6.100312e-01 1.0992000000000002
1  9.55e+00  0.3785833489  6.100312e-01 1.0992000000000002
1  1.00e+01  0.3766572885  6.100312e-01 1.0992000000000002
1  1.05e+01  0.3748541252  6.100312e-01 1.0992000000000002
1  1.10e+01  0.3731046219  6.100312e-01 1.0992000000000002
1  1.15e+01  0.3716267928  6.100312e-01 1.0992000000000002
1  1.20e+01  0.3700834696  6.100312e-01 1.0992000000000002
1  1.26e+01  0.3687439742  6.100312e-01 1.0992000000000002
1  1.32e+01  0.3674711184  6.100312e-01 1.0992000000000002
1  1.38e+01  0.3662824724  6.100312e-01 1.0992000000000002
1  1.45e+01  0.3651774787  6.100312e-01 1.0992000000000002
1  1.51e+01  0.3641382553  6.100312e-01 1.0992000000000002
1  1.58e+01  0.3632002863  6.100312e-01 1.0992000000000002
1  1.66e+01  0.3623156489  6.100312e-01 1.0992000000000002
1  1.74e+01  0.3614759271  6.100312e-01 1.0992000000000002
1  1.82e+01  0.3607249266  6.100312e-01 1.0992000000000002
1  1.91e+01  0.360012175  6.100312e-01 1.0992000000000002
1  2.00e+01  0.3593447129  6.100312e-01 1.0992000000000002
1  2.09e+01  0.3587194433  6.100312e-01 1.0992000000000002
1  2.19e+01  0.3581305872  6.100312e-01 1.0992000000000002
1  2.29e+01  0.357562177  6.100312e-01 1.0992000000000002
1  2.40e+01  0.3570550809  6.100312e-01 1.0992000000000002
1  2.51e+01  0.3565551795  6.100312e-01 1.0992000000000002
1  2.63e+01  0.3560716478  6.100312e-01 1.0992000000000002
1  2.75e+01  0.3556209918  6.100312e-01 1.0992000000000002
1  2.88e+01  0.3551669844  6.100312e-01 1.0992000000000002
1  3.02e+01  0.3547449885  6.100312e-01 1.0992000000000002
1  3.16e+01  0.3543163771  6.100312e-01 1.0992000000000002
1  3.31e+01  0.3539046126  6.100312e-01 1.0992000000000002
1  3.47e+01  0.3534958523  6.100312e-01 1.0992000000000002
1  3.63e+01  0.3530817554  6.100312e-01 1.0992000000000002
1  3.80e+01  0.3526519756  6.100312e-01 1.0992000000000002
1  3.98e+01  0.3522430328  6.100312e-01 1.0992000000000002
1  4.17e+01  0.3517889236  6.100312e-01 1.0992000000000002
1  4.37e+01  0.3513528944  6.100312e-01 1.0992000000000002
1  4.57e+01  0.3508677292  6.100312e-01 1.0992000000000002
1  4.79e+01  0.3503689998  6.100312e-01 1.0992000000000002
1  5.01e+01  0.3498519438  6.100312e-01 1.0992000000000002
1  5.25e+01  0.3493021281  6.100312e-01 1.0992000000000002
1  5.50e+01  0.348705285  6.100312e-01 1.0992000000000002
1  5.75e+01  0.3480641771  6.100312e-01 1.0992000000000002
1  6.03e+01  0.3473476611  6.100312e-01 1.0992000000000002
1  6.31e+01  0.3465896754  6.100312e-01 1.0992000000000002
1  6.61e+01  0.3457480043  6.100312e-01 1.0992000000000002
1  6.92e+01  0.3448198319  6.100312e-01 1.0992000000000002
1  7.24e+01  0.3437961061  6.100312e-01 1.0992000000000002
1  7.59e+01  0.3426373298  6.100312e-01 1.0992000000000002
1  7.94e+01  0.3413583655  6.100312e-01 1.0992000000000002
1  8.32e+01  0.3398882114  6.100312e-01 1.0992000000000002
1  8.71e+01  0.3381978969  6.100312e-01 1.0992000000000002
1  9.12e+01  0.3362826522  6.100312e-01 1.0992000000000002
1  9.55e+01  0.3340559491  6.100312e-01 1.0992000000000002
1  1.00e+02  0.3314873823  6.100312e-01 1.0992000000000002
1  1.05e+02  0.3284419999  6.100312e-01 1.0992000000000002
1  1.10e+02  0.3248539561  6.100312e-01 1.0992000000000002
1  1.15e+02  0.3205674168  6.100312e-01 1.0992000000000002
1  1.20e+02  0.3154114796  6.100312e-01 1.0992000000000002
1  1.26e+02  0.3091589994  6.100312e-01 1.0992000000000002
1  1.32e+02  0.3015409084  6.100312e-01 1.0992000000000002
1  1.38e+02  0.292214113  6.100312e-01 1.0992000000000002
1  1.45e+02  0.2807554143  6.100312e-01 1.0992000000000002
1  1.51e+02  0.2667514417  6.100312e-01 1.0992000000000002
1  1.58e+02  0.2498528736  6.100312e-01 1.0992000000000002
1  1.66e+02  0.2299195249  6.100312e-01 1.0992000000000002
1  1.74e+02  0.2072232294  6.100312e-01 1.0992000000000002
1  1.82e+02  0.1826828387  6.100312e-01 1.0992000000000002
1  1.91e+02  0.1577056687  6.100312e-01 1.0992000000000002
1  2.00e+02  0.1339227492  6.100312e-01 1.0992000000000002
1  2.09e+02  0.1126744826  6.100312e-01 1.0992000000000002
1  2.19e+02  0.09467451957  6.100312e-01 1.0992000000000002
1  2.29e+02  0.08000027186  6.100312e-01 1.0992000000000002
1  2.40e+02  0.06834300654  6.100312e-01 1.0992000000000002
1  2.51e+02  0.05921734197  6.100312e-01 1.0992000000000002
1  2.63e+02  0.05211958635  6.100312e-01 1.0992000000000002
1  2.75e+02  0.04658936528  6.100312e-01 1.0992000000000002
1  2.88e+02  0.04226701768  6.100312e-01 1.0992000000000002
1  3.02e+02  0.03887176582  6.100312e-01 1.0992000000000002
1  3.16e+02  0.03617834505  6.100312e-01 1.0992000000000002
1  3.31e+02  0.03402422527  6.100312e-01 1.0992000000000002
1  3.47e+02  0.03229455264  6.100312e-01 1.0992000000000002
1  3.63e+02  0.03089020564  6.100312e-01 1.0992000000000002
1  3.80e+02  0.02974052624  6.100312e-01 1.0992000000000002
1  3.98e+02  0.02879846789  6.100312e-01 1.0992000000000002
1  4.17e+02  0.02801981757  6.100312e-01 1.0992000000000002
1  4.37e+02  0.02736551326  6.100312e-01 1.0992000000000002
1  4.57e+02  0.02681908021  6.100312e-01 1.0992000000000002
1  4.79e+02  0.02636165853  6.100312e-01 1.0992000000000002
1  5.01e+02  0.02597070809  6.100312e-01 1.0992000000000002
1  5.25e+02  0.02563880869  6.100312e-01 1.0992000000000002
1  5.50e+02  0.02535693927  6.100312e-01 1.0992000000000002
1  5.75e+02  0.02511471848  6.100312e-01 1.0992000000000002
1  6.03e+02  0.02490596895  6.100312e-01 1.0992000000000002
1  6.31e+02  0.02472537158  6.100312e-01 1.0992000000000002
1  6.61e+02  0.02456872385  6.100312e-01 1.0992000000000002
1  6.92e+02  0.02443346484  6.100312e-01 1.0992000000000002
1  7.24e+02  0.02431481699  6.100312e-01 1.0992000000000002
1  7.59e+02  0.02421120112  6.100312e-01 1.0992000000000002
1  7.94e+02  0.02412113819  6.100312e-01 1.0992000000000002
1  8.32e+02  0.02403980649  6.100312e-01 1.0992000000000002
1  8.71e+02  0.02397019667  6.100312e-01 1.0992000000000002
1  9.12e+02  0.02390813186  6.100312e-01 1.0992000000000002
1  9.55e+02  0.02385494118  6.100312e-01 1.0992000000000002
1  1.00e+03  0.02380612804  6.100312e-01 1.0992000000000002
1  1.05e+03  0.02376273725  6.100312e-01 1.0992000000000002
1  1.10e+03  0.02372523199  6.100312e-01 1.0992000000000002
1  1.15e+03  0.02369267641  6.100312e-01 1.0992000000000002
1  1.20e+03  0.02366320241  6.100312e-01 1.0992000000000002
1  1.26e+03  0.02363527726  6.100312e-01 1.0992000000000002
1  1.32e+03  0.02361143403  6.100312e-01 1.0992000000000002
1  1.38e+03  0.02359006325  6.100312e-01 1.0992000000000002
1  1.45e+03  0.02357135114  6.100312e-01 1.0992000000000002
1  1.51e+03  0.02355372172  6.100312e-01 1.0992000000000002
1  1.58e+03  0.02353972111  6.100312e-01 1.0992000000000002
1  1.66e+03  0.02352572454  6.100312e-01 1.0992000000000002
1  1.74e+03  0.02351424481  6.100312e-01 1.0992000000000002
1  1.82e+03  0.02350237405  6.100312e-01 1.0992000000000002
1  1.91e+03  0.02349288103  6.100312e-01 1.0992000000000002
1  2.00e+03  0.02348283038  6.100312e-01 1.0992000000000002
1  2.09e+03  0.02347546589  6.100312e-01 1.0992000000000002
1  2.19e+03  0.02346758306  6.100312e-01 1.0992000000000002
1  2.29e+03  0.02346241276  6.100312e-01 1.0992000000000002
1  2.40e+03  0.02345610178  6.100312e-01 1.0992000000000002
1  2.51e+03  0.02345048835  6.100312e-01 1.0992000000000002
1  2.63e+03  0.02344517736  6.100312e-01 1.0992000000000002
1  2.75e+03  0.02344113199  6.100312e-01 1.0992000000000002
1  2.88e+03  0.02343850605  6.100312e-01 1.0992000000000002
1  3.02e+03  0.02343527367  6.100312e-01 1.0992000000000002
1  3.16e+03  0.02343141353  6.100312e-01 1.0992000000000002
1  3.31e+03  0.02342975709  6.100312e-01 1.0992000000000002
1  3.47e+03  0.02342629423  6.100312e-01 1.0992000000000002
1  3.63e+03  0.02342371406  6.100312e-01 1.0992000000000002
1  3.80e+03  0.02342320705  6.100312e-01 1.0992000000000002
1  3.98e+03  0.02341951579  6.100312e-01 1.0992000000000002
1  4.17e+03  0.02341956103  6.100312e-01 1.0992000000000002
1  4.37e+03  0.02341877448  6.100312e-01 1.0992000000000002
1  4.57e+03  0.02341540286  6.100312e-01 1.0992000000000002
1  4.79e+03  0.02342252121  6.100312e-01 1.0992000000000002
1  5.01e+03  0.02342441566  6.100312e-01 1.0992000000000002
1  5.25e+03  0.02341398629  6.100312e-01 1.0992000000000002
1  5.50e+03  0.02340058396  6.100312e-01 1.0992000000000002
1  5.75e+03  0.02342618819  6.100312e-01 1.0992000000000002
1  6.03e+03  0.02344141958  6.100312e-01 1.0992000000000002
1  6.31e+03  0.02340689122  6.100312e-01 1.0992000000000002
1  6.61e+03  0.0234822926  6.100312e-01 1.0992000000000002
1  6.92e+03  0.0234244306  6.100312e-01 1.0992000000000002
1  7.24e+03  0.02353505789  6.100312e-01 1.0992000000000002
1  7.59e+03  0.02351726755  6.100312e-01 1.0992000000000002
1  7.94e+03  0.02354469009  6.100312e-01 1.0992000000000002
1  8.32e+03  0.02371436221  6.100312e-01 1.0992000000000002
1  8.71e+03  0.02377558021  6.100312e-01 1.0992000000000002
1  9.12e+03  0.02381346692  6.100312e-01 1.0992000000000002
1  9.55e+03  0.02397478386  6.100312e-01 1.0992000000000002
1  1.00e+04  0.02426882392  6.100312e-01 1.0992000000000002
1  1.05e+04  0.0246002097  6.100312e-01 1.0992000000000002
1  1.10e+04  0.02498770317  6.100312e-01 1.0992000000000002
1  1.15e+04  0.02544209751  6.100312e-01 1.0992000000000002
1  1.20e+04  0.02603016362  6.100312e-01 1.0992000000000002
1  1.26e+04  0.02663812151  6.100312e-01 1.0992000000000002
1  1.32e+04  0.02736841425  6.100312e-01 1.0992000000000002
1  1.38e+04  0.02822113236  6.100312e-01 1.0992000000000002
1  1.45e+04  0.02927175399  6.100312e-01 1.0992000000000002
1  1.51e+04  0.03070750915  6.100312e-01 1.0992000000000002
1  1.58e+04  0.0324863611  6.100312e-01 1.0992000000000002
1  1.66e+04  0.03429153724  6.100312e-01 1.0992000000000002
1  1.74e+04  0.03598975705  6.100312e-01 1.0992000000000002
1  1.82e+04  0.03802023111  6.100312e-01 1.0992000000000002
1  1.91e+04  0.04089528905  6.100312e-01 1.0992000000000002
1  2.00e+04  0.04388200982  6.100312e-01 1.0992000000000002
1  2.09e+04  0.04681485636  6.100312e-01 1.0992000000000002
1  2.19e+04  0.0504301608  6.100312e-01 1.0992000000000002
1  2.29e+04  0.05405979893  6.100312e-01 1.0992000000000002
1  2.40e+04  0.05853574728  6.100312e-01 1.0992000000000002
1  2.51e+04  0.06254832061  6.100312e-01 1.0992000000000002
1  2.63e+04  0.06789627044  6.100312e-01 1.0992000000000002
1  2.75e+04  0.07244691034  6.100312e-01 1.0992000000000002
1  2.88e+04  0.07855912641  6.100312e-01 1.0992000000000002
1  3.02e+04  0.08369090842  6.100312e-01 1.0992000000000002
1  3.16e+04  0.09030714781  6.100312e-01 1.0992000000000002
1  3.31e+04  0.09658816207  6.100312e-01 1.0992000000000002
1  3.47e+04  0.1027179638  6.100312e-01 1.0992000000000002
1  3.63e+04  0.1107342951  6.100312e-01 1.0992000000000002
1  3.80e+04  0.1171579926  6.100312e-01 1.0992000000000002
1  3.98e+04  0.1239852127  6.100312e-01 1.0992000000000002
1  4.17e+04  0.1334302638  6.100312e-01 1.0992000000000002
1  4.37e+04  0.1403402053  6.100312e-01 1.0992000000000002
1  4.57e+04  0.1467722065  6.100312e-01 1.0992000000000002
1  4.79e+04  0.1567808969  6.100312e-01 1.0992000000000002
1  5.01e+04  0.1661161308  6.100312e-01 1.0992000000000002
1  5.25e+04  0.1725970309  6.100312e-01 1.0992000000000002
1  5.50e+04  0.1799186945  6.100312e-01 1.0992000000000002
1  5.75e+04  0.1896690041  6.100312e-01 1.0992000000000002
1  6.03e+04  0.1998138549  6.100312e-01 1.0992000000000002
1  6.31e+04  0.208591785  6.100312e-01 1.0992000000000002
1  6.61e+04  0.215895646  6.100312e-01 1.0992000000000002
1  6.92e+04  0.2228151655  6.100312e-01 1.0992000000000002
1  7.24e+04  0.2308558495  6.100312e-01 1.0992000000000002
1  7.59e+04  0.2406531861  6.100312e-01 1.0992000000000002
1  7.94e+04  0.2512211199  6.100312e-01 1.0992000000000002
1  8.32e+04  0.2608669506  6.100312e-01 1.0992000000000002
1  8.71e+04  0.2687066928  6.100312e-01 1.0992000000000002
1  9.12e+04  0.2751509651  6.100312e-01 1.0992000000000002
1  9.55e+04  0.2812632174  6.100312e-01 1.0992000000000002
1  1.00e+05  0.2879240078  6.100312e-01 1.0992000000000002
1  1.05e+05  0.2954767671  6.100312e-01 1.0992000000000002
1  1.10e+05  0.303836238  6.100312e-01 1.0992000000000002
1  1.15e+05  0.3127116892  6.100312e-01 1.0992000000000002
1  1.20e+05  0.3217363405  6.100312e-01 1.0992000000000002
1  1.26e+05  0.3305246451  6.100312e-01 1.0992000000000002
1  1.32e+05  0.3387327942  6.100312e-01 1.0992000000000002
1  1.38e+05  0.346130483  6.100312e-01 1.0992000000000002
1  1.45e+05  0.3526460206  6.100312e-01 1.0992000000000002
1  1.51e+05  0.3583602176  6.100312e-01 1.0992000000000002
1  1.58e+05  0.3634576519  6.100312e-01 1.0992000000000002
1  1.66e+05  0.3681622132  6.100312e-01 1.0992000000000002
1  1.74e+05  0.3726820968  6.100312e-01 1.0992000000000002
1  1.82e+05  0.3771773493  6.100312e-01 1.0992000000000002
1  1.91e+05  0.3817505246  6.100312e-01 1.0992000000000002
1  2.00e+05  0.3864532747  6.100312e-01 1.0992000000000002
1  2.09e+05  0.3912997795  6.100312e-01 1.0992000000000002
1  2.19e+05  0.3962800737  6.100312e-01 1.0992000000000002
1  2.29e+05  0.4013699344  6.100312e-01 1.0992000000000002
1  2.40e+05  0.4065369754  6.100312e-01 1.0992000000000002
1  2.51e+05  0.4117441183  6.100312e-01 1.0992000000000002
1  2.63e+05  0.4169518262  6.100312e-01 1.0992000000000002
1  2.75e+05  0.4221200136  6.100312e-01 1.0992000000000002
1  2.88e+05  0.4272099473  6.100312e-01 1.0992000000000002
1  3.02e+05  0.4321860533  6.100312e-01 1.0992000000000002
1  3.16e+05  0.4370174002  6.100312e-01 1.0992000000000002
1  3.31e+05  0.4416786746  6.100312e-01 1.0992000000000002
1  3.47e+05  0.4461505849  6.100312e-01 1.0992000000000002
1  3.63e+05  0.4504197481  6.100312e-01 1.0992000000000002
1  3.80e+05  0.4544781894  6.100312e-01 1.0992000000000002
1  3.98e+05  0.458322603  6.100312e-01 1.0992000000000002
1  4.17e+05  0.4619535156  6.100312e-01 1.0992000000000002
1  4.37e+05  0.4653744553  6.100312e-01 1.0992000000000002
1  4.57e+05  0.4685911953  6.100312e-01 1.0992000000000002
1  4.79e+05  0.4716111049  6.100312e-01 1.0992000000000002
1  5.01e+05  0.4744426197  6.100312e-01 1.0992000000000002
1  5.25e+05  0.4770948235  6.100312e-01 1.0992000000000002
1  5.50e+05  0.4795771285  6.100312e-01 1.0992000000000002
1  5.75e+05  0.4818990365  6.100312e-01 1.0992000000000002
1  6.03e+05  0.4840699652  6.100312e-01 1.0992000000000002
1  6.31e+05  0.486099123  6.100312e-01 1.0992000000000002
1  6.61e+05  0.4879954229  6.100312e-01 1.0992000000000002
1  6.92e+05  0.4897674235  6.100312e-01 1.0992000000000002
1  7.24e+05  0.4914232914  6.100312e-01 1.0992000000000002
1  7.59e+05  0.4929707792  6.100312e-01 1.0992000000000002
1  7.94e+05  0.4944172156  6.100312e-01 1.0992000000000002
1  8.32e+05  0.4957695029  6.100312e-01 1.0992000000000002
1  8.71e+05  0.4970341231  6.100312e-01 1.0992000000000002
1  9.12e+05  0.4982171467  6.100312e-01 1.0992000000000002
1  9.55e+05  0.4993242465  6.100312e-01 1.0992000000000002
1  1.00e+06  0.5003607136  6.100312e-01 1.0992000000000002
1  1.05e+06  0.5013314748  6.100312e-01 1.0992000000000002
1  1.10e+06  0.5022411115  6.100312e-01 1.0992000000000002
1  1.15e+06  0.503093879  6.100312e-01 1.0992000000000002
1  1.20e+06  0.5038937261  6.100312e-01 1.0992000000000002
1  1.26e+06  0.5046443144  6.100312e-01 1.0992000000000002
1  1.32e+06  0.5053490371  6.100312e-01 1.0992000000000002
1  1.38e+06  0.5060110378  6.100312e-01 1.0992000000000002
1  1.45e+06  0.5066332276  6.100312e-01 1.0992000000000002
1  1.51e+06  0.5072183021  6.100312e-01 1.0992000000000002
1  1.58e+06  0.5077687572  6.100312e-01 1.0992000000000002
1  1.66e+06  0.5082869044  6.100312e-01 1.0992000000000002
1  1.74e+06  0.5087748841  6.100312e-01 1.0992000000000002
1  1.82e+06  0.5092346798  6.100312e-01 1.0992000000000002
1  1.91e+06  0.5096681303  6.100312e-01 1.0992000000000002
1  2.00e+06  0.5100769374  6.100312e-01 1.0992000000000002
1  2.09e+06  0.5104626806  6.100312e-01 1.0992000000000002
1  2.19e+06  0.5108268257  6.100312e-01 1.0992000000000002
1  2.29e+06  0.5111707334  6.100312e-01 1.0992000000000002
1  2.40e+06  0.5114956677  6.100312e-01 1.0992000000000002
1  2.51e+06  0.5118028031  6.100312e-01 1.0992000000000002
1  2.63e+06  0.5120932317  6.100312e-01 1.0992000000000002
1  2.75e+06  0.5123679697  6.100312e-01 1.0992000000000002
1  2.88e+06  0.5126279634  6.100312e-01 1.0992000000000002
1  3.02e+06  0.512874094  6.100312e-01 1.0992000000000002
1  3.16e+06  0.5131071832  6.100312e-01 1.0992000000000002
1  3.31e+06  0.5133279974  6.100312e-01 1.0992000000000002
1  3.47e+06  0.5135372522  6.100312e-01 1.0992000000000002
1  3.63e+06  0.5137356156  6.100312e-01 1.0992000000000002
1  3.80e+06  0.5139237121  6.100312e-01 1.0992000000000002
1  3.98e+06  0.5141021257  6.100312e-01 1.0992000000000002
1  4.17e+06  0.514271403  6.100312e-01 1.0992000000000002
1  4.37e+06  0.5144320557  6.100312e-01 1.0992000000000002
1  4.57e+06  0.5145845632  6.100312e-01 1.0992000000000002
1  4.79e+06  0.5147293753  6.100312e-01 1.0992000000000002
1  5.01e+06  0.5148669134  6.100312e-01 1.0992000000000002
1  5.25e+06  0.5149975736  6.100312e-01 1.0992000000000002
1  5.50e+06  0.5151217274  6.100312e-01 1.0992000000000002
1  5.75e+06  0.5152397244  6.100312e-01 1.0992000000000002
1  6.03e+06  0.5153518929  6.100312e-01 1.0992000000000002
1  6.31e+06  0.515458542  6.100312e-01 1.0992000000000002
1  6.61e+06  0.5155599625  6.100312e-01 1.0992000000000002
1  6.92e+06  0.5156564283  6.100312e-01 1.0992000000000002
1  7.24e+06  0.5157481975  6.100312e-01 1.0992000000000002
1  7.59e+06  0.5158355134  6.100312e-01 1.0992000000000002
1  7.94e+06  0.5159186054  6.100312e-01 1.0992000000000002
1  8.32e+06  0.5159976901  6.100312e-01 1.0992000000000002
1  8.71e+06  0.5160729716  6.100312e-01 1.0992000000000002
1  9.12e+06  0.5161446432  6.100312e-01 1.0992000000000002
1  9.55e+06  0.516212887  6.100312e-01 1.0992000000000002
1  1.00e+07  0.5162778754  6.100312e-01 1.0992000000000002
