1  1.00e-03  0.5270072998  5.958238e-01 1.0736
1  1.05e-03  0.5270062621  5.958238e-01 1.0736
1  1.10e-03  0.5270051119  5.958238e-01 1.0736
1  1.15e-03  0.5270040438  5.958238e-01 1.0736
1  1.20e-03  0.5270027321  5.958238e-01 1.0736
1  1.26e-03  0.5270014853  5.958238e-01 1.0736
1  1.32e-03  0.5270002158  5.958238e-01 1.0736
1  1.38e-03  0.5269986936  5.958238e-01 1.0736
1  1.45e-03  0.5269972118  5.958238e-01 1.0736
1  1.51e-03  0.5269957361  5.958238e-01 1.0736
1  1.58e-03  0.5269940403  5.958238e-01 1.0736
1  1.66e-03  0.5269924786  5.958238e-01 1.0736
1  1.74e-03  0.5269906966  5.958238e-01 1.0736
1  1.82e-03  0.5269888441  5.958238e-01 1.0736
1  1.91e-03  0.5269868082  5.958238e-01 1.0736
1  2.00e-03  0.5269847582  5.958238e-01 1.0736
1  2.09e-03  0.5269826246  5.958238e-01 1.0736
1  2.19e-03  0.5269804134  5.958238e-01 1.0736
1  2.29e-03  0.5269781585  5.958238e-01 1.0736
1  2.40e-03  0.5269756796  5.958238e-01 1.0736
1  2.51e-03  0.5269730672  5.958238e-01 1.0736
1  2.63e-03  0.5269704613  5.958238e-01 1.0736
1  2.75e-03  0.5269676397  5.958238e-01 1.0736
1  2.88e-03  0.5269647079  5.958238e-01 1.0736
1  3.02e-03  0.5269616068  5.958238e-01 1.0736
1  3.16e-03  0.5269583714  5.958238e-01 1.0736
1  3.31e-03  0.5269549668  5.958238e-01 1.0736
1  3.47e-03  0.5269514562  5.958238e-01 1.0736
1  3.63e-03  0.5269477431  5.958238e-01 1.0736
1  3.80e-03  0.5269438717  5.958238e-01 1.0736
1  3.98e-03  0.5269398478  5.958238e-01 1.0736
1  4.17e-03  0.5269355544  5.958238e-01 1.0736
1  4.37e-03  0.5269311412  5.958238e-01 1.0736
1  4.57e-03  0.5269264889  5.958238e-01 1.0736
1  4.79e-03  0.5269215738  5.958238e-01 1.0736
1  5.01e-03  0.5269164746  5.958238e-01 1.0736
1  5.25e-03  0.5269111221  5.958238e-01 1.0736
1  5.50e-03  0.5269055043  5.958238e-01 1.0736
1  5.75e-03  0.5268996406  5.958238e-01 1.0736
1  6.03e-03  0.5268935144  5.958238e-01 1.0736
1  6.31e-03  0.5268870631  5.958238e-01 1.0736
1  6.61e-03  0.5268803326  5.958238e-01 1.0736
1  6.92e-03  0.526873262  5.958238e-01 1.0736
1  7.24e-03  0.5268658762  5.958238e-01 1.0736
1  7.59e-03  0.5268581542  5.958238e-01 1.0736
1  7.94e-03  0.5268500203  5.958238e-01 1.0736
1  8.32e-03  0.5268415584  5.958238e-01 1.0736
1  8.71e-03  0.5268326642  5.958238e-01 1.0736
1  9.12e-03  0.5268233658  5.958238e-01 1.0736
1  9.55e-03  0.5268136149  5.958238e-01 1.0736
1  1.00e-02  0.5268033947  5.958238e-01 1.0736
1  1.05e-02  0.5267927075  5.958238e-01 1.0736
1  1.10e-02  0.5267815365  5.958238e-01 1.0736
1  1.15e-02  0.5267697891  5.958238e-01 1.0736
1  1.20e-02  0.5267575124  5.958238e-01 1.0736
1  1.26e-02  0.5267446491  5.958238e-01 1.0736
1  1.32e-02  0.5267312204  5.958238e-01 1.0736
1  1.38e-02  0.5267171126  5.958238e-01 1.0736
1  1.45e-02  0.5267023628  5.958238e-01 1.0736
1  1.51e-02  0.5266868991  5.958238e-01 1.0736
1  1.58e-02  0.526670713  5.958238e-01 1.0736
1  1.66e-02  0.526653743  5.958238e-01 1.0736
1  1.74e-02  0.5266359607  5.958238e-01 1.0736
1  1.82e-02  0.5266174076  5.958238e-01 1.0736
1  1.91e-02  0.526597868  5.958238e-01 1.0736
1  2.00e-02  0.5265775197  5.958238e-01 1.0736
1  2.09e-02  0.5265561273  5.958238e-01 1.0736
1  2.19e-02  0.526533798  5.958238e-01 1.0736
1  2.29e-02  0.5265103312  5.958238e-01 1.0736
1  2.40e-02  0.5264858429  5.958238e-01 1.0736
1  2.51e-02  0.5264600759  5.958238e-01 1.0736
1  2.63e-02  0.5264331528  5.958238e-01 1.0736
1  2.75e-02  0.5264049823  5.958238e-01 1.0736
1  2.88e-02  0.5263755367  5.958238e-01 1.0736
1  3.02e-02  0.5263445371  5.958238e-01 1.0736
1  3.16e-02  0.5263122446  5.958238e-01 1.0736
1  3.31e-02  0.5262783034  5.958238e-01 1.0736
1  3.47e-02  0.5262427667  5.958238e-01 1.0736
1  3.63e-02  0.526205604  5.958238e-01 1.0736
1  3.80e-02  0.5261665726  5.958238e-01 1.0736
1  3.98e-02  0.5261258272  5.958238e-01 1.0736
1  4.17e-02  0.5260829788  5.958238e-01 1.0736
1  4.37e-02  0.5260382962  5.958238e-01 1.0736
1  4.57e-02  0.5259913622  5.958238e-01 1.0736
1  4.79e-02  0.5259421672  5.958238e-01 1.0736
1  5.01e-02  0.5258907375  5.958238e-01 1.0736
1  5.25e-02  0.525836863  5.958238e-01 1.0736
1  5.50e-02  0.5257805298  5.958238e-01 1.0736
1  5.75e-02  0.5257214106  5.958238e-01 1.0736
1  6.03e-02  0.5256594694  5.958238e-01 1.0736
1  6.31e-02  0.525594368  5.958238e-01 1.0736
1  6.61e-02  0.5255264653  5.958238e-01 1.0736
1  6.92e-02  0.525455179  5.958238e-01 1.0736
1  7.24e-02  0.5253807259  5.958238e-01 1.0736
1  7.59e-02  0.5253025062  5.958238e-01 1.0736
1  7.94e-02  0.525220691  5.958238e-01 1.0736
1  8.32e-02  0.5251348207  5.958238e-01 1.0736
1  8.71e-02  0.5250451025  5.958238e-01 1.0736
1  9.12e-02  0.5249509223  5.958238e-01 1.0736
1  9.55e-02  0.5248520338  5.958238e-01 1.0736
1  1.00e-01  0.52474888  5.958238e-01 1.0736
1  1.05e-01  0.5246406849  5.958238e-01 1.0736
1  1.10e-01  0.5245268583  5.958238e-01 1.0736
1  1.15e-01  0.524407934  5.958238e-01 1.0736
1  1.20e-01  0.5242834169  5.958238e-01 1.0736
1  1.26e-01  0.5241529516  5.958238e-01 1.0736
1  1.32e-01  0.5240162982  5.958238e-01 1.0736
1  1.38e-01  0.5238725335  5.958238e-01 1.0736
1  1.45e-01  0.523722264  5.958238e-01 1.0736
1  1.51e-01  0.5235649213  5.958238e-01 1.0736
1  1.58e-01  0.5233998286  5.958238e-01 1.0736
1  1.66e-01  0.5232264003  5.958238e-01 1.0736
1  1.74e-01  0.523045258  5.958238e-01 1.0736
1  1.82e-01  0.5228548294  5.958238e-01 1.0736
1  1.91e-01  0.522655847  5.958238e-01 1.0736
1  2.00e-01  0.5224471738  5.958238e-01 1.0736
1  2.09e-01  0.522227946  5.958238e-01 1.0736
1  2.19e-01  0.5219984612  5.958238e-01 1.0736
1  2.29e-01  0.5217573774  5.958238e-01 1.0736
1  2.40e-01  0.5215051505  5.958238e-01 1.0736
1  2.51e-01  0.521239566  5.958238e-01 1.0736
1  2.63e-01  0.5209627203  5.958238e-01 1.0736
1  2.75e-01  0.5206714819  5.958238e-01 1.0736
1  2.88e-01  0.5203658412  5.958238e-01 1.0736
1  3.02e-01  0.520044985  5.958238e-01 1.0736
1  3.16e-01  0.5197092164  5.958238e-01 1.0736
1  3.31e-01  0.5193564839  5.958238e-01 1.0736
1  3.47e-01  0.5189876001  5.958238e-01 1.0736
1  3.63e-01  0.5185997328  5.958238e-01 1.0736
1  3.80e-01  0.5181923046  5.958238e-01 1.0736
1  3.98e-01  0.5177646981  5.958238e-01 1.0736
1  4.17e-01  0.517316433  5.958238e-01 1.0736
1  4.37e-01  0.5168458281  5.958238e-01 1.0736
1  4.57e-01  0.5163537393  5.958238e-01 1.0736
1  4.79e-01  0.5158355388  5.958238e-01 1.0736
1  5.01e-01  0.5152915124  5.958238e-01 1.0736
1  5.25e-01  0.5147210778  5.958238e-01 1.0736
1  5.50e-01  0.5141220156  5.958238e-01 1.0736
1  5.75e-01  0.5134909973  5.958238e-01 1.0736
1  6.03e-01  0.512832227  5.958238e-01 1.0736
1  6.31e-01  0.5121383438  5.958238e-01 1.0736
1  6.61e-01  0.5114086005  5.958238e-01 1.0736
1  6.92e-01  0.51064352  5.958238e-01 1.0736
1  7.24e-01  0.5098425752  5.958238e-01 1.0736
1  7.59e-01  0.5089990368  5.958238e-01 1.0736
1  7.94e-01  0.5081105056  5.958238e-01 1.0736
1  8.32e-01  0.5071820948  5.958238e-01 1.0736
1  8.71e-01  0.5062039935  5.958238e-01 1.0736
1  9.12e-01  0.5051788111  5.958238e-01 1.0736
1  9.55e-01  0.5040990275  5.958238e-01 1.0736
1  1.00e+00  0.5029664046  5.958238e-01 1.0736
1  1.05e+00  0.5017784145  5.958238e-01 1.0736
1  1.10e+00  0.5005290219  5.958238e-01 1.0736
1  1.15e+00  0.4992181973  5.958238e-01 1.0736
1  1.20e+00  0.4978395105  5.958238e-01 1.0736
1  1.26e+00  0.4963955209  5.958238e-01 1.0736
1  1.32e+00  0.4948775687  5.958238e-01 1.0736
1  1.38e+00  0.4932803704  5.958238e-01 1.0736
1  1.45e+00  0.4916095911  5.958238e-01 1.0736
1  1.51e+00  0.4898580966  5.958238e-01 1.0736
1  1.58e+00  0.4880243122  5.958238e-01 1.0736
1  1.66e+00  0.4860977149  5.958238e-01 1.0736
1  1.74e+00  0.4840779308  5.958238e-01 1.0736
1  1.82e+00  0.4819640156  5.958238e-01 1.0736
1  1.91e+00  0.4797569523  5.958238e-01 1.0736
1  2.00e+00  0.477449341  5.958238e-01 1.0736
1  2.09e+00  0.4750366822  5.958238e-01 1.0736
1  2.19e+00  0.4725200382  5.958238e-01 1.0736
1  2.29e+00  0.4698884339  5.958238e-01 1.0736
1  2.40e+00  0.4671620366  5.958238e-01 1.0736
1  2.51e+00  0.4643146224  5.958238e-01 1.0736
1  2.63e+00  0.4613637972  5.958238e-01 1.0736
1  2.75e+00  0.4583017101  5.958238e-01 1.0736
1  2.88e+00  0.4551397276  5.958238e-01 1.0736
1  3.02e+00  0.4518764818  5.958238e-01 1.0736
1  3.16e+00  0.4485043962  5.958238e-01 1.0736
1  3.31e+00  0.4450390868  5.958238e-01 1.0736
1  3.47e+00  0.441487775  5.958238e-01 1.0736
1  3.63e+00  0.4378627833  5.958238e-01 1.0736
1  3.80e+00  0.4341620985  5.958238e-01 1.0736
1  3.98e+00  0.4303970256  5.958238e-01 1.0736
1  4.17e+00  0.4265864526  5.958238e-01 1.0736
1  4.37e+00  0.4227498155  5.958238e-01 1.0736
1  4.57e+00  0.4188760674  5.958238e-01 1.0736
1  4.79e+00  0.4150166699  5.958238e-01 1.0736
1  5.01e+00  0.4111579369  5.958238e-01 1.0736
1  5.25e+00  0.4073187819  5.958238e-01 1.0736
1  5.50e+00  0.4035230965  5.958238e-01 1.0736
1  5.75e+00  0.3997921199  5.958238e-01 1.0736
1  6.03e+00  0.3961195847  5.958238e-01 1.0736
1  6.31e+00  0.3925631353  5.958238e-01 1.0736
1  6.61e+00  0.3890901772  5.958238e-01 1.0736
1  6.92e+00  0.3857187746  5.958238e-01 1.0736
1  7.24e+00  0.3824734258  5.958238e-01 1.0736
1  7.59e+00  0.3793680068  5.958238e-01 1.0736
1  7.94e+00  0.3764053106  5.958238e-01 1.0736
1  8.32e+00  0.3735785406  5.958238e-01 1.0736
1  8.71e+00  0.3708965046  5.958238e-01 1.0736
1  9.12e+00  0.3683713469  5.958238e-01 1.0736
1  9.55e+00  0.3659683103  5.958238e-01 1.0736
1  1.00e+01  0.3637257789  5.958238e-01 1.0736
1  1.05e+01  0.3616318152  5.958238e-01 1.0736
1  1.10e+01  0.3596706591  5.958238e-01 1.0736
1  1.15e+01  0.3578115328  5.958238e-01 1.0736
1  1.20e+01  0.3561449741  5.958238e-01 1.0736
1  1.26e+01  0.3545446113  5.958238e-01 1.0736
1  1.32e+01  0.3530744404  5.958238e-01 1.0736
1  1.38e+01  0.3517062522  5.958238e-01 1.0736
1  1.45e+01  0.3504390324  5.958238e-01 1.0736
1  1.51e+01  0.3492746428  5.958238e-01 1.0736
1  1.58e+01  0.3481802776  5.958238e-01 1.0736
1  1.66e+01  0.3471862428  5.958238e-01 1.0736
1  1.74e+01  0.3462445115  5.958238e-01 1.0736
1  1.82e+01  0.3453902187  5.958238e-01 1.0736
1  1.91e+01  0.3445857725  5.958238e-01 1.0736
1  2.00e+01  0.3438383752  5.958238e-01 1.0736
1  2.09e+01  0.3431533564  5.958238e-01 1.0736
1  2.19e+01  0.3425109427  5.958238e-01 1.0736
1  2.29e+01  0.3418967708  5.958238e-01 1.0736
1  2.40e+01  0.3413279033  5.958238e-01 1.0736
1  2.51e+01  0.3407805944  5.958238e-01 1.0736
1  2.63e+01  0.3402739445  5.958238e-01 1.0736
1  2.75e+01  0.3397821825  5.958238e-01 1.0736
1  2.88e+01  0.3393184443  5.958238e-01 1.0736
1  3.02e+01  0.3388643262  5.958238e-01 1.0736
1  3.16e+01  0.3384206444  5.958238e-01 1.0736
1  3.31e+01  0.3380045654  5.958238e-01 1.0736
1  3.47e+01  0.3375730449  5.958238e-01 1.0736
1  3.63e+01  0.337137359  5.958238e-01 1.0736
1  3.80e+01  0.336719969  5.958238e-01 1.0736
1  3.98e+01  0.3363033436  5.958238e-01 1.0736
1  4.17e+01  0.3358567553  5.958238e-01 1.0736
1  4.37e+01  0.3354000398  5.958238e-01 1.0736
1  4.57e+01  0.3349423467  5.958238e-01 1.0736
1  4.79e+01  0.3344637798  5.958238e-01 1.0736
1  5.01e+01  0.3339517244  5.958238e-01 1.0736
1  5.25e+01  0.3333958235  5.958238e-01 1.0736
1  5.50e+01  0.3328266048  5.958238e-01 1.0736
1  5.75e+01  0.3322022854  5.958238e-01 1.0736
1  6.03e+01  0.3315253676  5.958238e-01 1.0736
1  6.31e+01  0.3307976588  5.958238e-01 1.0736
1  6.61e+01  0.3299891946  5.958238e-01 1.0736
1  6.92e+01  0.3291026218  5.958238e-01 1.0736
1  7.24e+01  0.3281213878  5.958238e-01 1.0736
1  7.59e+01  0.32701249  5.958238e-01 1.0736
1  7.94e+01  0.3257840943  5.958238e-01 1.0736
1  8.32e+01  0.3243853535  5.958238e-01 1.0736
1  8.71e+01  0.322774689  5.958238e-01 1.0736
1  9.12e+01  0.3209442816  5.958238e-01 1.0736
1  9.55e+01  0.3188437598  5.958238e-01 1.0736
1  1.00e+02  0.316378705  5.958238e-01 1.0736
1  1.05e+02  0.3135008903  5.958238e-01 1.0736
1  1.10e+02  0.3100812249  5.958238e-01 1.0736
1  1.15e+02  0.3060231835  5.958238e-01 1.0736
1  1.20e+02  0.3011181702  5.958238e-01 1.0736
1  1.26e+02  0.2951933194  5.958238e-01 1.0736
1  1.32e+02  0.2879633553  5.958238e-01 1.0736
1  1.38e+02  0.2791159705  5.958238e-01 1.0736
1  1.45e+02  0.2682475657  5.958238e-01 1.0736
1  1.51e+02  0.2549655714  5.958238e-01 1.0736
1  1.58e+02  0.2389210094  5.958238e-01 1.0736
1  1.66e+02  0.2200045349  5.958238e-01 1.0736
1  1.74e+02  0.1984602399  5.958238e-01 1.0736
1  1.82e+02  0.1751225827  5.958238e-01 1.0736
1  1.91e+02  0.151375335  5.958238e-01 1.0736
1  2.00e+02  0.1287486808  5.958238e-01 1.0736
1  2.09e+02  0.1085117967  5.958238e-01 1.0736
1  2.19e+02  0.09134228484  5.958238e-01 1.0736
1  2.29e+02  0.07735688966  5.958238e-01 1.0736
1  2.40e+02  0.06624827602  5.958238e-01 1.0736
1  2.51e+02  0.05754912675  5.958238e-01 1.0736
1  2.63e+02  0.0507828226  5.958238e-01 1.0736
1  2.75e+02  0.04550270925  5.958238e-01 1.0736
1  2.88e+02  0.04138595155  5.958238e-01 1.0736
1  3.02e+02  0.03814411112  5.958238e-01 1.0736
1  3.16e+02  0.03557602264  5.958238e-01 1.0736
1  3.31e+02  0.03352851235  5.958238e-01 1.0736
1  3.47e+02  0.03187559819  5.958238e-01 1.0736
1  3.63e+02  0.03053685602  5.958238e-01 1.0736
1  3.80e+02  0.02944307587  5.958238e-01 1.0736
1  3.98e+02  0.02854501586  5.958238e-01 1.0736
1  4.17e+02  0.02780008864  5.958238e-01 1.0736
1  4.37e+02  0.0271809306  5.958238e-01 1.0736
1  4.57e+02  0.02665849116  5.958238e-01 1.0736
1  4.79e+02  0.02621929574  5.958238e-01 1.0736
1  5.01e+02  0.02585126908  5.958238e-01 1.0736
1  5.25e+02  0.02553587417  5.958238e-01 1.0736
1  5.50e+02  0.02526443773  5.958238e-01 1.0736
1  5.75e+02  0.02503421136  5.958238e-01 1.0736
1  6.03e+02  0.02483510836  5.958238e-01 1.0736
1  6.31e+02  0.02466291527  5.958238e-01 1.0736
1  6.61e+02  0.02451369658  5.958238e-01 1.0736
1  6.92e+02  0.02438422403  5.958238e-01 1.0736
1  7.24e+02  0.02427124367  5.958238e-01 1.0736
1  7.59e+02  0.02417269175  5.958238e-01 1.0736
1  7.94e+02  0.024085988  5.958238e-01 1.0736
1  8.32e+02  0.0240101162  5.958238e-01 1.0736
1  8.71e+02  0.02394263973  5.958238e-01 1.0736
1  9.12e+02  0.02388502148  5.958238e-01 1.0736
1  9.55e+02  0.02383369101  5.958238e-01 1.0736
1  1.00e+03  0.02378810995  5.958238e-01 1.0736
1  1.05e+03  0.02374616473  5.958238e-01 1.0736
1  1.10e+03  0.02370962832  5.958238e-01 1.0736
1  1.15e+03  0.0236779207  5.958238e-01 1.0736
1  1.20e+03  0.02365089095  5.958238e-01 1.0736
1  1.26e+03  0.02362465642  5.958238e-01 1.0736
1  1.32e+03  0.02360141302  5.958238e-01 1.0736
1  1.38e+03  0.02358109374  5.958238e-01 1.0736
1  1.45e+03  0.0235636064  5.958238e-01 1.0736
1  1.51e+03  0.0235468622  5.958238e-01 1.0736
1  1.58e+03  0.02353300524  5.958238e-01 1.0736
1  1.66e+03  0.02351935819  5.958238e-01 1.0736
1  1.74e+03  0.02350848703  5.958238e-01 1.0736
1  1.82e+03  0.02349745079  5.958238e-01 1.0736
1  1.91e+03  0.02348848794  5.958238e-01 1.0736
1  2.00e+03  0.0234788708  5.958238e-01 1.0736
1  2.09e+03  0.02347167458  5.958238e-01 1.0736
1  2.19e+03  0.02346441608  5.958238e-01 1.0736
1  2.29e+03  0.02345927436  5.958238e-01 1.0736
1  2.40e+03  0.02345322445  5.958238e-01 1.0736
1  2.51e+03  0.0234482552  5.958238e-01 1.0736
1  2.63e+03  0.02344314102  5.958238e-01 1.0736
1  2.75e+03  0.0234391783  5.958238e-01 1.0736
1  2.88e+03  0.02343672247  5.958238e-01 1.0736
1  3.02e+03  0.02343385258  5.958238e-01 1.0736
1  3.16e+03  0.02342987615  5.958238e-01 1.0736
1  3.31e+03  0.02342834074  5.958238e-01 1.0736
1  3.47e+03  0.02342534841  5.958238e-01 1.0736
1  3.63e+03  0.02342237377  5.958238e-01 1.0736
1  3.80e+03  0.02342191321  5.958238e-01 1.0736
1  3.98e+03  0.02341884332  5.958238e-01 1.0736
1  4.17e+03  0.02341909357  5.958238e-01 1.0736
1  4.37e+03  0.02341864057  5.958238e-01 1.0736
1  4.57e+03  0.02341535293  5.958238e-01 1.0736
1  4.79e+03  0.0234221382  5.958238e-01 1.0736
1  5.01e+03  0.02342288366  5.958238e-01 1.0736
1  5.25e+03  0.02341188533  5.958238e-01 1.0736
1  5.50e+03  0.02340049366  5.958238e-01 1.0736
1  5.75e+03  0.02342730099  5.958238e-01 1.0736
1  6.03e+03  0.02343744627  5.958238e-01 1.0736
1  6.31e+03  0.02340766131  5.958238e-01 1.0736
1  6.61e+03  0.02347772122  5.958238e-01 1.0736
1  6.92e+03  0.02342411222  5.958238e-01 1.0736
1  7.24e+03  0.02352573698  5.958238e-01 1.0736
1  7.59e+03  0.02351670867  5.958238e-01 1.0736
1  7.94e+03  0.02353406941  5.958238e-01 1.0736
1  8.32e+03  0.02369736949  5.958238e-01 1.0736
1  8.71e+03  0.02376431507  5.958238e-01 1.0736
1  9.12e+03  0.02379930926  5.958238e-01 1.0736
1  9.55e+03  0.02394794787  5.958238e-01 1.0736
1  1.00e+04  0.02422728034  5.958238e-01 1.0736
1  1.05e+04  0.02454524248  5.958238e-01 1.0736
1  1.10e+04  0.02493000709  5.958238e-01 1.0736
1  1.15e+04  0.02536788629  5.958238e-01 1.0736
1  1.20e+04  0.02594918775  5.958238e-01 1.0736
1  1.26e+04  0.02654533315  5.958238e-01 1.0736
1  1.32e+04  0.02725260202  5.958238e-01 1.0736
1  1.38e+04  0.02809305806  5.958238e-01 1.0736
1  1.45e+04  0.02914461418  5.958238e-01 1.0736
1  1.51e+04  0.0305799614  5.958238e-01 1.0736
1  1.58e+04  0.03234289439  5.958238e-01 1.0736
1  1.66e+04  0.03412202497  5.958238e-01 1.0736
1  1.74e+04  0.0358081455  5.958238e-01 1.0736
1  1.82e+04  0.03785491854  5.958238e-01 1.0736
1  1.91e+04  0.04074666797  5.958238e-01 1.0736
1  2.00e+04  0.04373000586  5.958238e-01 1.0736
1  2.09e+04  0.04667018943  5.958238e-01 1.0736
1  2.19e+04  0.05029730106  5.958238e-01 1.0736
1  2.29e+04  0.05396872697  5.958238e-01 1.0736
1  2.40e+04  0.05846043485  5.958238e-01 1.0736
1  2.51e+04  0.06251503652  5.958238e-01 1.0736
1  2.63e+04  0.06791590426  5.958238e-01 1.0736
1  2.75e+04  0.07250894527  5.958238e-01 1.0736
1  2.88e+04  0.07869277963  5.958238e-01 1.0736
1  3.02e+04  0.08389539443  5.958238e-01 1.0736
1  3.16e+04  0.09057459612  5.958238e-01 1.0736
1  3.31e+04  0.09697566932  5.958238e-01 1.0736
1  3.47e+04  0.1031624017  5.958238e-01 1.0736
1  3.63e+04  0.1113025664  5.958238e-01 1.0736
1  3.80e+04  0.1178589392  5.958238e-01 1.0736
1  3.98e+04  0.1247517908  5.958238e-01 1.0736
1  4.17e+04  0.1343544032  5.958238e-01 1.0736
1  4.37e+04  0.1414337229  5.958238e-01 1.0736
1  4.57e+04  0.1479421068  5.958238e-01 1.0736
1  4.79e+04  0.1580907751  5.958238e-01 1.0736
1  5.01e+04  0.167640823  5.958238e-01 1.0736
1  5.25e+04  0.174272127  5.958238e-01 1.0736
1  5.50e+04  0.1816983303  5.958238e-01 1.0736
1  5.75e+04  0.1916035148  5.958238e-01 1.0736
1  6.03e+04  0.2019541132  5.958238e-01 1.0736
1  6.31e+04  0.2109342609  5.958238e-01 1.0736
1  6.61e+04  0.2184050249  5.958238e-01 1.0736
1  6.92e+04  0.2254616231  5.958238e-01 1.0736
1  7.24e+04  0.233641602  5.958238e-01 1.0736
1  7.59e+04  0.2436139471  5.958238e-01 1.0736
1  7.94e+04  0.2543954157  5.958238e-01 1.0736
1  8.32e+04  0.2642622596  5.958238e-01 1.0736
1  8.71e+04  0.2722965756  5.958238e-01 1.0736
1  9.12e+04  0.2788991818  5.958238e-01 1.0736
1  9.55e+04  0.2851477222  5.958238e-01 1.0736
1  1.00e+05  0.2919441105  5.958238e-01 1.0736
1  1.05e+05  0.2996461585  5.958238e-01 1.0736
1  1.10e+05  0.3081727756  5.958238e-01 1.0736
1  1.15e+05  0.3172306282  5.958238e-01 1.0736
1  1.20e+05  0.3264471067  5.958238e-01 1.0736
1  1.26e+05  0.3354292935  5.958238e-01 1.0736
1  1.32e+05  0.3438256386  5.958238e-01 1.0736
1  1.38e+05  0.3513992856  5.958238e-01 1.0736
1  1.45e+05  0.3580746385  5.958238e-01 1.0736
1  1.51e+05  0.3639318329  5.958238e-01 1.0736
1  1.58e+05  0.3691575398  5.958238e-01 1.0736
1  1.66e+05  0.373979389  5.958238e-01 1.0736
1  1.74e+05  0.3786097389  5.958238e-01 1.0736
1  1.82e+05  0.3832122976  5.958238e-01 1.0736
1  1.91e+05  0.3878923111  5.958238e-01 1.0736
1  2.00e+05  0.3927030857  5.958238e-01 1.0736
1  2.09e+05  0.3976595903  5.958238e-01 1.0736
1  2.19e+05  0.4027520343  5.958238e-01 1.0736
1  2.29e+05  0.4079559766  5.958238e-01 1.0736
1  2.40e+05  0.4132385737  5.958238e-01 1.0736
1  2.51e+05  0.4185621433  5.958238e-01 1.0736
1  2.63e+05  0.4238864539  5.958238e-01 1.0736
1  2.75e+05  0.4291706761  5.958238e-01 1.0736
1  2.88e+05  0.4343753239  5.958238e-01 1.0736
1  3.02e+05  0.4394641006  5.958238e-01 1.0736
1  3.16e+05  0.4444054184  5.958238e-01 1.0736
1  3.31e+05  0.4491734005  5.958238e-01 1.0736
1  3.47e+05  0.453748301  5.958238e-01 1.0736
1  3.63e+05  0.4581163975  5.958238e-01 1.0736
1  3.80e+05  0.4622694856  5.958238e-01 1.0736
1  3.98e+05  0.4662041292  5.958238e-01 1.0736
1  4.17e+05  0.4699208093  5.958238e-01 1.0736
1  4.37e+05  0.4734230774  5.958238e-01 1.0736
1  4.57e+05  0.4767167834  5.958238e-01 1.0736
1  4.79e+05  0.4798094138  5.958238e-01 1.0736
1  5.01e+05  0.4827095499  5.958238e-01 1.0736
1  5.25e+05  0.4854264404  5.958238e-01 1.0736
1  5.50e+05  0.4879696741  5.958238e-01 1.0736
1  5.75e+05  0.4903489361  5.958238e-01 1.0736
1  6.03e+05  0.4925738286  5.958238e-01 1.0736
1  6.31e+05  0.4946537442  5.958238e-01 1.0736
1  6.61e+05  0.4965977758  5.958238e-01 1.0736
1  6.92e+05  0.4984146574  5.958238e-01 1.0736
1  7.24e+05  0.5001127244  5.958238e-01 1.0736
1  7.59e+05  0.5016998915  5.958238e-01 1.0736
1  7.94e+05  0.5031836415  5.958238e-01 1.0736
1  8.32e+05  0.5045710238  5.958238e-01 1.0736
1  8.71e+05  0.5058686589  5.958238e-01 1.0736
1  9.12e+05  0.5070827487  5.958238e-01 1.0736
1  9.55e+05  0.5082190893  5.958238e-01 1.0736
1  1.00e+06  0.5092830877  5.958238e-01 1.0736
1  1.05e+06  0.5102797794  5.958238e-01 1.0736
1  1.10e+06  0.5112138476  5.958238e-01 1.0736
1  1.15e+06  0.5120896431  5.958238e-01 1.0736
1  1.20e+06  0.5129112034  5.958238e-01 1.0736
1  1.26e+06  0.5136822732  5.958238e-01 1.0736
1  1.32e+06  0.5144063234  5.958238e-01 1.0736
1  1.38e+06  0.5150865696  5.958238e-01 1.0736
1  1.45e+06  0.5157259904  5.958238e-01 1.0736
1  1.51e+06  0.5163273443  5.958238e-01 1.0736
1  1.58e+06  0.5168931858  5.958238e-01 1.0736
1  1.66e+06  0.5174258807  5.958238e-01 1.0736
1  1.74e+06  0.5179276205  5.958238e-01 1.0736
1  1.82e+06  0.5184004361  5.958238e-01 1.0736
1  1.91e+06  0.5188462111  5.958238e-01 1.0736
1  2.00e+06  0.5192666874  5.958238e-01 1.0736
1  2.09e+06  0.5196634839  5.958238e-01 1.0736
1  2.19e+06  0.5200381022  5.958238e-01 1.0736
1  2.29e+06  0.5203919365  5.958238e-01 1.0736
1  2.40e+06  0.5207262824  5.958238e-01 1.0736
1  2.51e+06  0.5210423437  5.958238e-01 1.0736
1  2.63e+06  0.5213412401  5.958238e-01 1.0736
1  2.75e+06  0.5216240135  5.958238e-01 1.0736
1  2.88e+06  0.5218916343  5.958238e-01 1.0736
1  3.02e+06  0.5221450064  5.958238e-01 1.0736
1  3.16e+06  0.5223849727  5.958238e-01 1.0736
1  3.31e+06  0.5226123195  5.958238e-01 1.0736
1  3.47e+06  0.522827781  5.958238e-01 1.0736
1  3.63e+06  0.5230320429  5.958238e-01 1.0736
1  3.80e+06  0.5232257461  5.958238e-01 1.0736
1  3.98e+06  0.5234094901  5.958238e-01 1.0736
1  4.17e+06  0.5235838362  5.958238e-01 1.0736
1  4.37e+06  0.5237493097  5.958238e-01 1.0736
1  4.57e+06  0.5239064033  5.958238e-01 1.0736
1  4.79e+06  0.5240555784  5.958238e-01 1.0736
1  5.01e+06  0.5241972685  5.958238e-01 1.0736
1  5.25e+06  0.5243318802  5.958238e-01 1.0736
1  5.50e+06  0.5244597954  5.958238e-01 1.0736
1  5.75e+06  0.5245813732  5.958238e-01 1.0736
1  6.03e+06  0.5246969512  5.958238e-01 1.0736
1  6.31e+06  0.5248068471  5.958238e-01 1.0736
1  6.61e+06  0.5249113598  5.958238e-01 1.0736
1  6.92e+06  0.525010771  5.958238e-01 1.0736
1  7.24e+06  0.525105346  5.958238e-01 1.0736
1  7.59e+06  0.525195335  5.958238e-01 1.0736
1  7.94e+06  0.5252809741  5.958238e-01 1.0736
1  8.32e+06  0.5253624858  5.958238e-01 1.0736
1  8.71e+06  0.5254400805  5.958238e-01 1.0736
1  9.12e+06  0.5255139566  5.958238e-01 1.0736
1  9.55e+06  0.5255843019  5.958238e-01 1.0736
1  1.00e+07  0.5256512935  5.958238e-01 1.0736
