1  1.00e-03  0.5480128186  5.678530e-01 1.0232
1  1.05e-03  0.5480116608  5.678530e-01 1.0232
1  1.10e-03  0.5480102949  5.678530e-01 1.0232
1  1.15e-03  0.5480090717  5.678530e-01 1.0232
1  1.20e-03  0.5480075571  5.678530e-01 1.0232
1  1.26e-03  0.5480061223  5.678530e-01 1.0232
1  1.32e-03  0.5480045291  5.678530e-01 1.0232
1  1.38e-03  0.548002826  5.678530e-01 1.0232
1  1.45e-03  0.5480011122  5.678530e-01 1.0232
1  1.51e-03  0.5479994456  5.678530e-01 1.0232
1  1.58e-03  0.5479974546  5.678530e-01 1.0232
1  1.66e-03  0.5479955858  5.678530e-01 1.0232
1  1.74e-03  0.5479935415  5.678530e-01 1.0232
1  1.82e-03  0.5479913659  5.678530e-01 1.0232
1  1.91e-03  0.5479890934  5.678530e-01 1.0232
1  2.00e-03  0.5479867073  5.678530e-01 1.0232
1  2.09e-03  0.5479842051  5.678530e-01 1.0232
1  2.19e-03  0.5479816365  5.678530e-01 1.0232
1  2.29e-03  0.5479789885  5.678530e-01 1.0232
1  2.40e-03  0.5479761735  5.678530e-01 1.0232
1  2.51e-03  0.5479731299  5.678530e-01 1.0232
1  2.63e-03  0.5479700669  5.678530e-01 1.0232
1  2.75e-03  0.5479667959  5.678530e-01 1.0232
1  2.88e-03  0.5479634005  5.678530e-01 1.0232
1  3.02e-03  0.5479598129  5.678530e-01 1.0232
1  3.16e-03  0.5479561049  5.678530e-01 1.0232
1  3.31e-03  0.5479521439  5.678530e-01 1.0232
1  3.47e-03  0.5479480614  5.678530e-01 1.0232
1  3.63e-03  0.5479437689  5.678530e-01 1.0232
1  3.80e-03  0.5479392883  5.678530e-01 1.0232
1  3.98e-03  0.5479345865  5.678530e-01 1.0232
1  4.17e-03  0.5479296429  5.678530e-01 1.0232
1  4.37e-03  0.547924518  5.678530e-01 1.0232
1  4.57e-03  0.5479191046  5.678530e-01 1.0232
1  4.79e-03  0.5479134182  5.678530e-01 1.0232
1  5.01e-03  0.5479075116  5.678530e-01 1.0232
1  5.25e-03  0.5479013117  5.678530e-01 1.0232
1  5.50e-03  0.547894793  5.678530e-01 1.0232
1  5.75e-03  0.5478879902  5.678530e-01 1.0232
1  6.03e-03  0.5478808902  5.678530e-01 1.0232
1  6.31e-03  0.5478734009  5.678530e-01 1.0232
1  6.61e-03  0.5478656041  5.678530e-01 1.0232
1  6.92e-03  0.5478574083  5.678530e-01 1.0232
1  7.24e-03  0.5478488452  5.678530e-01 1.0232
1  7.59e-03  0.5478398786  5.678530e-01 1.0232
1  7.94e-03  0.547830458  5.678530e-01 1.0232
1  8.32e-03  0.5478206425  5.678530e-01 1.0232
1  8.71e-03  0.5478103157  5.678530e-01 1.0232
1  9.12e-03  0.5477995464  5.678530e-01 1.0232
1  9.55e-03  0.5477882395  5.678530e-01 1.0232
1  1.00e-02  0.5477763765  5.678530e-01 1.0232
1  1.05e-02  0.5477639989  5.678530e-01 1.0232
1  1.10e-02  0.5477510316  5.678530e-01 1.0232
1  1.15e-02  0.5477374217  5.678530e-01 1.0232
1  1.20e-02  0.5477231848  5.678530e-01 1.0232
1  1.26e-02  0.5477082482  5.678530e-01 1.0232
1  1.32e-02  0.5476926841  5.678530e-01 1.0232
1  1.38e-02  0.5476763288  5.678530e-01 1.0232
1  1.45e-02  0.5476592117  5.678530e-01 1.0232
1  1.51e-02  0.5476412658  5.678530e-01 1.0232
1  1.58e-02  0.5476224985  5.678530e-01 1.0232
1  1.66e-02  0.5476028294  5.678530e-01 1.0232
1  1.74e-02  0.5475821789  5.678530e-01 1.0232
1  1.82e-02  0.5475606659  5.678530e-01 1.0232
1  1.91e-02  0.5475380113  5.678530e-01 1.0232
1  2.00e-02  0.547514413  5.678530e-01 1.0232
1  2.09e-02  0.547489567  5.678530e-01 1.0232
1  2.19e-02  0.5474636603  5.678530e-01 1.0232
1  2.29e-02  0.547436436  5.678530e-01 1.0232
1  2.40e-02  0.5474080481  5.678530e-01 1.0232
1  2.51e-02  0.5473781377  5.678530e-01 1.0232
1  2.63e-02  0.5473469169  5.678530e-01 1.0232
1  2.75e-02  0.5473142481  5.678530e-01 1.0232
1  2.88e-02  0.5472800629  5.678530e-01 1.0232
1  3.02e-02  0.54724407  5.678530e-01 1.0232
1  3.16e-02  0.5472065869  5.678530e-01 1.0232
1  3.31e-02  0.5471671842  5.678530e-01 1.0232
1  3.47e-02  0.5471259394  5.678530e-01 1.0232
1  3.63e-02  0.5470828078  5.678530e-01 1.0232
1  3.80e-02  0.5470375067  5.678530e-01 1.0232
1  3.98e-02  0.5469902707  5.678530e-01 1.0232
1  4.17e-02  0.5469405395  5.678530e-01 1.0232
1  4.37e-02  0.5468885812  5.678530e-01 1.0232
1  4.57e-02  0.5468340921  5.678530e-01 1.0232
1  4.79e-02  0.5467770352  5.678530e-01 1.0232
1  5.01e-02  0.5467173569  5.678530e-01 1.0232
1  5.25e-02  0.5466548046  5.678530e-01 1.0232
1  5.50e-02  0.5465893359  5.678530e-01 1.0232
1  5.75e-02  0.5465206424  5.678530e-01 1.0232
1  6.03e-02  0.5464486962  5.678530e-01 1.0232
1  6.31e-02  0.5463731054  5.678530e-01 1.0232
1  6.61e-02  0.546294283  5.678530e-01 1.0232
1  6.92e-02  0.5462113635  5.678530e-01 1.0232
1  7.24e-02  0.5461247585  5.678530e-01 1.0232
1  7.59e-02  0.5460338667  5.678530e-01 1.0232
1  7.94e-02  0.5459389539  5.678530e-01 1.0232
1  8.32e-02  0.5458391646  5.678530e-01 1.0232
1  8.71e-02  0.5457348061  5.678530e-01 1.0232
1  9.12e-02  0.5456251048  5.678530e-01 1.0232
1  9.55e-02  0.5455103045  5.678530e-01 1.0232
1  1.00e-01  0.5453903896  5.678530e-01 1.0232
1  1.05e-01  0.5452642847  5.678530e-01 1.0232
1  1.10e-01  0.5451320951  5.678530e-01 1.0232
1  1.15e-01  0.5449937255  5.678530e-01 1.0232
1  1.20e-01  0.5448488889  5.678530e-01 1.0232
1  1.26e-01  0.5446970053  5.678530e-01 1.0232
1  1.32e-01  0.544537696  5.678530e-01 1.0232
1  1.38e-01  0.5443705479  5.678530e-01 1.0232
1  1.45e-01  0.5441955411  5.678530e-01 1.0232
1  1.51e-01  0.5440116874  5.678530e-01 1.0232
1  1.58e-01  0.5438197925  5.678530e-01 1.0232
1  1.66e-01  0.5436175785  5.678530e-01 1.0232
1  1.74e-01  0.5434065694  5.678530e-01 1.0232
1  1.82e-01  0.5431843511  5.678530e-01 1.0232
1  1.91e-01  0.542951683  5.678530e-01 1.0232
1  2.00e-01  0.5427084442  5.678530e-01 1.0232
1  2.09e-01  0.542452184  5.678530e-01 1.0232
1  2.19e-01  0.5421843485  5.678530e-01 1.0232
1  2.29e-01  0.5419025838  5.678530e-01 1.0232
1  2.40e-01  0.5416079554  5.678530e-01 1.0232
1  2.51e-01  0.5412980445  5.678530e-01 1.0232
1  2.63e-01  0.5409738365  5.678530e-01 1.0232
1  2.75e-01  0.5406332953  5.678530e-01 1.0232
1  2.88e-01  0.5402750143  5.678530e-01 1.0232
1  3.02e-01  0.5398999059  5.678530e-01 1.0232
1  3.16e-01  0.5395074112  5.678530e-01 1.0232
1  3.31e-01  0.5390931038  5.678530e-01 1.0232
1  3.47e-01  0.5386601836  5.678530e-01 1.0232
1  3.63e-01  0.5382046234  5.678530e-01 1.0232
1  3.80e-01  0.5377275797  5.678530e-01 1.0232
1  3.98e-01  0.5372245861  5.678530e-01 1.0232
1  4.17e-01  0.5366978553  5.678530e-01 1.0232
1  4.37e-01  0.5361451445  5.678530e-01 1.0232
1  4.57e-01  0.5355637468  5.678530e-01 1.0232
1  4.79e-01  0.5349528081  5.678530e-01 1.0232
1  5.01e-01  0.5343130842  5.678530e-01 1.0232
1  5.25e-01  0.5336388745  5.678530e-01 1.0232
1  5.50e-01  0.5329304928  5.678530e-01 1.0232
1  5.75e-01  0.5321887037  5.678530e-01 1.0232
1  6.03e-01  0.5314056228  5.678530e-01 1.0232
1  6.31e-01  0.5305833259  5.678530e-01 1.0232
1  6.61e-01  0.5297214205  5.678530e-01 1.0232
1  6.92e-01  0.5288140465  5.678530e-01 1.0232
1  7.24e-01  0.5278569555  5.678530e-01 1.0232
1  7.59e-01  0.5268534198  5.678530e-01 1.0232
1  7.94e-01  0.5258006898  5.678530e-01 1.0232
1  8.32e-01  0.5246880668  5.678530e-01 1.0232
1  8.71e-01  0.5235213833  5.678530e-01 1.0232
1  9.12e-01  0.5222908811  5.678530e-01 1.0232
1  9.55e-01  0.5210014241  5.678530e-01 1.0232
1  1.00e+00  0.5196423189  5.678530e-01 1.0232
1  1.05e+00  0.5182085928  5.678530e-01 1.0232
1  1.10e+00  0.5167037066  5.678530e-01 1.0232
1  1.15e+00  0.5151202979  5.678530e-01 1.0232
1  1.20e+00  0.5134544707  5.678530e-01 1.0232
1  1.26e+00  0.5117032284  5.678530e-01 1.0232
1  1.32e+00  0.5098615269  5.678530e-01 1.0232
1  1.38e+00  0.5079220378  5.678530e-01 1.0232
1  1.45e+00  0.5058804945  5.678530e-01 1.0232
1  1.51e+00  0.5037345814  5.678530e-01 1.0232
1  1.58e+00  0.5014851803  5.678530e-01 1.0232
1  1.66e+00  0.4991128296  5.678530e-01 1.0232
1  1.74e+00  0.4966282895  5.678530e-01 1.0232
1  1.82e+00  0.4940077205  5.678530e-01 1.0232
1  1.91e+00  0.4912724895  5.678530e-01 1.0232
1  2.00e+00  0.488393582  5.678530e-01 1.0232
1  2.09e+00  0.4853829454  5.678530e-01 1.0232
1  2.19e+00  0.4822262877  5.678530e-01 1.0232
1  2.29e+00  0.4789173583  5.678530e-01 1.0232
1  2.40e+00  0.4754726996  5.678530e-01 1.0232
1  2.51e+00  0.4718635327  5.678530e-01 1.0232
1  2.63e+00  0.4681110138  5.678530e-01 1.0232
1  2.75e+00  0.4642002871  5.678530e-01 1.0232
1  2.88e+00  0.4601451993  5.678530e-01 1.0232
1  3.02e+00  0.4559452026  5.678530e-01 1.0232
1  3.16e+00  0.4515876313  5.678530e-01 1.0232
1  3.31e+00  0.4470926596  5.678530e-01 1.0232
1  3.47e+00  0.4424730441  5.678530e-01 1.0232
1  3.63e+00  0.4377361247  5.678530e-01 1.0232
1  3.80e+00  0.4328746015  5.678530e-01 1.0232
1  3.98e+00  0.4279211456  5.678530e-01 1.0232
1  4.17e+00  0.4228955645  5.678530e-01 1.0232
1  4.37e+00  0.4178199287  5.678530e-01 1.0232
1  4.57e+00  0.4126821872  5.678530e-01 1.0232
1  4.79e+00  0.4075330694  5.678530e-01 1.0232
1  5.01e+00  0.4023821531  5.678530e-01 1.0232
1  5.25e+00  0.3972767486  5.678530e-01 1.0232
1  5.50e+00  0.3922166765  5.678530e-01 1.0232
1  5.75e+00  0.3872086567  5.678530e-01 1.0232
1  6.03e+00  0.3823089205  5.678530e-01 1.0232
1  6.31e+00  0.3775493914  5.678530e-01 1.0232
1  6.61e+00  0.372898433  5.678530e-01 1.0232
1  6.92e+00  0.3684236843  5.678530e-01 1.0232
1  7.24e+00  0.3641136593  5.678530e-01 1.0232
1  7.59e+00  0.3599773567  5.678530e-01 1.0232
1  7.94e+00  0.3560531804  5.678530e-01 1.0232
1  8.32e+00  0.3523010974  5.678530e-01 1.0232
1  8.71e+00  0.3487697781  5.678530e-01 1.0232
1  9.12e+00  0.3454545915  5.678530e-01 1.0232
1  9.55e+00  0.3423310837  5.678530e-01 1.0232
1  1.00e+01  0.3394109852  5.678530e-01 1.0232
1  1.05e+01  0.3366664027  5.678530e-01 1.0232
1  1.10e+01  0.3341523134  5.678530e-01 1.0232
1  1.15e+01  0.3317994275  5.678530e-01 1.0232
1  1.20e+01  0.3295975177  5.678530e-01 1.0232
1  1.26e+01  0.3275731032  5.678530e-01 1.0232
1  1.32e+01  0.3257234764  5.678530e-01 1.0232
1  1.38e+01  0.3240239937  5.678530e-01 1.0232
1  1.45e+01  0.3224334839  5.678530e-01 1.0232
1  1.51e+01  0.3209636324  5.678530e-01 1.0232
1  1.58e+01  0.3196269012  5.678530e-01 1.0232
1  1.66e+01  0.3184139098  5.678530e-01 1.0232
1  1.74e+01  0.3172742976  5.678530e-01 1.0232
1  1.82e+01  0.3162386677  5.678530e-01 1.0232
1  1.91e+01  0.3152513336  5.678530e-01 1.0232
1  2.00e+01  0.314387396  5.678530e-01 1.0232
1  2.09e+01  0.313540741  5.678530e-01 1.0232
1  2.19e+01  0.3128034833  5.678530e-01 1.0232
1  2.29e+01  0.312089217  5.678530e-01 1.0232
1  2.40e+01  0.311433251  5.678530e-01 1.0232
1  2.51e+01  0.3108057811  5.678530e-01 1.0232
1  2.63e+01  0.3102369427  5.678530e-01 1.0232
1  2.75e+01  0.3096708592  5.678530e-01 1.0232
1  2.88e+01  0.3091525458  5.678530e-01 1.0232
1  3.02e+01  0.3086762625  5.678530e-01 1.0232
1  3.16e+01  0.3081843381  5.678530e-01 1.0232
1  3.31e+01  0.3077362998  5.678530e-01 1.0232
1  3.47e+01  0.3072922  5.678530e-01 1.0232
1  3.63e+01  0.30684995  5.678530e-01 1.0232
1  3.80e+01  0.3064102529  5.678530e-01 1.0232
1  3.98e+01  0.305973657  5.678530e-01 1.0232
1  4.17e+01  0.3055380513  5.678530e-01 1.0232
1  4.37e+01  0.3051035468  5.678530e-01 1.0232
1  4.57e+01  0.3046612412  5.678530e-01 1.0232
1  4.79e+01  0.3041686214  5.678530e-01 1.0232
1  5.01e+01  0.3036881024  5.678530e-01 1.0232
1  5.25e+01  0.3031711943  5.678530e-01 1.0232
1  5.50e+01  0.3026273933  5.678530e-01 1.0232
1  5.75e+01  0.3020410956  5.678530e-01 1.0232
1  6.03e+01  0.3014137448  5.678530e-01 1.0232
1  6.31e+01  0.3007599553  5.678530e-01 1.0232
1  6.61e+01  0.3000203254  5.678530e-01 1.0232
1  6.92e+01  0.299184822  5.678530e-01 1.0232
1  7.24e+01  0.2982859578  5.678530e-01 1.0232
1  7.59e+01  0.2973082884  5.678530e-01 1.0232
1  7.94e+01  0.296184965  5.678530e-01 1.0232
1  8.32e+01  0.2949061337  5.678530e-01 1.0232
1  8.71e+01  0.2934771099  5.678530e-01 1.0232
1  9.12e+01  0.2918260176  5.678530e-01 1.0232
1  9.55e+01  0.2898983505  5.678530e-01 1.0232
1  1.00e+02  0.2876944386  5.678530e-01 1.0232
1  1.05e+02  0.2850933702  5.678530e-01 1.0232
1  1.10e+02  0.2820196071  5.678530e-01 1.0232
1  1.15e+02  0.2783678788  5.678530e-01 1.0232
1  1.20e+02  0.2739818538  5.678530e-01 1.0232
1  1.26e+02  0.2686532719  5.678530e-01 1.0232
1  1.32e+02  0.2621462562  5.678530e-01 1.0232
1  1.38e+02  0.2542027203  5.678530e-01 1.0232
1  1.45e+02  0.2444333795  5.678530e-01 1.0232
1  1.51e+02  0.2325236122  5.678530e-01 1.0232
1  1.58e+02  0.2181165281  5.678530e-01 1.0232
1  1.66e+02  0.2010939711  5.678530e-01 1.0232
1  1.74e+02  0.1817030884  5.678530e-01 1.0232
1  1.82e+02  0.1606932873  5.678530e-01 1.0232
1  1.91e+02  0.1392816525  5.678530e-01 1.0232
1  2.00e+02  0.1188352306  5.678530e-01 1.0232
1  2.09e+02  0.1005212569  5.678530e-01 1.0232
1  2.19e+02  0.08499029995  5.678530e-01 1.0232
1  2.29e+02  0.07232030574  5.678530e-01 1.0232
1  2.40e+02  0.06224665056  5.678530e-01 1.0232
1  2.51e+02  0.05435624618  5.678530e-01 1.0232
1  2.63e+02  0.04821096297  5.678530e-01 1.0232
1  2.75e+02  0.04343256168  5.678530e-01 1.0232
1  2.88e+02  0.03969384438  5.678530e-01 1.0232
1  3.02e+02  0.03675800727  5.678530e-01 1.0232
1  3.16e+02  0.03443106532  5.678530e-01 1.0232
1  3.31e+02  0.03257278368  5.678530e-01 1.0232
1  3.47e+02  0.03107650025  5.678530e-01 1.0232
1  3.63e+02  0.0298664439  5.678530e-01 1.0232
1  3.80e+02  0.02887296823  5.678530e-01 1.0232
1  3.98e+02  0.02805691964  5.678530e-01 1.0232
1  4.17e+02  0.02738311287  5.678530e-01 1.0232
1  4.37e+02  0.02682043725  5.678530e-01 1.0232
1  4.57e+02  0.02635048487  5.678530e-01 1.0232
1  4.79e+02  0.02595590457  5.678530e-01 1.0232
1  5.01e+02  0.0256176405  5.678530e-01 1.0232
1  5.25e+02  0.02533138245  5.678530e-01 1.0232
1  5.50e+02  0.02508727974  5.678530e-01 1.0232
1  5.75e+02  0.02487714572  5.678530e-01 1.0232
1  6.03e+02  0.02469710274  5.678530e-01 1.0232
1  6.31e+02  0.02454191197  5.678530e-01 1.0232
1  6.61e+02  0.02440774966  5.678530e-01 1.0232
1  6.92e+02  0.02429011098  5.678530e-01 1.0232
1  7.24e+02  0.02418801299  5.678530e-01 1.0232
1  7.59e+02  0.02409890411  5.678530e-01 1.0232
1  7.94e+02  0.02402003679  5.678530e-01 1.0232
1  8.32e+02  0.02395389832  5.678530e-01 1.0232
1  8.71e+02  0.02389197645  5.678530e-01 1.0232
1  9.12e+02  0.02383908305  5.678530e-01 1.0232
1  9.55e+02  0.0237911957  5.678530e-01 1.0232
1  1.00e+03  0.02375082704  5.678530e-01 1.0232
1  1.05e+03  0.02371357518  5.678530e-01 1.0232
1  1.10e+03  0.02368027922  5.678530e-01 1.0232
1  1.15e+03  0.02365146561  5.678530e-01 1.0232
1  1.20e+03  0.02362585297  5.678530e-01 1.0232
1  1.26e+03  0.02360397684  5.678530e-01 1.0232
1  1.32e+03  0.02358188791  5.678530e-01 1.0232
1  1.38e+03  0.02356513428  5.678530e-01 1.0232
1  1.45e+03  0.02354893054  5.678530e-01 1.0232
1  1.51e+03  0.02353327363  5.678530e-01 1.0232
1  1.58e+03  0.02352037255  5.678530e-01 1.0232
1  1.66e+03  0.02350799628  5.678530e-01 1.0232
1  1.74e+03  0.02349847601  5.678530e-01 1.0232
1  1.82e+03  0.02348768591  5.678530e-01 1.0232
1  1.91e+03  0.0234801301  5.678530e-01 1.0232
1  2.00e+03  0.02347154947  5.678530e-01 1.0232
1  2.09e+03  0.0234648681  5.678530e-01 1.0232
1  2.19e+03  0.0234583376  5.678530e-01 1.0232
1  2.29e+03  0.02345305037  5.678530e-01 1.0232
1  2.40e+03  0.02344779284  5.678530e-01 1.0232
1  2.51e+03  0.0234442512  5.678530e-01 1.0232
1  2.63e+03  0.02343940781  5.678530e-01 1.0232
1  2.75e+03  0.023435834  5.678530e-01 1.0232
1  2.88e+03  0.02343285744  5.678530e-01 1.0232
1  3.02e+03  0.0234308538  5.678530e-01 1.0232
1  3.16e+03  0.02342725596  5.678530e-01 1.0232
1  3.31e+03  0.02342552843  5.678530e-01 1.0232
1  3.47e+03  0.02342349107  5.678530e-01 1.0232
1  3.63e+03  0.02342002001  5.678530e-01 1.0232
1  3.80e+03  0.02341963346  5.678530e-01 1.0232
1  3.98e+03  0.02341749465  5.678530e-01 1.0232
1  4.17e+03  0.02341805223  5.678530e-01 1.0232
1  4.37e+03  0.0234179958  5.678530e-01 1.0232
1  4.57e+03  0.02341497644  5.678530e-01 1.0232
1  4.79e+03  0.02342104298  5.678530e-01 1.0232
1  5.01e+03  0.02341994114  5.678530e-01 1.0232
1  5.25e+03  0.02340840575  5.678530e-01 1.0232
1  5.50e+03  0.02340092091  5.678530e-01 1.0232
1  5.75e+03  0.0234284939  5.678530e-01 1.0232
1  6.03e+03  0.02343017172  5.678530e-01 1.0232
1  6.31e+03  0.02340951317  5.678530e-01 1.0232
1  6.61e+03  0.02346873519  5.678530e-01 1.0232
1  6.92e+03  0.02342454218  5.678530e-01 1.0232
1  7.24e+03  0.02350856201  5.678530e-01 1.0232
1  7.59e+03  0.02351535679  5.678530e-01 1.0232
1  7.94e+03  0.02351722416  5.678530e-01 1.0232
1  8.32e+03  0.02366717003  5.678530e-01 1.0232
1  8.71e+03  0.02374432533  5.678530e-01 1.0232
1  9.12e+03  0.02377688817  5.678530e-01 1.0232
1  9.55e+03  0.02390457399  5.678530e-01 1.0232
1  1.00e+04  0.02415716709  5.678530e-01 1.0232
1  1.05e+04  0.02445298393  5.678530e-01 1.0232
1  1.10e+04  0.02483484413  5.678530e-01 1.0232
1  1.15e+04  0.02524621641  5.678530e-01 1.0232
1  1.20e+04  0.02581888049  5.678530e-01 1.0232
1  1.26e+04  0.02640203146  5.678530e-01 1.0232
1  1.32e+04  0.02707457435  5.678530e-01 1.0232
1  1.38e+04  0.0279003876  5.678530e-01 1.0232
1  1.45e+04  0.02896390431  5.678530e-01 1.0232
1  1.51e+04  0.03041156551  5.678530e-01 1.0232
1  1.58e+04  0.03216104806  5.678530e-01 1.0232
1  1.66e+04  0.03391026964  5.678530e-01 1.0232
1  1.74e+04  0.03559441411  5.678530e-01 1.0232
1  1.82e+04  0.03769549212  5.678530e-01 1.0232
1  1.91e+04  0.04064689891  5.678530e-01 1.0232
1  2.00e+04  0.0436517344  5.678530e-01 1.0232
1  2.09e+04  0.04663386318  5.678530e-01 1.0232
1  2.19e+04  0.05032015018  5.678530e-01 1.0232
1  2.29e+04  0.05410572338  5.678530e-01 1.0232
1  2.40e+04  0.05866580587  5.678530e-01 1.0232
1  2.51e+04  0.0628411006  5.678530e-01 1.0232
1  2.63e+04  0.06838590199  5.678530e-01 1.0232
1  2.75e+04  0.07310349514  5.678530e-01 1.0232
1  2.88e+04  0.07947191245  5.678530e-01 1.0232
1  3.02e+04  0.08485627349  5.678530e-01 1.0232
1  3.16e+04  0.09170634609  5.678530e-01 1.0232
1  3.31e+04  0.09838854609  5.678530e-01 1.0232
1  3.47e+04  0.1047326139  5.678530e-01 1.0232
1  3.63e+04  0.1131677305  5.678530e-01 1.0232
1  3.80e+04  0.1200292888  5.678530e-01 1.0232
1  3.98e+04  0.1270968386  5.678530e-01 1.0232
1  4.17e+04  0.1370663631  5.678530e-01 1.0232
1  4.37e+04  0.1445216386  5.678530e-01 1.0232
1  4.57e+04  0.1512205038  5.678530e-01 1.0232
1  4.79e+04  0.1617029488  5.678530e-01 1.0232
1  5.01e+04  0.1717278367  5.678530e-01 1.0232
1  5.25e+04  0.1786904963  5.678530e-01 1.0232
1  5.50e+04  0.1863631568  5.678530e-01 1.0232
1  5.75e+04  0.1966266713  5.678530e-01 1.0232
1  6.03e+04  0.2074353314  5.678530e-01 1.0232
1  6.31e+04  0.2168570804  5.678530e-01 1.0232
1  6.61e+04  0.2246916583  5.678530e-01 1.0232
1  6.92e+04  0.2320516036  5.678530e-01 1.0232
1  7.24e+04  0.24054515  5.678530e-01 1.0232
1  7.59e+04  0.2509100352  5.678530e-01 1.0232
1  7.94e+04  0.2621628646  5.678530e-01 1.0232
1  8.32e+04  0.2725094907  5.678530e-01 1.0232
1  8.71e+04  0.2809606899  5.678530e-01 1.0232
1  9.12e+04  0.2879008136  5.678530e-01 1.0232
1  9.55e+04  0.2944418071  5.678530e-01 1.0232
1  1.00e+05  0.3015326155  5.678530e-01 1.0232
1  1.05e+05  0.3095610261  5.678530e-01 1.0232
1  1.10e+05  0.3184533137  5.678530e-01 1.0232
1  1.15e+05  0.3279091503  5.678530e-01 1.0232
1  1.20e+05  0.3375423653  5.678530e-01 1.0232
1  1.26e+05  0.3469435138  5.678530e-01 1.0232
1  1.32e+05  0.3557440984  5.678530e-01 1.0232
1  1.38e+05  0.3636932863  5.678530e-01 1.0232
1  1.45e+05  0.3707075573  5.678530e-01 1.0232
1  1.51e+05  0.3768662854  5.678530e-01 1.0232
1  1.58e+05  0.3823613629  5.678530e-01 1.0232
1  1.66e+05  0.3874290654  5.678530e-01 1.0232
1  1.74e+05  0.3922911092  5.678530e-01 1.0232
1  1.82e+05  0.3971192824  5.678530e-01 1.0232
1  1.91e+05  0.4020246667  5.678530e-01 1.0232
1  2.00e+05  0.4070640731  5.678530e-01 1.0232
1  2.09e+05  0.4122540655  5.678530e-01 1.0232
1  2.19e+05  0.4175851111  5.678530e-01 1.0232
1  2.29e+05  0.4230321846  5.678530e-01 1.0232
1  2.40e+05  0.4285613531  5.678530e-01 1.0232
1  2.51e+05  0.4341335392  5.678530e-01 1.0232
1  2.63e+05  0.4397069315  5.678530e-01 1.0232
1  2.75e+05  0.4452390265  5.678530e-01 1.0232
1  2.88e+05  0.450688657  5.678530e-01 1.0232
1  3.02e+05  0.4560179239  5.678530e-01 1.0232
1  3.16e+05  0.4611937923  5.678530e-01 1.0232
1  3.31e+05  0.4661891517  5.678530e-01 1.0232
1  3.47e+05  0.4709832697  5.678530e-01 1.0232
1  3.63e+05  0.4755616933  5.678530e-01 1.0232
1  3.80e+05  0.4799157317  5.678530e-01 1.0232
1  3.98e+05  0.4840416815  5.678530e-01 1.0232
1  4.17e+05  0.4879399419  5.678530e-01 1.0232
1  4.37e+05  0.4916141332  5.678530e-01 1.0232
1  4.57e+05  0.4950702902  5.678530e-01 1.0232
1  4.79e+05  0.4983161706  5.678530e-01 1.0232
1  5.01e+05  0.5013606876  5.678530e-01 1.0232
1  5.25e+05  0.5042134621  5.678530e-01 1.0232
1  5.50e+05  0.5068844793  5.678530e-01 1.0232
1  5.75e+05  0.5093838324  5.678530e-01 1.0232
1  6.03e+05  0.5117215348  5.678530e-01 1.0232
1  6.31e+05  0.5139073858  5.678530e-01 1.0232
1  6.61e+05  0.5159508764  5.678530e-01 1.0232
1  6.92e+05  0.5178611263  5.678530e-01 1.0232
1  7.24e+05  0.5196468419  5.678530e-01 1.0232
1  7.59e+05  0.5213162928  5.678530e-01 1.0232
1  7.94e+05  0.5228772995  5.678530e-01 1.0232
1  8.32e+05  0.5243372315  5.678530e-01 1.0232
1  8.71e+05  0.5257030118  5.678530e-01 1.0232
1  9.12e+05  0.526981127  5.678530e-01 1.0232
1  9.55e+05  0.5281776409  5.678530e-01 1.0232
1  1.00e+06  0.5292982117  5.678530e-01 1.0232
1  1.05e+06  0.5303481098  5.678530e-01 1.0232
1  1.10e+06  0.531332238  5.678530e-01 1.0232
1  1.15e+06  0.532255152  5.678530e-01 1.0232
1  1.20e+06  0.5331210808  5.678530e-01 1.0232
1  1.26e+06  0.5339339471  5.678530e-01 1.0232
1  1.32e+06  0.5346973877  5.678530e-01 1.0232
1  1.38e+06  0.5354147729  5.678530e-01 1.0232
1  1.45e+06  0.536089225  5.678530e-01 1.0232
1  1.51e+06  0.536723636  5.678530e-01 1.0232
1  1.58e+06  0.5373206851  5.678530e-01 1.0232
1  1.66e+06  0.5378828538  5.678530e-01 1.0232
1  1.74e+06  0.5384124415  5.678530e-01 1.0232
1  1.82e+06  0.5389115793  5.678530e-01 1.0232
1  1.91e+06  0.5393822444  5.678530e-01 1.0232
1  2.00e+06  0.5398262654  5.678530e-01 1.0232
1  2.09e+06  0.5402453424  5.678530e-01 1.0232
1  2.19e+06  0.5406410523  5.678530e-01 1.0232
1  2.29e+06  0.5410148601  5.678530e-01 1.0232
1  2.40e+06  0.5413681266  5.678530e-01 1.0232
1  2.51e+06  0.5417021176  5.678530e-01 1.0232
1  2.63e+06  0.5420180099  5.678530e-01 1.0232
1  2.75e+06  0.542316899  5.678530e-01 1.0232
1  2.88e+06  0.5425998052  5.678530e-01 1.0232
1  3.02e+06  0.5428676798  5.678530e-01 1.0232
1  3.16e+06  0.5431214093  5.678530e-01 1.0232
1  3.31e+06  0.5433618213  5.678530e-01 1.0232
1  3.47e+06  0.5435896884  5.678530e-01 1.0232
1  3.63e+06  0.5438057327  5.678530e-01 1.0232
1  3.80e+06  0.5440106289  5.678530e-01 1.0232
1  3.98e+06  0.5442050085  5.678530e-01 1.0232
1  4.17e+06  0.5443894626  5.678530e-01 1.0232
1  4.37e+06  0.5445645449  5.678530e-01 1.0232
1  4.57e+06  0.5447307743  5.678530e-01 1.0232
1  4.79e+06  0.5448886375  5.678530e-01 1.0232
1  5.01e+06  0.5450385912  5.678530e-01 1.0232
1  5.25e+06  0.5451810642  5.678530e-01 1.0232
1  5.50e+06  0.5453164593  5.678530e-01 1.0232
1  5.75e+06  0.5454451551  5.678530e-01 1.0232
1  6.03e+06  0.545567508  5.678530e-01 1.0232
1  6.31e+06  0.5456838529  5.678530e-01 1.0232
1  6.61e+06  0.5457945056  5.678530e-01 1.0232
1  6.92e+06  0.545899763  5.678530e-01 1.0232
1  7.24e+06  0.5459999056  5.678530e-01 1.0232
1  7.59e+06  0.5460951973  5.678530e-01 1.0232
1  7.94e+06  0.5461858873  5.678530e-01 1.0232
1  8.32e+06  0.5462722109  5.678530e-01 1.0232
1  8.71e+06  0.5463543901  5.678530e-01 1.0232
1  9.12e+06  0.5464326346  5.678530e-01 1.0232
1  9.55e+06  0.5465071426  5.678530e-01 1.0232
1  1.00e+07  0.5465781015  5.678530e-01 1.0232
