1  1.00e-03  0.6090995932  5.003677e-01 0.9016000000000001
1  1.05e-03  0.6090981744  5.003677e-01 0.9016000000000001
1  1.10e-03  0.609096584  5.003677e-01 0.9016000000000001
1  1.15e-03  0.6090949326  5.003677e-01 0.9016000000000001
1  1.20e-03  0.6090932898  5.003677e-01 0.9016000000000001
1  1.26e-03  0.609091471  5.003677e-01 0.9016000000000001
1  1.32e-03  0.6090895228  5.003677e-01 0.9016000000000001
1  1.38e-03  0.6090875922  5.003677e-01 0.9016000000000001
1  1.45e-03  0.6090855416  5.003677e-01 0.9016000000000001
1  1.51e-03  0.6090834339  5.003677e-01 0.9016000000000001
1  1.58e-03  0.6090812026  5.003677e-01 0.9016000000000001
1  1.66e-03  0.609078804  5.003677e-01 0.9016000000000001
1  1.74e-03  0.6090763562  5.003677e-01 0.9016000000000001
1  1.82e-03  0.6090737737  5.003677e-01 0.9016000000000001
1  1.91e-03  0.609071143  5.003677e-01 0.9016000000000001
1  2.00e-03  0.6090683254  5.003677e-01 0.9016000000000001
1  2.09e-03  0.6090653141  5.003677e-01 0.9016000000000001
1  2.19e-03  0.6090622217  5.003677e-01 0.9016000000000001
1  2.29e-03  0.6090589888  5.003677e-01 0.9016000000000001
1  2.40e-03  0.6090556046  5.003677e-01 0.9016000000000001
1  2.51e-03  0.6090520545  5.003677e-01 0.9016000000000001
1  2.63e-03  0.6090483235  5.003677e-01 0.9016000000000001
1  2.75e-03  0.6090444375  5.003677e-01 0.9016000000000001
1  2.88e-03  0.6090403584  5.003677e-01 0.9016000000000001
1  3.02e-03  0.609036094  5.003677e-01 0.9016000000000001
1  3.16e-03  0.6090316369  5.003677e-01 0.9016000000000001
1  3.31e-03  0.6090269402  5.003677e-01 0.9016000000000001
1  3.47e-03  0.6090220511  5.003677e-01 0.9016000000000001
1  3.63e-03  0.6090169302  5.003677e-01 0.9016000000000001
1  3.80e-03  0.6090115401  5.003677e-01 0.9016000000000001
1  3.98e-03  0.6090059077  5.003677e-01 0.9016000000000001
1  4.17e-03  0.6090000106  5.003677e-01 0.9016000000000001
1  4.37e-03  0.6089938431  5.003677e-01 0.9016000000000001
1  4.57e-03  0.6089873812  5.003677e-01 0.9016000000000001
1  4.79e-03  0.6089805929  5.003677e-01 0.9016000000000001
1  5.01e-03  0.6089735306  5.003677e-01 0.9016000000000001
1  5.25e-03  0.6089660969  5.003677e-01 0.9016000000000001
1  5.50e-03  0.608958303  5.003677e-01 0.9016000000000001
1  5.75e-03  0.608950154  5.003677e-01 0.9016000000000001
1  6.03e-03  0.608941648  5.003677e-01 0.9016000000000001
1  6.31e-03  0.608932699  5.003677e-01 0.9016000000000001
1  6.61e-03  0.608923369  5.003677e-01 0.9016000000000001
1  6.92e-03  0.6089135561  5.003677e-01 0.9016000000000001
1  7.24e-03  0.6089033024  5.003677e-01 0.9016000000000001
1  7.59e-03  0.6088925852  5.003677e-01 0.9016000000000001
1  7.94e-03  0.6088812983  5.003677e-01 0.9016000000000001
1  8.32e-03  0.6088695551  5.003677e-01 0.9016000000000001
1  8.71e-03  0.6088572136  5.003677e-01 0.9016000000000001
1  9.12e-03  0.608844302  5.003677e-01 0.9016000000000001
1  9.55e-03  0.6088307603  5.003677e-01 0.9016000000000001
1  1.00e-02  0.6088165868  5.003677e-01 0.9016000000000001
1  1.05e-02  0.6088017392  5.003677e-01 0.9016000000000001
1  1.10e-02  0.6087862342  5.003677e-01 0.9016000000000001
1  1.15e-02  0.608769921  5.003677e-01 0.9016000000000001
1  1.20e-02  0.6087528765  5.003677e-01 0.9016000000000001
1  1.26e-02  0.608735023  5.003677e-01 0.9016000000000001
1  1.32e-02  0.6087163693  5.003677e-01 0.9016000000000001
1  1.38e-02  0.6086967738  5.003677e-01 0.9016000000000001
1  1.45e-02  0.6086762948  5.003677e-01 0.9016000000000001
1  1.51e-02  0.6086548224  5.003677e-01 0.9016000000000001
1  1.58e-02  0.6086323341  5.003677e-01 0.9016000000000001
1  1.66e-02  0.6086087564  5.003677e-01 0.9016000000000001
1  1.74e-02  0.608584065  5.003677e-01 0.9016000000000001
1  1.82e-02  0.6085582792  5.003677e-01 0.9016000000000001
1  1.91e-02  0.6085311292  5.003677e-01 0.9016000000000001
1  2.00e-02  0.60850285  5.003677e-01 0.9016000000000001
1  2.09e-02  0.6084731273  5.003677e-01 0.9016000000000001
1  2.19e-02  0.6084420934  5.003677e-01 0.9016000000000001
1  2.29e-02  0.6084094768  5.003677e-01 0.9016000000000001
1  2.40e-02  0.608375431  5.003677e-01 0.9016000000000001
1  2.51e-02  0.6083396039  5.003677e-01 0.9016000000000001
1  2.63e-02  0.6083021671  5.003677e-01 0.9016000000000001
1  2.75e-02  0.608262993  5.003677e-01 0.9016000000000001
1  2.88e-02  0.6082220394  5.003677e-01 0.9016000000000001
1  3.02e-02  0.608178909  5.003677e-01 0.9016000000000001
1  3.16e-02  0.6081339819  5.003677e-01 0.9016000000000001
1  3.31e-02  0.6080867471  5.003677e-01 0.9016000000000001
1  3.47e-02  0.6080372892  5.003677e-01 0.9016000000000001
1  3.63e-02  0.6079855575  5.003677e-01 0.9016000000000001
1  3.80e-02  0.6079312153  5.003677e-01 0.9016000000000001
1  3.98e-02  0.6078745101  5.003677e-01 0.9016000000000001
1  4.17e-02  0.607814834  5.003677e-01 0.9016000000000001
1  4.37e-02  0.6077525472  5.003677e-01 0.9016000000000001
1  4.57e-02  0.6076871478  5.003677e-01 0.9016000000000001
1  4.79e-02  0.6076186263  5.003677e-01 0.9016000000000001
1  5.01e-02  0.6075469677  5.003677e-01 0.9016000000000001
1  5.25e-02  0.6074718587  5.003677e-01 0.9016000000000001
1  5.50e-02  0.6073932633  5.003677e-01 0.9016000000000001
1  5.75e-02  0.6073107655  5.003677e-01 0.9016000000000001
1  6.03e-02  0.6072243283  5.003677e-01 0.9016000000000001
1  6.31e-02  0.6071334824  5.003677e-01 0.9016000000000001
1  6.61e-02  0.6070387458  5.003677e-01 0.9016000000000001
1  6.92e-02  0.6069390739  5.003677e-01 0.9016000000000001
1  7.24e-02  0.6068349384  5.003677e-01 0.9016000000000001
1  7.59e-02  0.6067256141  5.003677e-01 0.9016000000000001
1  7.94e-02  0.6066114419  5.003677e-01 0.9016000000000001
1  8.32e-02  0.6064913726  5.003677e-01 0.9016000000000001
1  8.71e-02  0.6063657352  5.003677e-01 0.9016000000000001
1  9.12e-02  0.6062336039  5.003677e-01 0.9016000000000001
1  9.55e-02  0.6060954215  5.003677e-01 0.9016000000000001
1  1.00e-01  0.6059509212  5.003677e-01 0.9016000000000001
1  1.05e-01  0.6057988176  5.003677e-01 0.9016000000000001
1  1.10e-01  0.6056396303  5.003677e-01 0.9016000000000001
1  1.15e-01  0.6054727566  5.003677e-01 0.9016000000000001
1  1.20e-01  0.6052979871  5.003677e-01 0.9016000000000001
1  1.26e-01  0.6051145702  5.003677e-01 0.9016000000000001
1  1.32e-01  0.6049219712  5.003677e-01 0.9016000000000001
1  1.38e-01  0.6047203608  5.003677e-01 0.9016000000000001
1  1.45e-01  0.604508795  5.003677e-01 0.9016000000000001
1  1.51e-01  0.6042861452  5.003677e-01 0.9016000000000001
1  1.58e-01  0.6040539896  5.003677e-01 0.9016000000000001
1  1.66e-01  0.6038096381  5.003677e-01 0.9016000000000001
1  1.74e-01  0.6035536504  5.003677e-01 0.9016000000000001
1  1.82e-01  0.6032847559  5.003677e-01 0.9016000000000001
1  1.91e-01  0.6030020993  5.003677e-01 0.9016000000000001
1  2.00e-01  0.6027061983  5.003677e-01 0.9016000000000001
1  2.09e-01  0.6023954638  5.003677e-01 0.9016000000000001
1  2.19e-01  0.6020693622  5.003677e-01 0.9016000000000001
1  2.29e-01  0.6017274398  5.003677e-01 0.9016000000000001
1  2.40e-01  0.6013678909  5.003677e-01 0.9016000000000001
1  2.51e-01  0.6009918782  5.003677e-01 0.9016000000000001
1  2.63e-01  0.6005946556  5.003677e-01 0.9016000000000001
1  2.75e-01  0.6001787222  5.003677e-01 0.9016000000000001
1  2.88e-01  0.5997427482  5.003677e-01 0.9016000000000001
1  3.02e-01  0.5992844644  5.003677e-01 0.9016000000000001
1  3.16e-01  0.5988010657  5.003677e-01 0.9016000000000001
1  3.31e-01  0.5982959447  5.003677e-01 0.9016000000000001
1  3.47e-01  0.597762507  5.003677e-01 0.9016000000000001
1  3.63e-01  0.5972036177  5.003677e-01 0.9016000000000001
1  3.80e-01  0.5966145803  5.003677e-01 0.9016000000000001
1  3.98e-01  0.5959973851  5.003677e-01 0.9016000000000001
1  4.17e-01  0.5953467433  5.003677e-01 0.9016000000000001
1  4.37e-01  0.5946619587  5.003677e-01 0.9016000000000001
1  4.57e-01  0.5939443178  5.003677e-01 0.9016000000000001
1  4.79e-01  0.5931869948  5.003677e-01 0.9016000000000001
1  5.01e-01  0.592390525  5.003677e-01 0.9016000000000001
1  5.25e-01  0.591552201  5.003677e-01 0.9016000000000001
1  5.50e-01  0.5906686174  5.003677e-01 0.9016000000000001
1  5.75e-01  0.5897387031  5.003677e-01 0.9016000000000001
1  6.03e-01  0.5887595902  5.003677e-01 0.9016000000000001
1  6.31e-01  0.5877257131  5.003677e-01 0.9016000000000001
1  6.61e-01  0.586640542  5.003677e-01 0.9016000000000001
1  6.92e-01  0.5854955539  5.003677e-01 0.9016000000000001
1  7.24e-01  0.584284476  5.003677e-01 0.9016000000000001
1  7.59e-01  0.5830098077  5.003677e-01 0.9016000000000001
1  7.94e-01  0.5816686163  5.003677e-01 0.9016000000000001
1  8.32e-01  0.580251389  5.003677e-01 0.9016000000000001
1  8.71e-01  0.5787547593  5.003677e-01 0.9016000000000001
1  9.12e-01  0.5771740392  5.003677e-01 0.9016000000000001
1  9.55e-01  0.5755042788  5.003677e-01 0.9016000000000001
1  1.00e+00  0.5737406939  5.003677e-01 0.9016000000000001
1  1.05e+00  0.5718832694  5.003677e-01 0.9016000000000001
1  1.10e+00  0.5699156601  5.003677e-01 0.9016000000000001
1  1.15e+00  0.5678334047  5.003677e-01 0.9016000000000001
1  1.20e+00  0.5656355775  5.003677e-01 0.9016000000000001
1  1.26e+00  0.5633071499  5.003677e-01 0.9016000000000001
1  1.32e+00  0.5608511651  5.003677e-01 0.9016000000000001
1  1.38e+00  0.5582498127  5.003677e-01 0.9016000000000001
1  1.45e+00  0.5554939554  5.003677e-01 0.9016000000000001
1  1.51e+00  0.5525832786  5.003677e-01 0.9016000000000001
1  1.58e+00  0.5495063107  5.003677e-01 0.9016000000000001
1  1.66e+00  0.5462462647  5.003677e-01 0.9016000000000001
1  1.74e+00  0.542787221  5.003677e-01 0.9016000000000001
1  1.82e+00  0.5391416478  5.003677e-01 0.9016000000000001
1  1.91e+00  0.5352778274  5.003677e-01 0.9016000000000001
1  2.00e+00  0.5311850922  5.003677e-01 0.9016000000000001
1  2.09e+00  0.5268753709  5.003677e-01 0.9016000000000001
1  2.19e+00  0.5223105734  5.003677e-01 0.9016000000000001
1  2.29e+00  0.5174815793  5.003677e-01 0.9016000000000001
1  2.40e+00  0.5124032846  5.003677e-01 0.9016000000000001
1  2.51e+00  0.507039553  5.003677e-01 0.9016000000000001
1  2.63e+00  0.5013785878  5.003677e-01 0.9016000000000001
1  2.75e+00  0.495444456  5.003677e-01 0.9016000000000001
1  2.88e+00  0.4892100979  5.003677e-01 0.9016000000000001
1  3.02e+00  0.482659662  5.003677e-01 0.9016000000000001
1  3.16e+00  0.4758242016  5.003677e-01 0.9016000000000001
1  3.31e+00  0.468690118  5.003677e-01 0.9016000000000001
1  3.47e+00  0.46127427  5.003677e-01 0.9016000000000001
1  3.63e+00  0.4535633164  5.003677e-01 0.9016000000000001
1  3.80e+00  0.445588437  5.003677e-01 0.9016000000000001
1  3.98e+00  0.4373932904  5.003677e-01 0.9016000000000001
1  4.17e+00  0.4289771205  5.003677e-01 0.9016000000000001
1  4.37e+00  0.4203704401  5.003677e-01 0.9016000000000001
1  4.57e+00  0.411652923  5.003677e-01 0.9016000000000001
1  4.79e+00  0.4028314855  5.003677e-01 0.9016000000000001
1  5.01e+00  0.3939533935  5.003677e-01 0.9016000000000001
1  5.25e+00  0.3850719861  5.003677e-01 0.9016000000000001
1  5.50e+00  0.3762766052  5.003677e-01 0.9016000000000001
1  5.75e+00  0.3675749802  5.003677e-01 0.9016000000000001
1  6.03e+00  0.3590358249  5.003677e-01 0.9016000000000001
1  6.31e+00  0.3507098026  5.003677e-01 0.9016000000000001
1  6.61e+00  0.3426124937  5.003677e-01 0.9016000000000001
1  6.92e+00  0.3348472175  5.003677e-01 0.9016000000000001
1  7.24e+00  0.3274250949  5.003677e-01 0.9016000000000001
1  7.59e+00  0.3203398428  5.003677e-01 0.9016000000000001
1  7.94e+00  0.3136453976  5.003677e-01 0.9016000000000001
1  8.32e+00  0.3073485585  5.003677e-01 0.9016000000000001
1  8.71e+00  0.3014156163  5.003677e-01 0.9016000000000001
1  9.12e+00  0.2959014218  5.003677e-01 0.9016000000000001
1  9.55e+00  0.2908133912  5.003677e-01 0.9016000000000001
1  1.00e+01  0.2860791899  5.003677e-01 0.9016000000000001
1  1.05e+01  0.2817059779  5.003677e-01 0.9016000000000001
1  1.10e+01  0.2776835946  5.003677e-01 0.9016000000000001
1  1.15e+01  0.2740153255  5.003677e-01 0.9016000000000001
1  1.20e+01  0.2706376697  5.003677e-01 0.9016000000000001
1  1.26e+01  0.2675627413  5.003677e-01 0.9016000000000001
1  1.32e+01  0.2647493317  5.003677e-01 0.9016000000000001
1  1.38e+01  0.2622034727  5.003677e-01 0.9016000000000001
1  1.45e+01  0.2598946741  5.003677e-01 0.9016000000000001
1  1.51e+01  0.2577782337  5.003677e-01 0.9016000000000001
1  1.58e+01  0.2558793236  5.003677e-01 0.9016000000000001
1  1.66e+01  0.2541135763  5.003677e-01 0.9016000000000001
1  1.74e+01  0.2525542872  5.003677e-01 0.9016000000000001
1  1.82e+01  0.2511110941  5.003677e-01 0.9016000000000001
1  1.91e+01  0.2497829596  5.003677e-01 0.9016000000000001
1  2.00e+01  0.248617894  5.003677e-01 0.9016000000000001
1  2.09e+01  0.2475283818  5.003677e-01 0.9016000000000001
1  2.19e+01  0.2465195463  5.003677e-01 0.9016000000000001
1  2.29e+01  0.2456144842  5.003677e-01 0.9016000000000001
1  2.40e+01  0.2447943164  5.003677e-01 0.9016000000000001
1  2.51e+01  0.2440323082  5.003677e-01 0.9016000000000001
1  2.63e+01  0.2433236219  5.003677e-01 0.9016000000000001
1  2.75e+01  0.242696866  5.003677e-01 0.9016000000000001
1  2.88e+01  0.2420856526  5.003677e-01 0.9016000000000001
1  3.02e+01  0.2415268769  5.003677e-01 0.9016000000000001
1  3.16e+01  0.2409738692  5.003677e-01 0.9016000000000001
1  3.31e+01  0.240492647  5.003677e-01 0.9016000000000001
1  3.47e+01  0.2399915183  5.003677e-01 0.9016000000000001
1  3.63e+01  0.2395389794  5.003677e-01 0.9016000000000001
1  3.80e+01  0.2391180791  5.003677e-01 0.9016000000000001
1  3.98e+01  0.2386913311  5.003677e-01 0.9016000000000001
1  4.17e+01  0.2382455886  5.003677e-01 0.9016000000000001
1  4.37e+01  0.2378566673  5.003677e-01 0.9016000000000001
1  4.57e+01  0.2374136086  5.003677e-01 0.9016000000000001
1  4.79e+01  0.2369922236  5.003677e-01 0.9016000000000001
1  5.01e+01  0.2365638439  5.003677e-01 0.9016000000000001
1  5.25e+01  0.2361495887  5.003677e-01 0.9016000000000001
1  5.50e+01  0.2356772757  5.003677e-01 0.9016000000000001
1  5.75e+01  0.2352047978  5.003677e-01 0.9016000000000001
1  6.03e+01  0.2346663194  5.003677e-01 0.9016000000000001
1  6.31e+01  0.2341196634  5.003677e-01 0.9016000000000001
1  6.61e+01  0.2335551629  5.003677e-01 0.9016000000000001
1  6.92e+01  0.2329102517  5.003677e-01 0.9016000000000001
1  7.24e+01  0.2321899377  5.003677e-01 0.9016000000000001
1  7.59e+01  0.2314090341  5.003677e-01 0.9016000000000001
1  7.94e+01  0.2305642415  5.003677e-01 0.9016000000000001
1  8.32e+01  0.2295820575  5.003677e-01 0.9016000000000001
1  8.71e+01  0.2284866695  5.003677e-01 0.9016000000000001
1  9.12e+01  0.2271984921  5.003677e-01 0.9016000000000001
1  9.55e+01  0.2257540386  5.003677e-01 0.9016000000000001
1  1.00e+02  0.224069055  5.003677e-01 0.9016000000000001
1  1.05e+02  0.2221298334  5.003677e-01 0.9016000000000001
1  1.10e+02  0.2197932579  5.003677e-01 0.9016000000000001
1  1.15e+02  0.2170302093  5.003677e-01 0.9016000000000001
1  1.20e+02  0.2137327659  5.003677e-01 0.9016000000000001
1  1.26e+02  0.2097103388  5.003677e-01 0.9016000000000001
1  1.32e+02  0.2048390473  5.003677e-01 0.9016000000000001
1  1.38e+02  0.1988425202  5.003677e-01 0.9016000000000001
1  1.45e+02  0.1915028627  5.003677e-01 0.9016000000000001
1  1.51e+02  0.1825378419  5.003677e-01 0.9016000000000001
1  1.58e+02  0.1717074519  5.003677e-01 0.9016000000000001
1  1.66e+02  0.1589035286  5.003677e-01 0.9016000000000001
1  1.74e+02  0.1442825808  5.003677e-01 0.9016000000000001
1  1.82e+02  0.1283829529  5.003677e-01 0.9016000000000001
1  1.91e+02  0.1121154203  5.003677e-01 0.9016000000000001
1  2.00e+02  0.09654912162  5.003677e-01 0.9016000000000001
1  2.09e+02  0.08255947864  5.003677e-01 0.9016000000000001
1  2.19e+02  0.07065598872  5.003677e-01 0.9016000000000001
1  2.29e+02  0.06094805647  5.003677e-01 0.9016000000000001
1  2.40e+02  0.05321374489  5.003677e-01 0.9016000000000001
1  2.51e+02  0.04715309311  5.003677e-01 0.9016000000000001
1  2.63e+02  0.04243690853  5.003677e-01 0.9016000000000001
1  2.75e+02  0.03876893081  5.003677e-01 0.9016000000000001
1  2.88e+02  0.03589319566  5.003677e-01 0.9016000000000001
1  3.02e+02  0.03364107453  5.003677e-01 0.9016000000000001
1  3.16e+02  0.03185001578  5.003677e-01 0.9016000000000001
1  3.31e+02  0.0304254673  5.003677e-01 0.9016000000000001
1  3.47e+02  0.02928245778  5.003677e-01 0.9016000000000001
1  3.63e+02  0.0283523359  5.003677e-01 0.9016000000000001
1  3.80e+02  0.02759427378  5.003677e-01 0.9016000000000001
1  3.98e+02  0.02696974412  5.003677e-01 0.9016000000000001
1  4.17e+02  0.02645122016  5.003677e-01 0.9016000000000001
1  4.37e+02  0.0260215875  5.003677e-01 0.9016000000000001
1  4.57e+02  0.02565897158  5.003677e-01 0.9016000000000001
1  4.79e+02  0.0253558774  5.003677e-01 0.9016000000000001
1  5.01e+02  0.02509726661  5.003677e-01 0.9016000000000001
1  5.25e+02  0.024878708  5.003677e-01 0.9016000000000001
1  5.50e+02  0.02469252241  5.003677e-01 0.9016000000000001
1  5.75e+02  0.02453177729  5.003677e-01 0.9016000000000001
1  6.03e+02  0.02439371577  5.003677e-01 0.9016000000000001
1  6.31e+02  0.02427368487  5.003677e-01 0.9016000000000001
1  6.61e+02  0.02417026528  5.003677e-01 0.9016000000000001
1  6.92e+02  0.02408220365  5.003677e-01 0.9016000000000001
1  7.24e+02  0.02400347249  5.003677e-01 0.9016000000000001
1  7.59e+02  0.02393576958  5.003677e-01 0.9016000000000001
1  7.94e+02  0.02387494047  5.003677e-01 0.9016000000000001
1  8.32e+02  0.02382272577  5.003677e-01 0.9016000000000001
1  8.71e+02  0.02377689171  5.003677e-01 0.9016000000000001
1  9.12e+02  0.0237354665  5.003677e-01 0.9016000000000001
1  9.55e+02  0.02370006943  5.003677e-01 0.9016000000000001
1  1.00e+03  0.02366773429  5.003677e-01 0.9016000000000001
1  1.05e+03  0.02364059597  5.003677e-01 0.9016000000000001
1  1.10e+03  0.02361593491  5.003677e-01 0.9016000000000001
1  1.15e+03  0.02359268663  5.003677e-01 0.9016000000000001
1  1.20e+03  0.02357302129  5.003677e-01 0.9016000000000001
1  1.26e+03  0.02355504094  5.003677e-01 0.9016000000000001
1  1.32e+03  0.02354044625  5.003677e-01 0.9016000000000001
1  1.38e+03  0.02352648288  5.003677e-01 0.9016000000000001
1  1.45e+03  0.02351350044  5.003677e-01 0.9016000000000001
1  1.51e+03  0.02350243991  5.003677e-01 0.9016000000000001
1  1.58e+03  0.02349143754  5.003677e-01 0.9016000000000001
1  1.66e+03  0.02348268119  5.003677e-01 0.9016000000000001
1  1.74e+03  0.02347459878  5.003677e-01 0.9016000000000001
1  1.82e+03  0.02346717871  5.003677e-01 0.9016000000000001
1  1.91e+03  0.02346062341  5.003677e-01 0.9016000000000001
1  2.00e+03  0.02345497911  5.003677e-01 0.9016000000000001
1  2.09e+03  0.02344969913  5.003677e-01 0.9016000000000001
1  2.19e+03  0.02344541766  5.003677e-01 0.9016000000000001
1  2.29e+03  0.02344069451  5.003677e-01 0.9016000000000001
1  2.40e+03  0.02343679862  5.003677e-01 0.9016000000000001
1  2.51e+03  0.02343370633  5.003677e-01 0.9016000000000001
1  2.63e+03  0.02342995738  5.003677e-01 0.9016000000000001
1  2.75e+03  0.02342772847  5.003677e-01 0.9016000000000001
1  2.88e+03  0.02342536395  5.003677e-01 0.9016000000000001
1  3.02e+03  0.02342276284  5.003677e-01 0.9016000000000001
1  3.16e+03  0.02342172142  5.003677e-01 0.9016000000000001
1  3.31e+03  0.02341843453  5.003677e-01 0.9016000000000001
1  3.47e+03  0.02341842189  5.003677e-01 0.9016000000000001
1  3.63e+03  0.02341632982  5.003677e-01 0.9016000000000001
1  3.80e+03  0.02341450777  5.003677e-01 0.9016000000000001
1  3.98e+03  0.02341285465  5.003677e-01 0.9016000000000001
1  4.17e+03  0.02341349227  5.003677e-01 0.9016000000000001
1  4.37e+03  0.02341462772  5.003677e-01 0.9016000000000001
1  4.57e+03  0.0234119633  5.003677e-01 0.9016000000000001
1  4.79e+03  0.02341570448  5.003677e-01 0.9016000000000001
1  5.01e+03  0.02341273082  5.003677e-01 0.9016000000000001
1  5.25e+03  0.02340320215  5.003677e-01 0.9016000000000001
1  5.50e+03  0.0234031463  5.003677e-01 0.9016000000000001
1  5.75e+03  0.02342652947  5.003677e-01 0.9016000000000001
1  6.03e+03  0.02341601896  5.003677e-01 0.9016000000000001
1  6.31e+03  0.02341367787  5.003677e-01 0.9016000000000001
1  6.61e+03  0.02344868208  5.003677e-01 0.9016000000000001
1  6.92e+03  0.02342701248  5.003677e-01 0.9016000000000001
1  7.24e+03  0.02347517788  5.003677e-01 0.9016000000000001
1  7.59e+03  0.02351004302  5.003677e-01 0.9016000000000001
1  7.94e+03  0.02349370906  5.003677e-01 0.9016000000000001
1  8.32e+03  0.02361421252  5.003677e-01 0.9016000000000001
1  8.71e+03  0.02371206543  5.003677e-01 0.9016000000000001
1  9.12e+03  0.02375179233  5.003677e-01 0.9016000000000001
1  9.55e+03  0.02384821007  5.003677e-01 0.9016000000000001
1  1.00e+04  0.02405262033  5.003677e-01 0.9016000000000001
1  1.05e+04  0.02432265862  5.003677e-01 0.9016000000000001
1  1.10e+04  0.02471380966  5.003677e-01 0.9016000000000001
1  1.15e+04  0.02509843976  5.003677e-01 0.9016000000000001
1  1.20e+04  0.02567829389  5.003677e-01 0.9016000000000001
1  1.26e+04  0.02628511228  5.003677e-01 0.9016000000000001
1  1.32e+04  0.02693142259  5.003677e-01 0.9016000000000001
1  1.38e+04  0.02777408835  5.003677e-01 0.9016000000000001
1  1.45e+04  0.02892547528  5.003677e-01 0.9016000000000001
1  1.51e+04  0.03048054902  5.003677e-01 0.9016000000000001
1  1.58e+04  0.03229591861  5.003677e-01 0.9016000000000001
1  1.66e+04  0.03408149632  5.003677e-01 0.9016000000000001
1  1.74e+04  0.03587108446  5.003677e-01 0.9016000000000001
1  1.82e+04  0.03822269395  5.003677e-01 0.9016000000000001
1  1.91e+04  0.04145893834  5.003677e-01 0.9016000000000001
1  2.00e+04  0.04465170881  5.003677e-01 0.9016000000000001
1  2.09e+04  0.04787649097  5.003677e-01 0.9016000000000001
1  2.19e+04  0.05188588822  5.003677e-01 0.9016000000000001
1  2.29e+04  0.05609846432  5.003677e-01 0.9016000000000001
1  2.40e+04  0.06101113277  5.003677e-01 0.9016000000000001
1  2.51e+04  0.06565525203  5.003677e-01 0.9016000000000001
1  2.63e+04  0.0717413514  5.003677e-01 0.9016000000000001
1  2.75e+04  0.07695034153  5.003677e-01 0.9016000000000001
1  2.88e+04  0.08397091851  5.003677e-01 0.9016000000000001
1  3.02e+04  0.08998825533  5.003677e-01 0.9016000000000001
1  3.16e+04  0.09746804982  5.003677e-01 0.9016000000000001
1  3.31e+04  0.1050315419  5.003677e-01 0.9016000000000001
1  3.47e+04  0.1119616957  5.003677e-01 0.9016000000000001
1  3.63e+04  0.1213356118  5.003677e-01 0.9016000000000001
1  3.80e+04  0.1291326189  5.003677e-01 0.9016000000000001
1  3.98e+04  0.1368199926  5.003677e-01 0.9016000000000001
1  4.17e+04  0.1479233475  5.003677e-01 0.9016000000000001
1  4.37e+04  0.1564743511  5.003677e-01 0.9016000000000001
1  4.57e+04  0.1638014699  5.003677e-01 0.9016000000000001
1  4.79e+04  0.1753389497  5.003677e-01 0.9016000000000001
1  5.01e+04  0.1867354935  5.003677e-01 0.9016000000000001
1  5.25e+04  0.1946439033  5.003677e-01 0.9016000000000001
1  5.50e+04  0.2030780062  5.003677e-01 0.9016000000000001
1  5.75e+04  0.2144314742  5.003677e-01 0.9016000000000001
1  6.03e+04  0.2265683074  5.003677e-01 0.9016000000000001
1  6.31e+04  0.2372342828  5.003677e-01 0.9016000000000001
1  6.61e+04  0.2460884827  5.003677e-01 0.9016000000000001
1  6.92e+04  0.2543139446  5.003677e-01 0.9016000000000001
1  7.24e+04  0.2637216965  5.003677e-01 0.9016000000000001
1  7.59e+04  0.2752283218  5.003677e-01 0.9016000000000001
1  7.94e+04  0.2878266484  5.003677e-01 0.9016000000000001
1  8.32e+04  0.2995120385  5.003677e-01 0.9016000000000001
1  8.71e+04  0.3091021243  5.003677e-01 0.9016000000000001
1  9.12e+04  0.3169533214  5.003677e-01 0.9016000000000001
1  9.55e+04  0.3242886412  5.003677e-01 0.9016000000000001
1  1.00e+05  0.3321930674  5.003677e-01 0.9016000000000001
1  1.05e+05  0.3411342492  5.003677e-01 0.9016000000000001
1  1.10e+05  0.3510523546  5.003677e-01 0.9016000000000001
1  1.15e+05  0.3616217403  5.003677e-01 0.9016000000000001
1  1.20e+05  0.3724143907  5.003677e-01 0.9016000000000001
1  1.26e+05  0.3829723681  5.003677e-01 0.9016000000000001
1  1.32e+05  0.3928790424  5.003677e-01 0.9016000000000001
1  1.38e+05  0.4018452671  5.003677e-01 0.9016000000000001
1  1.45e+05  0.4097673979  5.003677e-01 0.9016000000000001
1  1.51e+05  0.416725427  5.003677e-01 0.9016000000000001
1  1.58e+05  0.4229286397  5.003677e-01 0.9016000000000001
1  1.66e+05  0.4286397764  5.003677e-01 0.9016000000000001
1  1.74e+05  0.4341082275  5.003677e-01 0.9016000000000001
1  1.82e+05  0.4395290896  5.003677e-01 0.9016000000000001
1  1.91e+05  0.4450298642  5.003677e-01 0.9016000000000001
1  2.00e+05  0.4506768803  5.003677e-01 0.9016000000000001
1  2.09e+05  0.4564907035  5.003677e-01 0.9016000000000001
1  2.19e+05  0.4624620234  5.003677e-01 0.9016000000000001
1  2.29e+05  0.4685637098  5.003677e-01 0.9016000000000001
1  2.40e+05  0.4747583648  5.003677e-01 0.9016000000000001
1  2.51e+05  0.4810026477  5.003677e-01 0.9016000000000001
1  2.63e+05  0.4872500195  5.003677e-01 0.9016000000000001
1  2.75e+05  0.4934530381  5.003677e-01 0.9016000000000001
1  2.88e+05  0.4995656287  5.003677e-01 0.9016000000000001
1  3.02e+05  0.505545257  5.003677e-01 0.9016000000000001
1  3.16e+05  0.5113547382  5.003677e-01 0.9016000000000001
1  3.31e+05  0.5169634557  5.003677e-01 0.9016000000000001
1  3.47e+05  0.5223479021  5.003677e-01 0.9016000000000001
1  3.63e+05  0.5274915973  5.003677e-01 0.9016000000000001
1  3.80e+05  0.5323845315  5.003677e-01 0.9016000000000001
1  3.98e+05  0.5370223111  5.003677e-01 0.9016000000000001
1  4.17e+05  0.5414051742  5.003677e-01 0.9016000000000001
1  4.37e+05  0.5455370042  5.003677e-01 0.9016000000000001
1  4.57e+05  0.5494244247  5.003677e-01 0.9016000000000001
1  4.79e+05  0.5530760201  5.003677e-01 0.9016000000000001
1  5.01e+05  0.5565016953  5.003677e-01 0.9016000000000001
1  5.25e+05  0.5597121697  5.003677e-01 0.9016000000000001
1  5.50e+05  0.5627185877  5.003677e-01 0.9016000000000001
1  5.75e+05  0.5655322283  5.003677e-01 0.9016000000000001
1  6.03e+05  0.5681642917  5.003677e-01 0.9016000000000001
1  6.31e+05  0.5706257465  5.003677e-01 0.9016000000000001
1  6.61e+05  0.5729272226  5.003677e-01 0.9016000000000001
1  6.92e+05  0.5750789385  5.003677e-01 0.9016000000000001
1  7.24e+05  0.577090654  5.003677e-01 0.9016000000000001
1  7.59e+05  0.5789716422  5.003677e-01 0.9016000000000001
1  7.94e+05  0.5807306756  5.003677e-01 0.9016000000000001
1  8.32e+05  0.5823760229  5.003677e-01 0.9016000000000001
1  8.71e+05  0.5839154539  5.003677e-01 0.9016000000000001
1  9.12e+05  0.5853562504  5.003677e-01 0.9016000000000001
1  9.55e+05  0.5867052213  5.003677e-01 0.9016000000000001
1  1.00e+06  0.5879687209  5.003677e-01 0.9016000000000001
1  1.05e+06  0.5891526694  5.003677e-01 0.9016000000000001
1  1.10e+06  0.5902625754  5.003677e-01 0.9016000000000001
1  1.15e+06  0.5913035579  5.003677e-01 0.9016000000000001
1  1.20e+06  0.5922803698  5.003677e-01 0.9016000000000001
1  1.26e+06  0.5931974208  5.003677e-01 0.9016000000000001
1  1.32e+06  0.5940587994  5.003677e-01 0.9016000000000001
1  1.38e+06  0.5948682952  5.003677e-01 0.9016000000000001
1  1.45e+06  0.5956294195  5.003677e-01 0.9016000000000001
1  1.51e+06  0.5963454252  5.003677e-01 0.9016000000000001
1  1.58e+06  0.5970193261  5.003677e-01 0.9016000000000001
1  1.66e+06  0.5976539141  5.003677e-01 0.9016000000000001
1  1.74e+06  0.5982517763  5.003677e-01 0.9016000000000001
1  1.82e+06  0.5988153111  5.003677e-01 0.9016000000000001
1  1.91e+06  0.5993467441  5.003677e-01 0.9016000000000001
1  2.00e+06  0.5998481336  5.003677e-01 0.9016000000000001
1  2.09e+06  0.6003213929  5.003677e-01 0.9016000000000001
1  2.19e+06  0.6007682977  5.003677e-01 0.9016000000000001
1  2.29e+06  0.6011904982  5.003677e-01 0.9016000000000001
1  2.40e+06  0.6015895268  5.003677e-01 0.9016000000000001
1  2.51e+06  0.6019668088  5.003677e-01 0.9016000000000001
1  2.63e+06  0.6023236698  5.003677e-01 0.9016000000000001
1  2.75e+06  0.6026613446  5.003677e-01 0.9016000000000001
1  2.88e+06  0.6029809827  5.003677e-01 0.9016000000000001
1  3.02e+06  0.6032836555  5.003677e-01 0.9016000000000001
1  3.16e+06  0.6035703625  5.003677e-01 0.9016000000000001
1  3.31e+06  0.6038420365  5.003677e-01 0.9016000000000001
1  3.47e+06  0.6040995485  5.003677e-01 0.9016000000000001
1  3.63e+06  0.6043437123  5.003677e-01 0.9016000000000001
1  3.80e+06  0.6045752887  5.003677e-01 0.9016000000000001
1  3.98e+06  0.6047949899  5.003677e-01 0.9016000000000001
1  4.17e+06  0.6050034826  5.003677e-01 0.9016000000000001
1  4.37e+06  0.6052013909  5.003677e-01 0.9016000000000001
1  4.57e+06  0.6053893005  5.003677e-01 0.9016000000000001
1  4.79e+06  0.6055677602  5.003677e-01 0.9016000000000001
1  5.01e+06  0.6057372853  5.003677e-01 0.9016000000000001
1  5.25e+06  0.6058983596  5.003677e-01 0.9016000000000001
1  5.50e+06  0.6060514377  5.003677e-01 0.9016000000000001
1  5.75e+06  0.6061969469  5.003677e-01 0.9016000000000001
1  6.03e+06  0.6063352892  5.003677e-01 0.9016000000000001
1  6.31e+06  0.6064668428  5.003677e-01 0.9016000000000001
1  6.61e+06  0.6065919639  5.003677e-01 0.9016000000000001
1  6.92e+06  0.6067109882  5.003677e-01 0.9016000000000001
1  7.24e+06  0.6068242319  5.003677e-01 0.9016000000000001
1  7.59e+06  0.6069319931  5.003677e-01 0.9016000000000001
1  7.94e+06  0.6070345533  5.003677e-01 0.9016000000000001
1  8.32e+06  0.6071321781  5.003677e-01 0.9016000000000001
1  8.71e+06  0.6072251183  5.003677e-01 0.9016000000000001
1  9.12e+06  0.6073136106  5.003677e-01 0.9016000000000001
1  9.55e+06  0.607397879  5.003677e-01 0.9016000000000001
1  1.00e+07  0.6074781353  5.003677e-01 0.9016000000000001
