1  1.00e-03  0.5571537502  5.567534e-01 1.0032
1  1.05e-03  0.5571525442  5.567534e-01 1.0032
1  1.10e-03  0.5571511139  5.567534e-01 1.0032
1  1.15e-03  0.5571498156  5.567534e-01 1.0032
1  1.20e-03  0.5571482508  5.567534e-01 1.0032
1  1.26e-03  0.5571467551  5.567534e-01 1.0032
1  1.32e-03  0.557145052  5.567534e-01 1.0032
1  1.38e-03  0.5571432898  5.567534e-01 1.0032
1  1.45e-03  0.5571415036  5.567534e-01 1.0032
1  1.51e-03  0.557139754  5.567534e-01 1.0032
1  1.58e-03  0.5571376883  5.567534e-01 1.0032
1  1.66e-03  0.5571356973  5.567534e-01 1.0032
1  1.74e-03  0.5571335651  5.567534e-01 1.0032
1  1.82e-03  0.5571312927  5.567534e-01 1.0032
1  1.91e-03  0.5571289442  5.567534e-01 1.0032
1  2.00e-03  0.5571264544  5.567534e-01 1.0032
1  2.09e-03  0.5571238271  5.567534e-01 1.0032
1  2.19e-03  0.5571211472  5.567534e-01 1.0032
1  2.29e-03  0.5571183574  5.567534e-01 1.0032
1  2.40e-03  0.5571154181  5.567534e-01 1.0032
1  2.51e-03  0.5571122559  5.567534e-01 1.0032
1  2.63e-03  0.5571090261  5.567534e-01 1.0032
1  2.75e-03  0.5571056197  5.567534e-01 1.0032
1  2.88e-03  0.5571020695  5.567534e-01 1.0032
1  3.02e-03  0.5570983125  5.567534e-01 1.0032
1  3.16e-03  0.5570944437  5.567534e-01 1.0032
1  3.31e-03  0.5570903179  5.567534e-01 1.0032
1  3.47e-03  0.5570860384  5.567534e-01 1.0032
1  3.63e-03  0.5570815639  5.567534e-01 1.0032
1  3.80e-03  0.5570768819  5.567534e-01 1.0032
1  3.98e-03  0.5570719285  5.567534e-01 1.0032
1  4.17e-03  0.5570667918  5.567534e-01 1.0032
1  4.37e-03  0.5570614002  5.567534e-01 1.0032
1  4.57e-03  0.5570557383  5.567534e-01 1.0032
1  4.79e-03  0.5570498348  5.567534e-01 1.0032
1  5.01e-03  0.5570436316  5.567534e-01 1.0032
1  5.25e-03  0.5570371399  5.567534e-01 1.0032
1  5.50e-03  0.5570303593  5.567534e-01 1.0032
1  5.75e-03  0.5570232418  5.567534e-01 1.0032
1  6.03e-03  0.5570157796  5.567534e-01 1.0032
1  6.31e-03  0.5570079981  5.567534e-01 1.0032
1  6.61e-03  0.5569997963  5.567534e-01 1.0032
1  6.92e-03  0.5569912663  5.567534e-01 1.0032
1  7.24e-03  0.5569822976  5.567534e-01 1.0032
1  7.59e-03  0.5569728975  5.567534e-01 1.0032
1  7.94e-03  0.5569631028  5.567534e-01 1.0032
1  8.32e-03  0.5569527797  5.567534e-01 1.0032
1  8.71e-03  0.556942023  5.567534e-01 1.0032
1  9.12e-03  0.5569307192  5.567534e-01 1.0032
1  9.55e-03  0.5569189059  5.567534e-01 1.0032
1  1.00e-02  0.5569065512  5.567534e-01 1.0032
1  1.05e-02  0.5568935761  5.567534e-01 1.0032
1  1.10e-02  0.5568799849  5.567534e-01 1.0032
1  1.15e-02  0.5568657934  5.567534e-01 1.0032
1  1.20e-02  0.5568509063  5.567534e-01 1.0032
1  1.26e-02  0.556835339  5.567534e-01 1.0032
1  1.32e-02  0.5568189648  5.567534e-01 1.0032
1  1.38e-02  0.55680188  5.567534e-01 1.0032
1  1.45e-02  0.5567839587  5.567534e-01 1.0032
1  1.51e-02  0.5567652132  5.567534e-01 1.0032
1  1.58e-02  0.5567455668  5.567534e-01 1.0032
1  1.66e-02  0.5567250073  5.567534e-01 1.0032
1  1.74e-02  0.5567035166  5.567534e-01 1.0032
1  1.82e-02  0.5566809005  5.567534e-01 1.0032
1  1.91e-02  0.5566573451  5.567534e-01 1.0032
1  2.00e-02  0.5566325381  5.567534e-01 1.0032
1  2.09e-02  0.556606684  5.567534e-01 1.0032
1  2.19e-02  0.556579498  5.567534e-01 1.0032
1  2.29e-02  0.5565511193  5.567534e-01 1.0032
1  2.40e-02  0.556521272  5.567534e-01 1.0032
1  2.51e-02  0.5564901914  5.567534e-01 1.0032
1  2.63e-02  0.5564575374  5.567534e-01 1.0032
1  2.75e-02  0.556423305  5.567534e-01 1.0032
1  2.88e-02  0.5563874028  5.567534e-01 1.0032
1  3.02e-02  0.5563499991  5.567534e-01 1.0032
1  3.16e-02  0.5563105959  5.567534e-01 1.0032
1  3.31e-02  0.556269476  5.567534e-01 1.0032
1  3.47e-02  0.5562263821  5.567534e-01 1.0032
1  3.63e-02  0.5561811736  5.567534e-01 1.0032
1  3.80e-02  0.5561339496  5.567534e-01 1.0032
1  3.98e-02  0.5560842719  5.567534e-01 1.0032
1  4.17e-02  0.5560324884  5.567534e-01 1.0032
1  4.37e-02  0.5559780724  5.567534e-01 1.0032
1  4.57e-02  0.5559211653  5.567534e-01 1.0032
1  4.79e-02  0.5558615457  5.567534e-01 1.0032
1  5.01e-02  0.5557989848  5.567534e-01 1.0032
1  5.25e-02  0.555733481  5.567534e-01 1.0032
1  5.50e-02  0.5556647768  5.567534e-01 1.0032
1  5.75e-02  0.5555929221  5.567534e-01 1.0032
1  6.03e-02  0.5555176348  5.567534e-01 1.0032
1  6.31e-02  0.5554390001  5.567534e-01 1.0032
1  6.61e-02  0.5553562171  5.567534e-01 1.0032
1  6.92e-02  0.5552698182  5.567534e-01 1.0032
1  7.24e-02  0.555179003  5.567534e-01 1.0032
1  7.59e-02  0.5550840372  5.567534e-01 1.0032
1  7.94e-02  0.5549842089  5.567534e-01 1.0032
1  8.32e-02  0.5548799456  5.567534e-01 1.0032
1  8.71e-02  0.5547704594  5.567534e-01 1.0032
1  9.12e-02  0.5546560852  5.567534e-01 1.0032
1  9.55e-02  0.5545361147  5.567534e-01 1.0032
1  1.00e-01  0.5544099494  5.567534e-01 1.0032
1  1.05e-01  0.5542781698  5.567534e-01 1.0032
1  1.10e-01  0.5541401362  5.567534e-01 1.0032
1  1.15e-01  0.5539952593  5.567534e-01 1.0032
1  1.20e-01  0.5538432115  5.567534e-01 1.0032
1  1.26e-01  0.553683917  5.567534e-01 1.0032
1  1.32e-01  0.5535170512  5.567534e-01 1.0032
1  1.38e-01  0.5533423036  5.567534e-01 1.0032
1  1.45e-01  0.5531588841  5.567534e-01 1.0032
1  1.51e-01  0.5529670033  5.567534e-01 1.0032
1  1.58e-01  0.5527649334  5.567534e-01 1.0032
1  1.66e-01  0.5525541282  5.567534e-01 1.0032
1  1.74e-01  0.5523320421  5.567534e-01 1.0032
1  1.82e-01  0.5521001525  5.567534e-01 1.0032
1  1.91e-01  0.5518566579  5.567534e-01 1.0032
1  2.00e-01  0.5516004739  5.567534e-01 1.0032
1  2.09e-01  0.551332996  5.567534e-01 1.0032
1  2.19e-01  0.5510514791  5.567534e-01 1.0032
1  2.29e-01  0.5507570049  5.567534e-01 1.0032
1  2.40e-01  0.5504471769  5.567534e-01 1.0032
1  2.51e-01  0.5501228111  5.567534e-01 1.0032
1  2.63e-01  0.5497818308  5.567534e-01 1.0032
1  2.75e-01  0.5494242669  5.567534e-01 1.0032
1  2.88e-01  0.5490499848  5.567534e-01 1.0032
1  3.02e-01  0.5486561719  5.567534e-01 1.0032
1  3.16e-01  0.5482418661  5.567534e-01 1.0032
1  3.31e-01  0.5478091901  5.567534e-01 1.0032
1  3.47e-01  0.5473534435  5.567534e-01 1.0032
1  3.63e-01  0.5468757084  5.567534e-01 1.0032
1  3.80e-01  0.5463727496  5.567534e-01 1.0032
1  3.98e-01  0.5458463524  5.567534e-01 1.0032
1  4.17e-01  0.5452924102  5.567534e-01 1.0032
1  4.37e-01  0.5447100873  5.567534e-01 1.0032
1  4.57e-01  0.5441001565  5.567534e-01 1.0032
1  4.79e-01  0.5434583979  5.567534e-01 1.0032
1  5.01e-01  0.5427827835  5.567534e-01 1.0032
1  5.25e-01  0.542074434  5.567534e-01 1.0032
1  5.50e-01  0.541329602  5.567534e-01 1.0032
1  5.75e-01  0.5405438567  5.567534e-01 1.0032
1  6.03e-01  0.5397224532  5.567534e-01 1.0032
1  6.31e-01  0.5388557611  5.567534e-01 1.0032
1  6.61e-01  0.5379432314  5.567534e-01 1.0032
1  6.92e-01  0.5369851532  5.567534e-01 1.0032
1  7.24e-01  0.5359797413  5.567534e-01 1.0032
1  7.59e-01  0.5349205167  5.567534e-01 1.0032
1  7.94e-01  0.5338023642  5.567534e-01 1.0032
1  8.32e-01  0.5326289023  5.567534e-01 1.0032
1  8.71e-01  0.5313927981  5.567534e-01 1.0032
1  9.12e-01  0.5300956657  5.567534e-01 1.0032
1  9.55e-01  0.5287237595  5.567534e-01 1.0032
1  1.00e+00  0.5272830201  5.567534e-01 1.0032
1  1.05e+00  0.5257693839  5.567534e-01 1.0032
1  1.10e+00  0.5241724012  5.567534e-01 1.0032
1  1.15e+00  0.5224890829  5.567534e-01 1.0032
1  1.20e+00  0.5207201106  5.567534e-01 1.0032
1  1.26e+00  0.5188520228  5.567534e-01 1.0032
1  1.32e+00  0.516888785  5.567534e-01 1.0032
1  1.38e+00  0.5148278473  5.567534e-01 1.0032
1  1.45e+00  0.5126515106  5.567534e-01 1.0032
1  1.51e+00  0.5103591206  5.567534e-01 1.0032
1  1.58e+00  0.5079469767  5.567534e-01 1.0032
1  1.66e+00  0.5054101048  5.567534e-01 1.0032
1  1.74e+00  0.5027508813  5.567534e-01 1.0032
1  1.82e+00  0.499947171  5.567534e-01 1.0032
1  1.91e+00  0.4970021903  5.567534e-01 1.0032
1  2.00e+00  0.4939007566  5.567534e-01 1.0032
1  2.09e+00  0.4906614525  5.567534e-01 1.0032
1  2.19e+00  0.4872547659  5.567534e-01 1.0032
1  2.29e+00  0.4836866028  5.567534e-01 1.0032
1  2.40e+00  0.4799547933  5.567534e-01 1.0032
1  2.51e+00  0.4760439185  5.567534e-01 1.0032
1  2.63e+00  0.4719773448  5.567534e-01 1.0032
1  2.75e+00  0.4677264996  5.567534e-01 1.0032
1  2.88e+00  0.4633062015  5.567534e-01 1.0032
1  3.02e+00  0.4587277929  5.567534e-01 1.0032
1  3.16e+00  0.4539661319  5.567534e-01 1.0032
1  3.31e+00  0.4490490717  5.567534e-01 1.0032
1  3.47e+00  0.4439922877  5.567534e-01 1.0032
1  3.63e+00  0.4387909921  5.567534e-01 1.0032
1  3.80e+00  0.4334422891  5.567534e-01 1.0032
1  3.98e+00  0.4279856098  5.567534e-01 1.0032
1  4.17e+00  0.4224676832  5.567534e-01 1.0032
1  4.37e+00  0.416844079  5.567534e-01 1.0032
1  4.57e+00  0.4111811838  5.567534e-01 1.0032
1  4.79e+00  0.4054709578  5.567534e-01 1.0032
1  5.01e+00  0.3997796209  5.567534e-01 1.0032
1  5.25e+00  0.3941259975  5.567534e-01 1.0032
1  5.50e+00  0.3884997378  5.567534e-01 1.0032
1  5.75e+00  0.3829765841  5.567534e-01 1.0032
1  6.03e+00  0.3775450448  5.567534e-01 1.0032
1  6.31e+00  0.3722327662  5.567534e-01 1.0032
1  6.61e+00  0.3671082305  5.567534e-01 1.0032
1  6.92e+00  0.3621307909  5.567534e-01 1.0032
1  7.24e+00  0.3573703823  5.567534e-01 1.0032
1  7.59e+00  0.3528111804  5.567534e-01 1.0032
1  7.94e+00  0.3484449856  5.567534e-01 1.0032
1  8.32e+00  0.3443165091  5.567534e-01 1.0032
1  8.71e+00  0.3404297196  5.567534e-01 1.0032
1  9.12e+00  0.3367862251  5.567534e-01 1.0032
1  9.55e+00  0.3333570817  5.567534e-01 1.0032
1  1.00e+01  0.3301271408  5.567534e-01 1.0032
1  1.05e+01  0.3271677927  5.567534e-01 1.0032
1  1.10e+01  0.3243701071  5.567534e-01 1.0032
1  1.15e+01  0.3218199179  5.567534e-01 1.0032
1  1.20e+01  0.3194517072  5.567534e-01 1.0032
1  1.26e+01  0.317289042  5.567534e-01 1.0032
1  1.32e+01  0.3152255922  5.567534e-01 1.0032
1  1.38e+01  0.3133967763  5.567534e-01 1.0032
1  1.45e+01  0.3116577393  5.567534e-01 1.0032
1  1.51e+01  0.3101147748  5.567534e-01 1.0032
1  1.58e+01  0.3086769744  5.567534e-01 1.0032
1  1.66e+01  0.3073323528  5.567534e-01 1.0032
1  1.74e+01  0.3061224817  5.567534e-01 1.0032
1  1.82e+01  0.3050269511  5.567534e-01 1.0032
1  1.91e+01  0.303979062  5.567534e-01 1.0032
1  2.00e+01  0.3030421242  5.567534e-01 1.0032
1  2.09e+01  0.3021874125  5.567534e-01 1.0032
1  2.19e+01  0.3013573719  5.567534e-01 1.0032
1  2.29e+01  0.3006354585  5.567534e-01 1.0032
1  2.40e+01  0.2999463859  5.567534e-01 1.0032
1  2.51e+01  0.2992839471  5.567534e-01 1.0032
1  2.63e+01  0.2986975892  5.567534e-01 1.0032
1  2.75e+01  0.2981139954  5.567534e-01 1.0032
1  2.88e+01  0.2975892603  5.567534e-01 1.0032
1  3.02e+01  0.2970671469  5.567534e-01 1.0032
1  3.16e+01  0.2965981495  5.567534e-01 1.0032
1  3.31e+01  0.2961306463  5.567534e-01 1.0032
1  3.47e+01  0.2956745511  5.567534e-01 1.0032
1  3.63e+01  0.2952197773  5.567534e-01 1.0032
1  3.80e+01  0.2947709481  5.567534e-01 1.0032
1  3.98e+01  0.2943393011  5.567534e-01 1.0032
1  4.17e+01  0.2939111257  5.567534e-01 1.0032
1  4.37e+01  0.2934691202  5.567534e-01 1.0032
1  4.57e+01  0.2930120963  5.567534e-01 1.0032
1  4.79e+01  0.2925726636  5.567534e-01 1.0032
1  5.01e+01  0.2920703819  5.567534e-01 1.0032
1  5.25e+01  0.2915678322  5.567534e-01 1.0032
1  5.50e+01  0.2910479124  5.567534e-01 1.0032
1  5.75e+01  0.2904770021  5.567534e-01 1.0032
1  6.03e+01  0.2898693959  5.567534e-01 1.0032
1  6.31e+01  0.2892259306  5.567534e-01 1.0032
1  6.61e+01  0.288504077  5.567534e-01 1.0032
1  6.92e+01  0.2877355515  5.567534e-01 1.0032
1  7.24e+01  0.2868716214  5.567534e-01 1.0032
1  7.59e+01  0.2858863119  5.567534e-01 1.0032
1  7.94e+01  0.2848077902  5.567534e-01 1.0032
1  8.32e+01  0.2836141652  5.567534e-01 1.0032
1  8.71e+01  0.2822216076  5.567534e-01 1.0032
1  9.12e+01  0.2806475938  5.567534e-01 1.0032
1  9.55e+01  0.2787979449  5.567534e-01 1.0032
1  1.00e+02  0.2766853324  5.567534e-01 1.0032
1  1.05e+02  0.2741901055  5.567534e-01 1.0032
1  1.10e+02  0.271263082  5.567534e-01 1.0032
1  1.15e+02  0.267745073  5.567534e-01 1.0032
1  1.20e+02  0.2635425628  5.567534e-01 1.0032
1  1.26e+02  0.2584427776  5.567534e-01 1.0032
1  1.32e+02  0.2522428896  5.567534e-01 1.0032
1  1.38e+02  0.2446326879  5.567534e-01 1.0032
1  1.45e+02  0.2353060119  5.567534e-01 1.0032
1  1.51e+02  0.2238806837  5.567534e-01 1.0032
1  1.58e+02  0.2100933536  5.567534e-01 1.0032
1  1.66e+02  0.1938173775  5.567534e-01 1.0032
1  1.74e+02  0.1752667447  5.567534e-01 1.0032
1  1.82e+02  0.1551473267  5.567534e-01 1.0032
1  1.91e+02  0.1346134265  5.567534e-01 1.0032
1  2.00e+02  0.1150033491  5.567534e-01 1.0032
1  2.09e+02  0.09744597544  5.567534e-01 1.0032
1  2.19e+02  0.0825276566  5.567534e-01 1.0032
1  2.29e+02  0.07036693337  5.567534e-01 1.0032
1  2.40e+02  0.06069697575  5.567534e-01 1.0032
1  2.51e+02  0.0531239472  5.567534e-01 1.0032
1  2.63e+02  0.04722036798  5.567534e-01 1.0032
1  2.75e+02  0.04263197395  5.567534e-01 1.0032
1  2.88e+02  0.0390423106  5.567534e-01 1.0032
1  3.02e+02  0.03622325869  5.567534e-01 1.0032
1  3.16e+02  0.0339862554  5.567534e-01 1.0032
1  3.31e+02  0.03220255383  5.567534e-01 1.0032
1  3.47e+02  0.03076586836  5.567534e-01 1.0032
1  3.63e+02  0.02960229277  5.567534e-01 1.0032
1  3.80e+02  0.02865340195  5.567534e-01 1.0032
1  3.98e+02  0.02787238193  5.567534e-01 1.0032
1  4.17e+02  0.0272249604  5.567534e-01 1.0032
1  4.37e+02  0.026684133  5.567534e-01 1.0032
1  4.57e+02  0.02622981763  5.567534e-01 1.0032
1  4.79e+02  0.02584983822  5.567534e-01 1.0032
1  5.01e+02  0.02552716991  5.567534e-01 1.0032
1  5.25e+02  0.02525336079  5.567534e-01 1.0032
1  5.50e+02  0.02502109497  5.567534e-01 1.0032
1  5.75e+02  0.02481921137  5.567534e-01 1.0032
1  6.03e+02  0.02464585072  5.567534e-01 1.0032
1  6.31e+02  0.02449619393  5.567534e-01 1.0032
1  6.61e+02  0.02436643211  5.567534e-01 1.0032
1  6.92e+02  0.02425432481  5.567534e-01 1.0032
1  7.24e+02  0.02415649967  5.567534e-01 1.0032
1  7.59e+02  0.02407017657  5.567534e-01 1.0032
1  7.94e+02  0.0239959302  5.567534e-01 1.0032
1  8.32e+02  0.02393070824  5.567534e-01 1.0032
1  8.71e+02  0.02387237147  5.567534e-01 1.0032
1  9.12e+02  0.02382214986  5.567534e-01 1.0032
1  9.55e+02  0.02377576734  5.567534e-01 1.0032
1  1.00e+03  0.02373731195  5.567534e-01 1.0032
1  1.05e+03  0.02370188327  5.567534e-01 1.0032
1  1.10e+03  0.02366941005  5.567534e-01 1.0032
1  1.15e+03  0.02364105354  5.567534e-01 1.0032
1  1.20e+03  0.02361690113  5.567534e-01 1.0032
1  1.26e+03  0.02359520252  5.567534e-01 1.0032
1  1.32e+03  0.02357481597  5.567534e-01 1.0032
1  1.38e+03  0.02355850926  5.567534e-01 1.0032
1  1.45e+03  0.02354250283  5.567534e-01 1.0032
1  1.51e+03  0.02352777287  5.567534e-01 1.0032
1  1.58e+03  0.02351512637  5.567534e-01 1.0032
1  1.66e+03  0.02350349243  5.567534e-01 1.0032
1  1.74e+03  0.02349461925  5.567534e-01 1.0032
1  1.82e+03  0.02348408656  5.567534e-01 1.0032
1  1.91e+03  0.02347664481  5.567534e-01 1.0032
1  2.00e+03  0.02346880677  5.567534e-01 1.0032
1  2.09e+03  0.02346216912  5.567534e-01 1.0032
1  2.19e+03  0.02345609145  5.567534e-01 1.0032
1  2.29e+03  0.0234507846  5.567534e-01 1.0032
1  2.40e+03  0.02344580193  5.567534e-01 1.0032
1  2.51e+03  0.02344261752  5.567534e-01 1.0032
1  2.63e+03  0.02343791638  5.567534e-01 1.0032
1  2.75e+03  0.02343467828  5.567534e-01 1.0032
1  2.88e+03  0.02343132104  5.567534e-01 1.0032
1  3.02e+03  0.02342950613  5.567534e-01 1.0032
1  3.16e+03  0.02342635729  5.567534e-01 1.0032
1  3.31e+03  0.02342436365  5.567534e-01 1.0032
1  3.47e+03  0.02342269608  5.567534e-01 1.0032
1  3.63e+03  0.02341923286  5.567534e-01 1.0032
1  3.80e+03  0.02341881234  5.567534e-01 1.0032
1  3.98e+03  0.02341689468  5.567534e-01 1.0032
1  4.17e+03  0.02341751178  5.567534e-01 1.0032
1  4.37e+03  0.02341757671  5.567534e-01 1.0032
1  4.57e+03  0.02341467785  5.567534e-01 1.0032
1  4.79e+03  0.02342043332  5.567534e-01 1.0032
1  5.01e+03  0.02341878973  5.567534e-01 1.0032
1  5.25e+03  0.02340726627  5.567534e-01 1.0032
1  5.50e+03  0.02340122649  5.567534e-01 1.0032
1  5.75e+03  0.02342859302  5.567534e-01 1.0032
1  6.03e+03  0.02342751615  5.567534e-01 1.0032
1  6.31e+03  0.02341028072  5.567534e-01 1.0032
1  6.61e+03  0.02346524233  5.567534e-01 1.0032
1  6.92e+03  0.02342494161  5.567534e-01 1.0032
1  7.24e+03  0.02350226705  5.567534e-01 1.0032
1  7.59e+03  0.02351469079  5.567534e-01 1.0032
1  7.94e+03  0.02351188111  5.567534e-01 1.0032
1  8.32e+03  0.02365649719  5.567534e-01 1.0032
1  8.71e+03  0.02373733571  5.567534e-01 1.0032
1  9.12e+03  0.02376995762  5.567534e-01 1.0032
1  9.55e+03  0.02389073796  5.567534e-01 1.0032
1  1.00e+04  0.02413370025  5.567534e-01 1.0032
1  1.05e+04  0.02442246336  5.567534e-01 1.0032
1  1.10e+04  0.0248041687  5.567534e-01 1.0032
1  1.15e+04  0.0252073883  5.567534e-01 1.0032
1  1.20e+04  0.02577842996  5.567534e-01 1.0032
1  1.26e+04  0.02636017195  5.567534e-01 1.0032
1  1.32e+04  0.02702282909  5.567534e-01 1.0032
1  1.38e+04  0.02784633084  5.567534e-01 1.0032
1  1.45e+04  0.0289184424  5.567534e-01 1.0032
1  1.51e+04  0.03037604986  5.567534e-01 1.0032
1  1.58e+04  0.03212685255  5.567534e-01 1.0032
1  1.66e+04  0.03387183099  5.567534e-01 1.0032
1  1.74e+04  0.03556293275  5.567534e-01 1.0032
1  1.82e+04  0.03769370279  5.567534e-01 1.0032
1  1.91e+04  0.04067853447  5.567534e-01 1.0032
1  2.00e+04  0.04370170448  5.567534e-01 1.0032
1  2.09e+04  0.04671033361  5.567534e-01 1.0032
1  2.19e+04  0.05043286661  5.567534e-01 1.0032
1  2.29e+04  0.05427474235  5.567534e-01 1.0032
1  2.40e+04  0.05887521825  5.567534e-01 1.0032
1  2.51e+04  0.06311141948  5.567534e-01 1.0032
1  2.63e+04  0.06872725067  5.567534e-01 1.0032
1  2.75e+04  0.07350830586  5.567534e-01 1.0032
1  2.88e+04  0.07996501523  5.567534e-01 1.0032
1  3.02e+04  0.08543588087  5.567534e-01 1.0032
1  3.16e+04  0.09236976375  5.567534e-01 1.0032
1  3.31e+04  0.09917865215  5.567534e-01 1.0032
1  3.47e+04  0.1056004714  5.567534e-01 1.0032
1  3.63e+04  0.1141697385  5.567534e-01 1.0032
1  3.80e+04  0.1211672572  5.567534e-01 1.0032
1  3.98e+04  0.1283191865  5.567534e-01 1.0032
1  4.17e+04  0.1384531633  5.567534e-01 1.0032
1  4.37e+04  0.1460718486  5.567534e-01 1.0032
1  4.57e+04  0.1528593512  5.567534e-01 1.0032
1  4.79e+04  0.1634933837  5.567534e-01 1.0032
1  5.01e+04  0.1737239119  5.567534e-01 1.0032
1  5.25e+04  0.1808294803  5.567534e-01 1.0032
1  5.50e+04  0.1886130236  5.567534e-01 1.0032
1  5.75e+04  0.1990361565  5.567534e-01 1.0032
1  6.03e+04  0.2100438607  5.567534e-01 1.0032
1  6.31e+04  0.2196548758  5.567534e-01 1.0032
1  6.61e+04  0.2276450792  5.567534e-01 1.0032
1  6.92e+04  0.2351360444  5.567534e-01 1.0032
1  7.24e+04  0.2437665442  5.567534e-01 1.0032
1  7.59e+04  0.254302564  5.567534e-01 1.0032
1  7.94e+04  0.2657588222  5.567534e-01 1.0032
1  8.32e+04  0.2763101538  5.567534e-01 1.0032
1  8.71e+04  0.2849374756  5.567534e-01 1.0032
1  9.12e+04  0.2920195165  5.567534e-01 1.0032
1  9.55e+04  0.2986839602  5.567534e-01 1.0032
1  1.00e+05  0.3059000991  5.567534e-01 1.0032
1  1.05e+05  0.3140681792  5.567534e-01 1.0032
1  1.10e+05  0.3231171141  5.567534e-01 1.0032
1  1.15e+05  0.3327431708  5.567534e-01 1.0032
1  1.20e+05  0.3425541063  5.567534e-01 1.0032
1  1.26e+05  0.3521332557  5.567534e-01 1.0032
1  1.32e+05  0.3611048382  5.567534e-01 1.0032
1  1.38e+05  0.3692121204  5.567534e-01 1.0032
1  1.45e+05  0.3763683598  5.567534e-01 1.0032
1  1.51e+05  0.3826528146  5.567534e-01 1.0032
1  1.58e+05  0.388259813  5.567534e-01 1.0032
1  1.66e+05  0.3934294866  5.567534e-01 1.0032
1  1.74e+05  0.3983876517  5.567534e-01 1.0032
1  1.82e+05  0.4033095915  5.567534e-01 1.0032
1  1.91e+05  0.408308882  5.567534e-01 1.0032
1  2.00e+05  0.4134438063  5.567534e-01 1.0032
1  2.09e+05  0.4187315739  5.567534e-01 1.0032
1  2.19e+05  0.4241627255  5.567534e-01 1.0032
1  2.29e+05  0.4297119519  5.567534e-01 1.0032
1  2.40e+05  0.4353448247  5.567534e-01 1.0032
1  2.51e+05  0.4410216449  5.567534e-01 1.0032
1  2.63e+05  0.4466999041  5.567534e-01 1.0032
1  2.75e+05  0.4523363658  5.567534e-01 1.0032
1  2.88e+05  0.4578891301  5.567534e-01 1.0032
1  3.02e+05  0.4633196032  5.567534e-01 1.0032
1  3.16e+05  0.468594125  5.567534e-01 1.0032
1  3.31e+05  0.4736850551  5.567534e-01 1.0032
1  3.47e+05  0.478571239  5.567534e-01 1.0032
1  3.63e+05  0.4832379135  5.567534e-01 1.0032
1  3.80e+05  0.4876761835  5.567534e-01 1.0032
1  3.98e+05  0.491882236  5.567534e-01 1.0032
1  4.17e+05  0.4958564405  5.567534e-01 1.0032
1  4.37e+05  0.4996024521  5.567534e-01 1.0032
1  4.57e+05  0.5031263898  5.567534e-01 1.0032
1  4.79e+05  0.5064361324  5.567534e-01 1.0032
1  5.01e+05  0.5095407394  5.567534e-01 1.0032
1  5.25e+05  0.5124499949  5.567534e-01 1.0032
1  5.50e+05  0.5151740573  5.567534e-01 1.0032
1  5.75e+05  0.5177231971  5.567534e-01 1.0032
1  6.03e+05  0.5201076062  5.567534e-01 1.0032
1  6.31e+05  0.5223372598  5.567534e-01 1.0032
1  6.61e+05  0.5244218211  5.567534e-01 1.0032
1  6.92e+05  0.5263705756  5.567534e-01 1.0032
1  7.24e+05  0.5281923897  5.567534e-01 1.0032
1  7.59e+05  0.5298956851  5.567534e-01 1.0032
1  7.94e+05  0.5314884274  5.567534e-01 1.0032
1  8.32e+05  0.532978123  5.567534e-01 1.0032
1  8.71e+05  0.5343718242  5.567534e-01 1.0032
1  9.12e+05  0.5356761391  5.567534e-01 1.0032
1  9.55e+05  0.5368972458  5.567534e-01 1.0032
1  1.00e+06  0.5380409091  5.567534e-01 1.0032
1  1.05e+06  0.5391124994  5.567534e-01 1.0032
1  1.10e+06  0.5401170128  5.567534e-01 1.0032
1  1.15e+06  0.5410590918  5.567534e-01 1.0032
1  1.20e+06  0.5419430462  5.567534e-01 1.0032
1  1.26e+06  0.5427728742  5.567534e-01 1.0032
1  1.32e+06  0.5435522827  5.567534e-01 1.0032
1  1.38e+06  0.5442847068  5.567534e-01 1.0032
1  1.45e+06  0.5449733295  5.567534e-01 1.0032
1  1.51e+06  0.545621099  5.567534e-01 1.0032
1  1.58e+06  0.5462307467  5.567534e-01 1.0032
1  1.66e+06  0.5468048027  5.567534e-01 1.0032
1  1.74e+06  0.5473456113  5.567534e-01 1.0032
1  1.82e+06  0.5478553455  5.567534e-01 1.0032
1  1.91e+06  0.5483360219  5.567534e-01 1.0032
1  2.00e+06  0.5487895052  5.567534e-01 1.0032
1  2.09e+06  0.5492175283  5.567534e-01 1.0032
1  2.19e+06  0.5496217006  5.567534e-01 1.0032
1  2.29e+06  0.5500035159  5.567534e-01 1.0032
1  2.40e+06  0.5503643622  5.567534e-01 1.0032
1  2.51e+06  0.5507055308  5.567534e-01 1.0032
1  2.63e+06  0.5510282221  5.567534e-01 1.0032
1  2.75e+06  0.5513335538  5.567534e-01 1.0032
1  2.88e+06  0.5516225669  5.567534e-01 1.0032
1  3.02e+06  0.5518962317  5.567534e-01 1.0032
1  3.16e+06  0.5521554531  5.567534e-01 1.0032
1  3.31e+06  0.5524010754  5.567534e-01 1.0032
1  3.47e+06  0.552633887  5.567534e-01 1.0032
1  3.63e+06  0.5528546249  5.567534e-01 1.0032
1  3.80e+06  0.5530639776  5.567534e-01 1.0032
1  3.98e+06  0.5532625897  5.567534e-01 1.0032
1  4.17e+06  0.5534510644  5.567534e-01 1.0032
1  4.37e+06  0.5536299669  5.567534e-01 1.0032
1  4.57e+06  0.553799827  5.567534e-01 1.0032
1  4.79e+06  0.5539611415  5.567534e-01 1.0032
1  5.01e+06  0.5541143764  5.567534e-01 1.0032
1  5.25e+06  0.5542599697  5.567534e-01 1.0032
1  5.50e+06  0.5543983326  5.567534e-01 1.0032
1  5.75e+06  0.5545298517  5.567534e-01 1.0032
1  6.03e+06  0.5546548907  5.567534e-01 1.0032
1  6.31e+06  0.5547737919  5.567534e-01 1.0032
1  6.61e+06  0.5548868774  5.567534e-01 1.0032
1  6.92e+06  0.5549944507  5.567534e-01 1.0032
1  7.24e+06  0.555096798  5.567534e-01 1.0032
1  7.59e+06  0.555194189  5.567534e-01 1.0032
1  7.94e+06  0.5552868782  5.567534e-01 1.0032
1  8.32e+06  0.5553751057  5.567534e-01 1.0032
1  8.71e+06  0.5554590984  5.567534e-01 1.0032
1  9.12e+06  0.5555390706  5.567534e-01 1.0032
1  9.55e+06  0.5556152246  5.567534e-01 1.0032
1  1.00e+07  0.555687752  5.567534e-01 1.0032
