1  1.00e-03  0.5952750334  5.145751e-01 0.9272
1  1.05e-03  0.5952736759  5.145751e-01 0.9272
1  1.10e-03  0.5952720948  5.145751e-01 0.9272
1  1.15e-03  0.5952705184  5.145751e-01 0.9272
1  1.20e-03  0.5952688865  5.145751e-01 0.9272
1  1.26e-03  0.5952671311  5.145751e-01 0.9272
1  1.32e-03  0.5952651991  5.145751e-01 0.9272
1  1.38e-03  0.595263295  5.145751e-01 0.9272
1  1.45e-03  0.5952612959  5.145751e-01 0.9272
1  1.51e-03  0.5952592557  5.145751e-01 0.9272
1  1.58e-03  0.5952570386  5.145751e-01 0.9272
1  1.66e-03  0.5952547195  5.145751e-01 0.9272
1  1.74e-03  0.5952523257  5.145751e-01 0.9272
1  1.82e-03  0.5952497951  5.145751e-01 0.9272
1  1.91e-03  0.5952472199  5.145751e-01 0.9272
1  2.00e-03  0.5952444521  5.145751e-01 0.9272
1  2.09e-03  0.5952414903  5.145751e-01 0.9272
1  2.19e-03  0.5952384759  5.145751e-01 0.9272
1  2.29e-03  0.5952353133  5.145751e-01 0.9272
1  2.40e-03  0.5952320195  5.145751e-01 0.9272
1  2.51e-03  0.5952285273  5.145751e-01 0.9272
1  2.63e-03  0.5952248866  5.145751e-01 0.9272
1  2.75e-03  0.5952210667  5.145751e-01 0.9272
1  2.88e-03  0.5952170783  5.145751e-01 0.9272
1  3.02e-03  0.5952128997  5.145751e-01 0.9272
1  3.16e-03  0.5952085438  5.145751e-01 0.9272
1  3.31e-03  0.5952039492  5.145751e-01 0.9272
1  3.47e-03  0.595199153  5.145751e-01 0.9272
1  3.63e-03  0.5951941463  5.145751e-01 0.9272
1  3.80e-03  0.5951888773  5.145751e-01 0.9272
1  3.98e-03  0.5951833598  5.145751e-01 0.9272
1  4.17e-03  0.5951776074  5.145751e-01 0.9272
1  4.37e-03  0.5951715658  5.145751e-01 0.9272
1  4.57e-03  0.5951652334  5.145751e-01 0.9272
1  4.79e-03  0.595158589  5.145751e-01 0.9272
1  5.01e-03  0.5951516679  5.145751e-01 0.9272
1  5.25e-03  0.5951444117  5.145751e-01 0.9272
1  5.50e-03  0.5951367863  5.145751e-01 0.9272
1  5.75e-03  0.5951288164  5.145751e-01 0.9272
1  6.03e-03  0.5951204826  5.145751e-01 0.9272
1  6.31e-03  0.5951117172  5.145751e-01 0.9272
1  6.61e-03  0.5951025888  5.145751e-01 0.9272
1  6.92e-03  0.5950930043  5.145751e-01 0.9272
1  7.24e-03  0.5950829727  5.145751e-01 0.9272
1  7.59e-03  0.5950724514  5.145751e-01 0.9272
1  7.94e-03  0.5950614333  5.145751e-01 0.9272
1  8.32e-03  0.5950499204  5.145751e-01 0.9272
1  8.71e-03  0.5950378238  5.145751e-01 0.9272
1  9.12e-03  0.5950252155  5.145751e-01 0.9272
1  9.55e-03  0.59501198  5.145751e-01 0.9272
1  1.00e-02  0.5949980694  5.145751e-01 0.9272
1  1.05e-02  0.5949835915  5.145751e-01 0.9272
1  1.10e-02  0.5949683768  5.145751e-01 0.9272
1  1.15e-02  0.59495246  5.145751e-01 0.9272
1  1.20e-02  0.5949357822  5.145751e-01 0.9272
1  1.26e-02  0.5949182652  5.145751e-01 0.9272
1  1.32e-02  0.5949000242  5.145751e-01 0.9272
1  1.38e-02  0.5948808766  5.145751e-01 0.9272
1  1.45e-02  0.5948608021  5.145751e-01 0.9272
1  1.51e-02  0.5948397609  5.145751e-01 0.9272
1  1.58e-02  0.5948177721  5.145751e-01 0.9272
1  1.66e-02  0.5947947484  5.145751e-01 0.9272
1  1.74e-02  0.5947705352  5.145751e-01 0.9272
1  1.82e-02  0.5947453058  5.145751e-01 0.9272
1  1.91e-02  0.5947188094  5.145751e-01 0.9272
1  2.00e-02  0.5946911268  5.145751e-01 0.9272
1  2.09e-02  0.5946619885  5.145751e-01 0.9272
1  2.19e-02  0.5946315922  5.145751e-01 0.9272
1  2.29e-02  0.5945997037  5.145751e-01 0.9272
1  2.40e-02  0.5945664192  5.145751e-01 0.9272
1  2.51e-02  0.5945313831  5.145751e-01 0.9272
1  2.63e-02  0.5944948048  5.145751e-01 0.9272
1  2.75e-02  0.5944565098  5.145751e-01 0.9272
1  2.88e-02  0.5944163441  5.145751e-01 0.9272
1  3.02e-02  0.5943741741  5.145751e-01 0.9272
1  3.16e-02  0.5943301346  5.145751e-01 0.9272
1  3.31e-02  0.5942839257  5.145751e-01 0.9272
1  3.47e-02  0.594235558  5.145751e-01 0.9272
1  3.63e-02  0.5941849242  5.145751e-01 0.9272
1  3.80e-02  0.5941318339  5.145751e-01 0.9272
1  3.98e-02  0.5940764089  5.145751e-01 0.9272
1  4.17e-02  0.5940181499  5.145751e-01 0.9272
1  4.37e-02  0.5939570032  5.145751e-01 0.9272
1  4.57e-02  0.5938930831  5.145751e-01 0.9272
1  4.79e-02  0.5938262329  5.145751e-01 0.9272
1  5.01e-02  0.5937561799  5.145751e-01 0.9272
1  5.25e-02  0.5936827124  5.145751e-01 0.9272
1  5.50e-02  0.5936056538  5.145751e-01 0.9272
1  5.75e-02  0.5935249204  5.145751e-01 0.9272
1  6.03e-02  0.5934403912  5.145751e-01 0.9272
1  6.31e-02  0.593351852  5.145751e-01 0.9272
1  6.61e-02  0.5932591722  5.145751e-01 0.9272
1  6.92e-02  0.5931617502  5.145751e-01 0.9272
1  7.24e-02  0.5930596905  5.145751e-01 0.9272
1  7.59e-02  0.5929529175  5.145751e-01 0.9272
1  7.94e-02  0.5928412878  5.145751e-01 0.9272
1  8.32e-02  0.5927240431  5.145751e-01 0.9272
1  8.71e-02  0.5926009907  5.145751e-01 0.9272
1  9.12e-02  0.5924718613  5.145751e-01 0.9272
1  9.55e-02  0.5923371644  5.145751e-01 0.9272
1  1.00e-01  0.5921956009  5.145751e-01 0.9272
1  1.05e-01  0.5920468481  5.145751e-01 0.9272
1  1.10e-01  0.5918917492  5.145751e-01 0.9272
1  1.15e-01  0.5917286936  5.145751e-01 0.9272
1  1.20e-01  0.5915577351  5.145751e-01 0.9272
1  1.26e-01  0.5913783599  5.145751e-01 0.9272
1  1.32e-01  0.5911900653  5.145751e-01 0.9272
1  1.38e-01  0.5909934626  5.145751e-01 0.9272
1  1.45e-01  0.5907867429  5.145751e-01 0.9272
1  1.51e-01  0.5905695615  5.145751e-01 0.9272
1  1.58e-01  0.5903423702  5.145751e-01 0.9272
1  1.66e-01  0.5901043671  5.145751e-01 0.9272
1  1.74e-01  0.5898539165  5.145751e-01 0.9272
1  1.82e-01  0.5895919211  5.145751e-01 0.9272
1  1.91e-01  0.5893162663  5.145751e-01 0.9272
1  2.00e-01  0.5890269376  5.145751e-01 0.9272
1  2.09e-01  0.5887243112  5.145751e-01 0.9272
1  2.19e-01  0.5884059144  5.145751e-01 0.9272
1  2.29e-01  0.5880727353  5.145751e-01 0.9272
1  2.40e-01  0.5877218671  5.145751e-01 0.9272
1  2.51e-01  0.5873549844  5.145751e-01 0.9272
1  2.63e-01  0.5869679735  5.145751e-01 0.9272
1  2.75e-01  0.5865624898  5.145751e-01 0.9272
1  2.88e-01  0.5861378429  5.145751e-01 0.9272
1  3.02e-01  0.5856908319  5.145751e-01 0.9272
1  3.16e-01  0.5852199084  5.145751e-01 0.9272
1  3.31e-01  0.5847278876  5.145751e-01 0.9272
1  3.47e-01  0.5842091998  5.145751e-01 0.9272
1  3.63e-01  0.5836651316  5.145751e-01 0.9272
1  3.80e-01  0.5830918821  5.145751e-01 0.9272
1  3.98e-01  0.5824907225  5.145751e-01 0.9272
1  4.17e-01  0.5818579511  5.145751e-01 0.9272
1  4.37e-01  0.5811923472  5.145751e-01 0.9272
1  4.57e-01  0.5804951091  5.145751e-01 0.9272
1  4.79e-01  0.5797590502  5.145751e-01 0.9272
1  5.01e-01  0.5789858374  5.145751e-01 0.9272
1  5.25e-01  0.5781718066  5.145751e-01 0.9272
1  5.50e-01  0.5773143079  5.145751e-01 0.9272
1  5.75e-01  0.5764123433  5.145751e-01 0.9272
1  6.03e-01  0.5754631091  5.145751e-01 0.9272
1  6.31e-01  0.5744610599  5.145751e-01 0.9272
1  6.61e-01  0.5734096432  5.145751e-01 0.9272
1  6.92e-01  0.5723012147  5.145751e-01 0.9272
1  7.24e-01  0.5711293737  5.145751e-01 0.9272
1  7.59e-01  0.5698971335  5.145751e-01 0.9272
1  7.94e-01  0.5686017739  5.145751e-01 0.9272
1  8.32e-01  0.5672315512  5.145751e-01 0.9272
1  8.71e-01  0.5657883418  5.145751e-01 0.9272
1  9.12e-01  0.5642620123  5.145751e-01 0.9272
1  9.55e-01  0.5626566398  5.145751e-01 0.9272
1  1.00e+00  0.5609590623  5.145751e-01 0.9272
1  1.05e+00  0.5591691142  5.145751e-01 0.9272
1  1.10e+00  0.5572789027  5.145751e-01 0.9272
1  1.15e+00  0.5552827732  5.145751e-01 0.9272
1  1.20e+00  0.5531743726  5.145751e-01 0.9272
1  1.26e+00  0.550942721  5.145751e-01 0.9272
1  1.32e+00  0.5485871866  5.145751e-01 0.9272
1  1.38e+00  0.5461074237  5.145751e-01 0.9272
1  1.45e+00  0.5434787666  5.145751e-01 0.9272
1  1.51e+00  0.5406981936  5.145751e-01 0.9272
1  1.58e+00  0.5377670449  5.145751e-01 0.9272
1  1.66e+00  0.5346645025  5.145751e-01 0.9272
1  1.74e+00  0.5313922051  5.145751e-01 0.9272
1  1.82e+00  0.5279268894  5.145751e-01 0.9272
1  1.91e+00  0.52427387  5.145751e-01 0.9272
1  2.00e+00  0.5204243634  5.145751e-01 0.9272
1  2.09e+00  0.516344254  5.145751e-01 0.9272
1  2.19e+00  0.5120519648  5.145751e-01 0.9272
1  2.29e+00  0.5075334569  5.145751e-01 0.9272
1  2.40e+00  0.5027614924  5.145751e-01 0.9272
1  2.51e+00  0.497754395  5.145751e-01 0.9272
1  2.63e+00  0.4924974304  5.145751e-01 0.9272
1  2.75e+00  0.4869731357  5.145751e-01 0.9272
1  2.88e+00  0.4811730978  5.145751e-01 0.9272
1  3.02e+00  0.4751334215  5.145751e-01 0.9272
1  3.16e+00  0.4688130135  5.145751e-01 0.9272
1  3.31e+00  0.4622416291  5.145751e-01 0.9272
1  3.47e+00  0.4554357386  5.145751e-01 0.9272
1  3.63e+00  0.448385013  5.145751e-01 0.9272
1  3.80e+00  0.4410905003  5.145751e-01 0.9272
1  3.98e+00  0.4336088743  5.145751e-01 0.9272
1  4.17e+00  0.4259790965  5.145751e-01 0.9272
1  4.37e+00  0.4181675323  5.145751e-01 0.9272
1  4.57e+00  0.4102745001  5.145751e-01 0.9272
1  4.79e+00  0.4022766708  5.145751e-01 0.9272
1  5.01e+00  0.3942826252  5.145751e-01 0.9272
1  5.25e+00  0.3862626222  5.145751e-01 0.9272
1  5.50e+00  0.3783352883  5.145751e-01 0.9272
1  5.75e+00  0.3704889798  5.145751e-01 0.9272
1  6.03e+00  0.3628041578  5.145751e-01 0.9272
1  6.31e+00  0.355301669  5.145751e-01 0.9272
1  6.61e+00  0.3480593728  5.145751e-01 0.9272
1  6.92e+00  0.34104454  5.145751e-01 0.9272
1  7.24e+00  0.3343134264  5.145751e-01 0.9272
1  7.59e+00  0.3279440617  5.145751e-01 0.9272
1  7.94e+00  0.3218784024  5.145751e-01 0.9272
1  8.32e+00  0.3161517483  5.145751e-01 0.9272
1  8.71e+00  0.3107642906  5.145751e-01 0.9272
1  9.12e+00  0.3057479725  5.145751e-01 0.9272
1  9.55e+00  0.3010752282  5.145751e-01 0.9272
1  1.00e+01  0.2967252743  5.145751e-01 0.9272
1  1.05e+01  0.292715121  5.145751e-01 0.9272
1  1.10e+01  0.2890170686  5.145751e-01 0.9272
1  1.15e+01  0.2856345348  5.145751e-01 0.9272
1  1.20e+01  0.2825198232  5.145751e-01 0.9272
1  1.26e+01  0.2796804757  5.145751e-01 0.9272
1  1.32e+01  0.2770494153  5.145751e-01 0.9272
1  1.38e+01  0.2746539603  5.145751e-01 0.9272
1  1.45e+01  0.2724849275  5.145751e-01 0.9272
1  1.51e+01  0.2705088806  5.145751e-01 0.9272
1  1.58e+01  0.2687335788  5.145751e-01 0.9272
1  1.66e+01  0.2670865019  5.145751e-01 0.9272
1  1.74e+01  0.2655775861  5.145751e-01 0.9272
1  1.82e+01  0.2642065085  5.145751e-01 0.9272
1  1.91e+01  0.2629724551  5.145751e-01 0.9272
1  2.00e+01  0.2618543846  5.145751e-01 0.9272
1  2.09e+01  0.2608162154  5.145751e-01 0.9272
1  2.19e+01  0.2598607053  5.145751e-01 0.9272
1  2.29e+01  0.2589984087  5.145751e-01 0.9272
1  2.40e+01  0.2581791484  5.145751e-01 0.9272
1  2.51e+01  0.2574599168  5.145751e-01 0.9272
1  2.63e+01  0.2567582315  5.145751e-01 0.9272
1  2.75e+01  0.2561436212  5.145751e-01 0.9272
1  2.88e+01  0.2555252547  5.145751e-01 0.9272
1  3.02e+01  0.2549701904  5.145751e-01 0.9272
1  3.16e+01  0.2544602474  5.145751e-01 0.9272
1  3.31e+01  0.2539770598  5.145751e-01 0.9272
1  3.47e+01  0.2534871661  5.145751e-01 0.9272
1  3.63e+01  0.2530356153  5.145751e-01 0.9272
1  3.80e+01  0.2526105818  5.145751e-01 0.9272
1  3.98e+01  0.2521520365  5.145751e-01 0.9272
1  4.17e+01  0.2517550274  5.145751e-01 0.9272
1  4.37e+01  0.2513041621  5.145751e-01 0.9272
1  4.57e+01  0.2508833923  5.145751e-01 0.9272
1  4.79e+01  0.2504515305  5.145751e-01 0.9272
1  5.01e+01  0.2500060496  5.145751e-01 0.9272
1  5.25e+01  0.2495670348  5.145751e-01 0.9272
1  5.50e+01  0.2490948784  5.145751e-01 0.9272
1  5.75e+01  0.2485722956  5.145751e-01 0.9272
1  6.03e+01  0.2480571148  5.145751e-01 0.9272
1  6.31e+01  0.2474811215  5.145751e-01 0.9272
1  6.61e+01  0.2468391793  5.145751e-01 0.9272
1  6.92e+01  0.2461671643  5.145751e-01 0.9272
1  7.24e+01  0.2454250941  5.145751e-01 0.9272
1  7.59e+01  0.2445926231  5.145751e-01 0.9272
1  7.94e+01  0.2436961406  5.145751e-01 0.9272
1  8.32e+01  0.2426399903  5.145751e-01 0.9272
1  8.71e+01  0.2414729789  5.145751e-01 0.9272
1  9.12e+01  0.2401545802  5.145751e-01 0.9272
1  9.55e+01  0.2386107533  5.145751e-01 0.9272
1  1.00e+02  0.2368270981  5.145751e-01 0.9272
1  1.05e+02  0.2347176344  5.145751e-01 0.9272
1  1.10e+02  0.2322663086  5.145751e-01 0.9272
1  1.15e+02  0.2293216351  5.145751e-01 0.9272
1  1.20e+02  0.2257989748  5.145751e-01 0.9272
1  1.26e+02  0.2215108707  5.145751e-01 0.9272
1  1.32e+02  0.2163173915  5.145751e-01 0.9272
1  1.38e+02  0.2099283598  5.145751e-01 0.9272
1  1.45e+02  0.2021174675  5.145751e-01 0.9272
1  1.51e+02  0.1925677803  5.145751e-01 0.9272
1  1.58e+02  0.1810213582  5.145751e-01 0.9272
1  1.66e+02  0.1673687582  5.145751e-01 0.9272
1  1.74e+02  0.1517901546  5.145751e-01 0.9272
1  1.82e+02  0.1348707317  5.145751e-01 0.9272
1  1.91e+02  0.1175730177  5.145751e-01 0.9272
1  2.00e+02  0.1010291972  5.145751e-01 0.9272
1  2.09e+02  0.08618973682  5.145751e-01 0.9272
1  2.19e+02  0.07355349464  5.145751e-01 0.9272
1  2.29e+02  0.06324148686  5.145751e-01 0.9272
1  2.40e+02  0.05503000862  5.145751e-01 0.9272
1  2.51e+02  0.04860230786  5.145751e-01 0.9272
1  2.63e+02  0.04360132053  5.145751e-01 0.9272
1  2.75e+02  0.0397094699  5.145751e-01 0.9272
1  2.88e+02  0.03665885336  5.145751e-01 0.9272
1  3.02e+02  0.03427178611  5.145751e-01 0.9272
1  3.16e+02  0.0323708129  5.145751e-01 0.9272
1  3.31e+02  0.0308574536  5.145751e-01 0.9272
1  3.47e+02  0.02964172716  5.145751e-01 0.9272
1  3.63e+02  0.02865551252  5.145751e-01 0.9272
1  3.80e+02  0.02784979502  5.145751e-01 0.9272
1  3.98e+02  0.02718645797  5.145751e-01 0.9272
1  4.17e+02  0.02663823985  5.145751e-01 0.9272
1  4.37e+02  0.02617953514  5.145751e-01 0.9272
1  4.57e+02  0.02579638141  5.145751e-01 0.9272
1  4.79e+02  0.02547456956  5.145751e-01 0.9272
1  5.01e+02  0.02520107783  5.145751e-01 0.9272
1  5.25e+02  0.02496912276  5.145751e-01 0.9272
1  5.50e+02  0.02477021991  5.145751e-01 0.9272
1  5.75e+02  0.02460028342  5.145751e-01 0.9272
1  6.03e+02  0.02445448155  5.145751e-01 0.9272
1  6.31e+02  0.02432893307  5.145751e-01 0.9272
1  6.61e+02  0.02421953635  5.145751e-01 0.9272
1  6.92e+02  0.02412330578  5.145751e-01 0.9272
1  7.24e+02  0.02404080941  5.145751e-01 0.9272
1  7.59e+02  0.02396844411  5.145751e-01 0.9272
1  7.94e+02  0.0239057223  5.145751e-01 0.9272
1  8.32e+02  0.02384806862  5.145751e-01 0.9272
1  8.71e+02  0.02379988599  5.145751e-01 0.9272
1  9.12e+02  0.02375662647  5.145751e-01 0.9272
1  9.55e+02  0.02371930378  5.145751e-01 0.9272
1  1.00e+03  0.02368463264  5.145751e-01 0.9272
1  1.05e+03  0.02365524141  5.145751e-01 0.9272
1  1.10e+03  0.02362833133  5.145751e-01 0.9272
1  1.15e+03  0.02360481513  5.145751e-01 0.9272
1  1.20e+03  0.02358348344  5.145751e-01 0.9272
1  1.26e+03  0.02356536868  5.145751e-01 0.9272
1  1.32e+03  0.02354830769  5.145751e-01 0.9272
1  1.38e+03  0.0235342195  5.145751e-01 0.9272
1  1.45e+03  0.02352089003  5.145751e-01 0.9272
1  1.51e+03  0.02350925056  5.145751e-01 0.9272
1  1.58e+03  0.02349721858  5.145751e-01 0.9272
1  1.66e+03  0.02348781206  5.145751e-01 0.9272
1  1.74e+03  0.02347907488  5.145751e-01 0.9272
1  1.82e+03  0.02347126208  5.145751e-01 0.9272
1  1.91e+03  0.02346440231  5.145751e-01 0.9272
1  2.00e+03  0.02345812607  5.145751e-01 0.9272
1  2.09e+03  0.02345254845  5.145751e-01 0.9272
1  2.19e+03  0.02344825029  5.145751e-01 0.9272
1  2.29e+03  0.02344319364  5.145751e-01 0.9272
1  2.40e+03  0.02343892443  5.145751e-01 0.9272
1  2.51e+03  0.0234357699  5.145751e-01 0.9272
1  2.63e+03  0.02343178664  5.145751e-01 0.9272
1  2.75e+03  0.02342975082  5.145751e-01 0.9272
1  2.88e+03  0.02342664677  5.145751e-01 0.9272
1  3.02e+03  0.02342421073  5.145751e-01 0.9272
1  3.16e+03  0.02342301618  5.145751e-01 0.9272
1  3.31e+03  0.02341983085  5.145751e-01 0.9272
1  3.47e+03  0.02341943998  5.145751e-01 0.9272
1  3.63e+03  0.02341699469  5.145751e-01 0.9272
1  3.80e+03  0.02341566859  5.145751e-01 0.9272
1  3.98e+03  0.02341396945  5.145751e-01 0.9272
1  4.17e+03  0.02341459586  5.145751e-01 0.9272
1  4.37e+03  0.02341537286  5.145751e-01 0.9272
1  4.57e+03  0.02341274388  5.145751e-01 0.9272
1  4.79e+03  0.02341706942  5.145751e-01 0.9272
1  5.01e+03  0.02341428369  5.145751e-01 0.9272
1  5.25e+03  0.02340399427  5.145751e-01 0.9272
1  5.50e+03  0.02340262776  5.145751e-01 0.9272
1  5.75e+03  0.02342732043  5.145751e-01 0.9272
1  6.03e+03  0.02341860669  5.145751e-01 0.9272
1  6.31e+03  0.02341290465  5.145751e-01 0.9272
1  6.61e+03  0.02345261324  5.145751e-01 0.9272
1  6.92e+03  0.02342657617  5.145751e-01 0.9272
1  7.24e+03  0.02348122526  5.145751e-01 0.9272
1  7.59e+03  0.02351134671  5.145751e-01 0.9272
1  7.94e+03  0.02349708443  5.145751e-01 0.9272
1  8.32e+03  0.02362297459  5.145751e-01 0.9272
1  8.71e+03  0.02371660811  5.145751e-01 0.9272
1  9.12e+03  0.02375362582  5.145751e-01 0.9272
1  9.55e+03  0.02385467306  5.145751e-01 0.9272
1  1.00e+04  0.0240670613  5.145751e-01 0.9272
1  1.05e+04  0.02433900241  5.145751e-01 0.9272
1  1.10e+04  0.02472603714  5.145751e-01 0.9272
1  1.15e+04  0.02511160995  5.145751e-01 0.9272
1  1.20e+04  0.0256864666  5.145751e-01 0.9272
1  1.26e+04  0.02628197125  5.145751e-01 0.9272
1  1.32e+04  0.02692711501  5.145751e-01 0.9272
1  1.38e+04  0.02776007338  5.145751e-01 0.9272
1  1.45e+04  0.02888574503  5.145751e-01 0.9272
1  1.51e+04  0.03040873891  5.145751e-01 0.9272
1  1.58e+04  0.03219889851  5.145751e-01 0.9272
1  1.66e+04  0.03396494737  5.145751e-01 0.9272
1  1.74e+04  0.03572022118  5.145751e-01 0.9272
1  1.82e+04  0.03800537488  5.145751e-01 0.9272
1  1.91e+04  0.04116592032  5.145751e-01 0.9272
1  2.00e+04  0.04430481145  5.145751e-01 0.9272
1  2.09e+04  0.04746279874  5.145751e-01 0.9272
1  2.19e+04  0.05138469182  5.145751e-01 0.9272
1  2.29e+04  0.05549161526  5.145751e-01 0.9272
1  2.40e+04  0.06030972257  5.145751e-01 0.9272
1  2.51e+04  0.06483697338  5.145751e-01 0.9272
1  2.63e+04  0.07078856173  5.145751e-01 0.9272
1  2.75e+04  0.07587470103  5.145751e-01 0.9272
1  2.88e+04  0.08273658099  5.145751e-01 0.9272
1  3.02e+04  0.0886011004  5.145751e-01 0.9272
1  3.16e+04  0.09592624427  5.145751e-01 0.9272
1  3.31e+04  0.1032840719  5.145751e-01 0.9272
1  3.47e+04  0.1100701524  5.145751e-01 0.9272
1  3.63e+04  0.1192242955  5.145751e-01 0.9272
1  3.80e+04  0.1268046607  5.145751e-01 0.9272
1  3.98e+04  0.134342462  5.145751e-01 0.9272
1  4.17e+04  0.145183222  5.145751e-01 0.9272
1  4.37e+04  0.1534852297  5.145751e-01 0.9272
1  4.57e+04  0.1606644277  5.145751e-01 0.9272
1  4.79e+04  0.1719562228  5.145751e-01 0.9272
1  5.01e+04  0.1830424607  5.145751e-01 0.9272
1  5.25e+04  0.1907384639  5.145751e-01 0.9272
1  5.50e+04  0.1989972045  5.145751e-01 0.9272
1  5.75e+04  0.2101002817  5.145751e-01 0.9272
1  6.03e+04  0.2219368999  5.145751e-01 0.9272
1  6.31e+04  0.2323248539  5.145751e-01 0.9272
1  6.61e+04  0.2409519299  5.145751e-01 0.9272
1  6.92e+04  0.2489835121  5.145751e-01 0.9272
1  7.24e+04  0.2581849353  5.145751e-01 0.9272
1  7.59e+04  0.2694338593  5.145751e-01 0.9272
1  7.94e+04  0.2817302654  5.145751e-01 0.9272
1  8.32e+04  0.2931177385  5.145751e-01 0.9272
1  8.71e+04  0.3024566802  5.145751e-01 0.9272
1  9.12e+04  0.3101082828  5.145751e-01 0.9272
1  9.55e+04  0.3172694028  5.145751e-01 0.9272
1  1.00e+05  0.3249941527  5.145751e-01 0.9272
1  1.05e+05  0.3337326294  5.145751e-01 0.9272
1  1.10e+05  0.3434224754  5.145751e-01 0.9272
1  1.15e+05  0.3537442162  5.145751e-01 0.9272
1  1.20e+05  0.3642795271  5.145751e-01 0.9272
1  1.26e+05  0.3745814905  5.145751e-01 0.9272
1  1.32e+05  0.3842442847  5.145751e-01 0.9272
1  1.38e+05  0.3929872563  5.145751e-01 0.9272
1  1.45e+05  0.4007110883  5.145751e-01 0.9272
1  1.51e+05  0.4074954056  5.145751e-01 0.9272
1  1.58e+05  0.4135453705  5.145751e-01 0.9272
1  1.66e+05  0.419117612  5.145751e-01 0.9272
1  1.74e+05  0.4244552041  5.145751e-01 0.9272
1  1.82e+05  0.4297479695  5.145751e-01 0.9272
1  1.91e+05  0.4351197298  5.145751e-01 0.9272
1  2.00e+05  0.4406347106  5.145751e-01 0.9272
1  2.09e+05  0.4463126234  5.145751e-01 0.9272
1  2.19e+05  0.4521441527  5.145751e-01 0.9272
1  2.29e+05  0.4581026801  5.145751e-01 0.9272
1  2.40e+05  0.4641516187  5.145751e-01 0.9272
1  2.51e+05  0.4702486116  5.145751e-01 0.9272
1  2.63e+05  0.4763482022  5.145751e-01 0.9272
1  2.75e+05  0.4824040732  5.145751e-01 0.9272
1  2.88e+05  0.4883712631  5.145751e-01 0.9272
1  3.02e+05  0.4942082858  5.145751e-01 0.9272
1  3.16e+05  0.4998788919  5.145751e-01 0.9272
1  3.31e+05  0.5053532525  5.145751e-01 0.9272
1  3.47e+05  0.5106084814  5.145751e-01 0.9272
1  3.63e+05  0.5156285498  5.145751e-01 0.9272
1  3.80e+05  0.5204037392  5.145751e-01 0.9272
1  3.98e+05  0.5249298052  5.145751e-01 0.9272
1  4.17e+05  0.5292070166  5.145751e-01 0.9272
1  4.37e+05  0.533239192  5.145751e-01 0.9272
1  4.57e+05  0.5370328177  5.145751e-01 0.9272
1  4.79e+05  0.5405962879  5.145751e-01 0.9272
1  5.01e+05  0.543939281  5.145751e-01 0.9272
1  5.25e+05  0.5470722665  5.145751e-01 0.9272
1  5.50e+05  0.5500061261  5.145751e-01 0.9272
1  5.75e+05  0.5527518705  5.145751e-01 0.9272
1  6.03e+05  0.5553204323  5.145751e-01 0.9272
1  6.31e+05  0.5577225167  5.145751e-01 0.9272
1  6.61e+05  0.5599684976  5.145751e-01 0.9272
1  6.92e+05  0.562068347  5.145751e-01 0.9272
1  7.24e+05  0.5640315885  5.145751e-01 0.9272
1  7.59e+05  0.5658672709  5.145751e-01 0.9272
1  7.94e+05  0.5675839538  5.145751e-01 0.9272
1  8.32e+05  0.5691897055  5.145751e-01 0.9272
1  8.71e+05  0.5706921071  5.145751e-01 0.9272
1  9.12e+05  0.5720982634  5.145751e-01 0.9272
1  9.55e+05  0.5734148178  5.145751e-01 0.9272
1  1.00e+06  0.57464797  5.145751e-01 0.9272
1  1.05e+06  0.5758034965  5.145751e-01 0.9272
1  1.10e+06  0.5768867716  5.145751e-01 0.9272
1  1.15e+06  0.5779027899  5.145751e-01 0.9272
1  1.20e+06  0.5788561888  5.145751e-01 0.9272
1  1.26e+06  0.5797512704  5.145751e-01 0.9272
1  1.32e+06  0.580592024  5.145751e-01 0.9272
1  1.38e+06  0.5813821471  5.145751e-01 0.9272
1  1.45e+06  0.5821250654  5.145751e-01 0.9272
1  1.51e+06  0.582823953  5.145751e-01 0.9272
1  1.58e+06  0.5834817503  5.145751e-01 0.9272
1  1.66e+06  0.5841011814  5.145751e-01 0.9272
1  1.74e+06  0.5846847707  5.145751e-01 0.9272
1  1.82e+06  0.5852348584  5.145751e-01 0.9272
1  1.91e+06  0.585753616  5.145751e-01 0.9272
1  2.00e+06  0.586243052  5.145751e-01 0.9272
1  2.09e+06  0.5867050333  5.145751e-01 0.9272
1  2.19e+06  0.5871412927  5.145751e-01 0.9272
1  2.29e+06  0.5875534403  5.145751e-01 0.9272
1  2.40e+06  0.5879429716  5.145751e-01 0.9272
1  2.51e+06  0.5883112773  5.145751e-01 0.9272
1  2.63e+06  0.5886596511  5.145751e-01 0.9272
1  2.75e+06  0.5889892978  5.145751e-01 0.9272
1  2.88e+06  0.5893013393  5.145751e-01 0.9272
1  3.02e+06  0.5895968212  5.145751e-01 0.9272
1  3.16e+06  0.5898767189  5.145751e-01 0.9272
1  3.31e+06  0.5901419427  5.145751e-01 0.9272
1  3.47e+06  0.5903933425  5.145751e-01 0.9272
1  3.63e+06  0.5906317126  5.145751e-01 0.9272
1  3.80e+06  0.5908577957  5.145751e-01 0.9272
1  3.98e+06  0.5910722868  5.145751e-01 0.9272
1  4.17e+06  0.5912758363  5.145751e-01 0.9272
1  4.37e+06  0.5914690538  5.145751e-01 0.9272
1  4.57e+06  0.5916525105  5.145751e-01 0.9272
1  4.79e+06  0.5918267423  5.145751e-01 0.9272
1  5.01e+06  0.5919922521  5.145751e-01 0.9272
1  5.25e+06  0.592149512  5.145751e-01 0.9272
1  5.50e+06  0.5922989659  5.145751e-01 0.9272
1  5.75e+06  0.5924410308  5.145751e-01 0.9272
1  6.03e+06  0.592576099  5.145751e-01 0.9272
1  6.31e+06  0.5927045398  5.145751e-01 0.9272
1  6.61e+06  0.592826701  5.145751e-01 0.9272
1  6.92e+06  0.5929429099  5.145751e-01 0.9272
1  7.24e+06  0.5930534754  5.145751e-01 0.9272
1  7.59e+06  0.5931586886  5.145751e-01 0.9272
1  7.94e+06  0.5932588241  5.145751e-01 0.9272
1  8.32e+06  0.5933541412  5.145751e-01 0.9272
1  8.71e+06  0.5934448846  5.145751e-01 0.9272
1  9.12e+06  0.5935312857  5.145751e-01 0.9272
1  9.55e+06  0.5936135629  5.145751e-01 0.9272
1  1.00e+07  0.593691923  5.145751e-01 0.9272
