1  1.00e-03  0.5897834514  5.203469e-01 0.9376
1  1.05e-03  0.5897821186  5.203469e-01 0.9376
1  1.10e-03  0.5897805432  5.203469e-01 0.9376
1  1.15e-03  0.5897790052  5.203469e-01 0.9376
1  1.20e-03  0.5897773777  5.203469e-01 0.9376
1  1.26e-03  0.5897756502  5.203469e-01 0.9376
1  1.32e-03  0.5897737359  5.203469e-01 0.9376
1  1.38e-03  0.5897718468  5.203469e-01 0.9376
1  1.45e-03  0.5897698666  5.203469e-01 0.9376
1  1.51e-03  0.5897678641  5.203469e-01 0.9376
1  1.58e-03  0.5897656542  5.203469e-01 0.9376
1  1.66e-03  0.5897633714  5.203469e-01 0.9376
1  1.74e-03  0.5897610039  5.203469e-01 0.9376
1  1.82e-03  0.5897584991  5.203469e-01 0.9376
1  1.91e-03  0.5897559544  5.203469e-01 0.9376
1  2.00e-03  0.5897532123  5.203469e-01 0.9376
1  2.09e-03  0.5897502802  5.203469e-01 0.9376
1  2.19e-03  0.5897472973  5.203469e-01 0.9376
1  2.29e-03  0.5897441746  5.203469e-01 0.9376
1  2.40e-03  0.5897409163  5.203469e-01 0.9376
1  2.51e-03  0.5897374553  5.203469e-01 0.9376
1  2.63e-03  0.5897338592  5.203469e-01 0.9376
1  2.75e-03  0.5897300826  5.203469e-01 0.9376
1  2.88e-03  0.5897261378  5.203469e-01 0.9376
1  3.02e-03  0.5897220045  5.203469e-01 0.9376
1  3.16e-03  0.5897176989  5.203469e-01 0.9376
1  3.31e-03  0.5897131453  5.203469e-01 0.9376
1  3.47e-03  0.5897084065  5.203469e-01 0.9376
1  3.63e-03  0.5897034515  5.203469e-01 0.9376
1  3.80e-03  0.589698244  5.203469e-01 0.9376
1  3.98e-03  0.5896927873  5.203469e-01 0.9376
1  4.17e-03  0.5896870912  5.203469e-01 0.9376
1  4.37e-03  0.589681119  5.203469e-01 0.9376
1  4.57e-03  0.5896748566  5.203469e-01 0.9376
1  4.79e-03  0.5896682812  5.203469e-01 0.9376
1  5.01e-03  0.5896614421  5.203469e-01 0.9376
1  5.25e-03  0.5896542618  5.203469e-01 0.9376
1  5.50e-03  0.5896467135  5.203469e-01 0.9376
1  5.75e-03  0.5896388306  5.203469e-01 0.9376
1  6.03e-03  0.5896305934  5.203469e-01 0.9376
1  6.31e-03  0.5896219198  5.203469e-01 0.9376
1  6.61e-03  0.5896128952  5.203469e-01 0.9376
1  6.92e-03  0.5896034074  5.203469e-01 0.9376
1  7.24e-03  0.589593487  5.203469e-01 0.9376
1  7.59e-03  0.5895830893  5.203469e-01 0.9376
1  7.94e-03  0.5895721816  5.203469e-01 0.9376
1  8.32e-03  0.5895608035  5.203469e-01 0.9376
1  8.71e-03  0.589548839  5.203469e-01 0.9376
1  9.12e-03  0.5895363671  5.203469e-01 0.9376
1  9.55e-03  0.5895232719  5.203469e-01 0.9376
1  1.00e-02  0.5895095171  5.203469e-01 0.9376
1  1.05e-02  0.5894951899  5.203469e-01 0.9376
1  1.10e-02  0.5894801531  5.203469e-01 0.9376
1  1.15e-02  0.5894643974  5.203469e-01 0.9376
1  1.20e-02  0.5894479014  5.203469e-01 0.9376
1  1.26e-02  0.5894305813  5.203469e-01 0.9376
1  1.32e-02  0.5894125466  5.203469e-01 0.9376
1  1.38e-02  0.5893936019  5.203469e-01 0.9376
1  1.45e-02  0.5893737559  5.203469e-01 0.9376
1  1.51e-02  0.5893529493  5.203469e-01 0.9376
1  1.58e-02  0.5893312009  5.203469e-01 0.9376
1  1.66e-02  0.5893084196  5.203469e-01 0.9376
1  1.74e-02  0.5892844731  5.203469e-01 0.9376
1  1.82e-02  0.5892595314  5.203469e-01 0.9376
1  1.91e-02  0.5892332997  5.203469e-01 0.9376
1  2.00e-02  0.5892059356  5.203469e-01 0.9376
1  2.09e-02  0.5891771174  5.203469e-01 0.9376
1  2.19e-02  0.5891470704  5.203469e-01 0.9376
1  2.29e-02  0.5891155193  5.203469e-01 0.9376
1  2.40e-02  0.589082611  5.203469e-01 0.9376
1  2.51e-02  0.5890479389  5.203469e-01 0.9376
1  2.63e-02  0.5890117546  5.203469e-01 0.9376
1  2.75e-02  0.588973882  5.203469e-01 0.9376
1  2.88e-02  0.5889341939  5.203469e-01 0.9376
1  3.02e-02  0.5888924624  5.203469e-01 0.9376
1  3.16e-02  0.5888489463  5.203469e-01 0.9376
1  3.31e-02  0.58880324  5.203469e-01 0.9376
1  3.47e-02  0.5887554006  5.203469e-01 0.9376
1  3.63e-02  0.5887053431  5.203469e-01 0.9376
1  3.80e-02  0.588652813  5.203469e-01 0.9376
1  3.98e-02  0.588598021  5.203469e-01 0.9376
1  4.17e-02  0.5885403641  5.203469e-01 0.9376
1  4.37e-02  0.5884799487  5.203469e-01 0.9376
1  4.57e-02  0.5884167222  5.203469e-01 0.9376
1  4.79e-02  0.5883505773  5.203469e-01 0.9376
1  5.01e-02  0.5882813133  5.203469e-01 0.9376
1  5.25e-02  0.5882086758  5.203469e-01 0.9376
1  5.50e-02  0.58813254  5.203469e-01 0.9376
1  5.75e-02  0.5880527216  5.203469e-01 0.9376
1  6.03e-02  0.5879691436  5.203469e-01 0.9376
1  6.31e-02  0.5878814942  5.203469e-01 0.9376
1  6.61e-02  0.5877898998  5.203469e-01 0.9376
1  6.92e-02  0.5876935306  5.203469e-01 0.9376
1  7.24e-02  0.5875926918  5.203469e-01 0.9376
1  7.59e-02  0.5874870893  5.203469e-01 0.9376
1  7.94e-02  0.5873767852  5.203469e-01 0.9376
1  8.32e-02  0.5872608288  5.203469e-01 0.9376
1  8.71e-02  0.5871392547  5.203469e-01 0.9376
1  9.12e-02  0.587011539  5.203469e-01 0.9376
1  9.55e-02  0.5868782937  5.203469e-01 0.9376
1  1.00e-01  0.5867384975  5.203469e-01 0.9376
1  1.05e-01  0.5865914393  5.203469e-01 0.9376
1  1.10e-01  0.5864380048  5.203469e-01 0.9376
1  1.15e-01  0.5862768352  5.203469e-01 0.9376
1  1.20e-01  0.5861079512  5.203469e-01 0.9376
1  1.26e-01  0.5859307286  5.203469e-01 0.9376
1  1.32e-01  0.5857446497  5.203469e-01 0.9376
1  1.38e-01  0.5855502665  5.203469e-01 0.9376
1  1.45e-01  0.5853460099  5.203469e-01 0.9376
1  1.51e-01  0.5851311926  5.203469e-01 0.9376
1  1.58e-01  0.5849069681  5.203469e-01 0.9376
1  1.66e-01  0.584671544  5.203469e-01 0.9376
1  1.74e-01  0.5844243297  5.203469e-01 0.9376
1  1.82e-01  0.5841652468  5.203469e-01 0.9376
1  1.91e-01  0.5838927241  5.203469e-01 0.9376
1  2.00e-01  0.5836071702  5.203469e-01 0.9376
1  2.09e-01  0.5833079099  5.203469e-01 0.9376
1  2.19e-01  0.5829935208  5.203469e-01 0.9376
1  2.29e-01  0.5826642453  5.203469e-01 0.9376
1  2.40e-01  0.5823177955  5.203469e-01 0.9376
1  2.51e-01  0.5819556908  5.203469e-01 0.9376
1  2.63e-01  0.5815732513  5.203469e-01 0.9376
1  2.75e-01  0.5811728949  5.203469e-01 0.9376
1  2.88e-01  0.5807534471  5.203469e-01 0.9376
1  3.02e-01  0.5803125469  5.203469e-01 0.9376
1  3.16e-01  0.5798476832  5.203469e-01 0.9376
1  3.31e-01  0.5793621163  5.203469e-01 0.9376
1  3.47e-01  0.5788494005  5.203469e-01 0.9376
1  3.63e-01  0.5783124529  5.203469e-01 0.9376
1  3.80e-01  0.5777468361  5.203469e-01 0.9376
1  3.98e-01  0.5771547298  5.203469e-01 0.9376
1  4.17e-01  0.5765305677  5.203469e-01 0.9376
1  4.37e-01  0.5758738482  5.203469e-01 0.9376
1  4.57e-01  0.5751853353  5.203469e-01 0.9376
1  4.79e-01  0.5744603197  5.203469e-01 0.9376
1  5.01e-01  0.5736966708  5.203469e-01 0.9376
1  5.25e-01  0.5728948148  5.203469e-01 0.9376
1  5.50e-01  0.572050415  5.203469e-01 0.9376
1  5.75e-01  0.5711596329  5.203469e-01 0.9376
1  6.03e-01  0.5702262567  5.203469e-01 0.9376
1  6.31e-01  0.5692389833  5.203469e-01 0.9376
1  6.61e-01  0.5682014474  5.203469e-01 0.9376
1  6.92e-01  0.5671098224  5.203469e-01 0.9376
1  7.24e-01  0.5659578924  5.203469e-01 0.9376
1  7.59e-01  0.5647461165  5.203469e-01 0.9376
1  7.94e-01  0.5634703124  5.203469e-01 0.9376
1  8.32e-01  0.5621202649  5.203469e-01 0.9376
1  8.71e-01  0.5607015683  5.203469e-01 0.9376
1  9.12e-01  0.5592008527  5.203469e-01 0.9376
1  9.55e-01  0.557625179  5.203469e-01 0.9376
1  1.00e+00  0.5559586406  5.203469e-01 0.9376
1  1.05e+00  0.5541973696  5.203469e-01 0.9376
1  1.10e+00  0.5523399376  5.203469e-01 0.9376
1  1.15e+00  0.5503831092  5.203469e-01 0.9376
1  1.20e+00  0.5483134513  5.203469e-01 0.9376
1  1.26e+00  0.5461316069  5.203469e-01 0.9376
1  1.32e+00  0.5438225455  5.203469e-01 0.9376
1  1.38e+00  0.5413860711  5.203469e-01 0.9376
1  1.45e+00  0.5388169017  5.203469e-01 0.9376
1  1.51e+00  0.5361006182  5.203469e-01 0.9376
1  1.58e+00  0.5332238152  5.203469e-01 0.9376
1  1.66e+00  0.530194264  5.203469e-01 0.9376
1  1.74e+00  0.5270020196  5.203469e-01 0.9376
1  1.82e+00  0.5236246479  5.203469e-01 0.9376
1  1.91e+00  0.5200613707  5.203469e-01 0.9376
1  2.00e+00  0.5162955195  5.203469e-01 0.9376
1  2.09e+00  0.5123366922  5.203469e-01 0.9376
1  2.19e+00  0.5081595653  5.203469e-01 0.9376
1  2.29e+00  0.5037490914  5.203469e-01 0.9376
1  2.40e+00  0.4991298119  5.203469e-01 0.9376
1  2.51e+00  0.494267777  5.203469e-01 0.9376
1  2.63e+00  0.4891491919  5.203469e-01 0.9376
1  2.75e+00  0.483801732  5.203469e-01 0.9376
1  2.88e+00  0.4782084371  5.203469e-01 0.9376
1  3.02e+00  0.472346283  5.203469e-01 0.9376
1  3.16e+00  0.4662573635  5.203469e-01 0.9376
1  3.31e+00  0.4599215684  5.203469e-01 0.9376
1  3.47e+00  0.4533424831  5.203469e-01 0.9376
1  3.63e+00  0.4465392003  5.203469e-01 0.9376
1  3.80e+00  0.4395498314  5.203469e-01 0.9376
1  3.98e+00  0.4323674691  5.203469e-01 0.9376
1  4.17e+00  0.4249980325  5.203469e-01 0.9376
1  4.37e+00  0.4175239461  5.203469e-01 0.9376
1  4.57e+00  0.409932404  5.203469e-01 0.9376
1  4.79e+00  0.4023043191  5.203469e-01 0.9376
1  5.01e+00  0.3946150361  5.203469e-01 0.9376
1  5.25e+00  0.3869700617  5.203469e-01 0.9376
1  5.50e+00  0.3793741776  5.203469e-01 0.9376
1  5.75e+00  0.3718823672  5.203469e-01 0.9376
1  6.03e+00  0.3645279542  5.203469e-01 0.9376
1  6.31e+00  0.3573523564  5.203469e-01 0.9376
1  6.61e+00  0.350378586  5.203469e-01 0.9376
1  6.92e+00  0.3436931767  5.203469e-01 0.9376
1  7.24e+00  0.3372527978  5.203469e-01 0.9376
1  7.59e+00  0.3311234151  5.203469e-01 0.9376
1  7.94e+00  0.3253143226  5.203469e-01 0.9376
1  8.32e+00  0.3198126738  5.203469e-01 0.9376
1  8.71e+00  0.3146430213  5.203469e-01 0.9376
1  9.12e+00  0.3098243434  5.203469e-01 0.9376
1  9.55e+00  0.3053265417  5.203469e-01 0.9376
1  1.00e+01  0.3011368514  5.203469e-01 0.9376
1  1.05e+01  0.2972719291  5.203469e-01 0.9376
1  1.10e+01  0.2937118877  5.203469e-01 0.9376
1  1.15e+01  0.2904503884  5.203469e-01 0.9376
1  1.20e+01  0.2873818136  5.203469e-01 0.9376
1  1.26e+01  0.2846876834  5.203469e-01 0.9376
1  1.32e+01  0.2821342271  5.203469e-01 0.9376
1  1.38e+01  0.2798078948  5.203469e-01 0.9376
1  1.45e+01  0.277717017  5.203469e-01 0.9376
1  1.51e+01  0.2757775226  5.203469e-01 0.9376
1  1.58e+01  0.274026401  5.203469e-01 0.9376
1  1.66e+01  0.2724187733  5.203469e-01 0.9376
1  1.74e+01  0.2709723096  5.203469e-01 0.9376
1  1.82e+01  0.2696256534  5.203469e-01 0.9376
1  1.91e+01  0.2684131146  5.203469e-01 0.9376
1  2.00e+01  0.2673146178  5.203469e-01 0.9376
1  2.09e+01  0.266306836  5.203469e-01 0.9376
1  2.19e+01  0.265376284  5.203469e-01 0.9376
1  2.29e+01  0.2645084546  5.203469e-01 0.9376
1  2.40e+01  0.2637162234  5.203469e-01 0.9376
1  2.51e+01  0.2629792796  5.203469e-01 0.9376
1  2.63e+01  0.2623284858  5.203469e-01 0.9376
1  2.75e+01  0.2616872357  5.203469e-01 0.9376
1  2.88e+01  0.2611201433  5.203469e-01 0.9376
1  3.02e+01  0.2605623973  5.203469e-01 0.9376
1  3.16e+01  0.2600542774  5.203469e-01 0.9376
1  3.31e+01  0.259546066  5.203469e-01 0.9376
1  3.47e+01  0.2590773364  5.203469e-01 0.9376
1  3.63e+01  0.2586177597  5.203469e-01 0.9376
1  3.80e+01  0.258192038  5.203469e-01 0.9376
1  3.98e+01  0.2577363196  5.203469e-01 0.9376
1  4.17e+01  0.2573331077  5.203469e-01 0.9376
1  4.37e+01  0.2568980611  5.203469e-01 0.9376
1  4.57e+01  0.2564557423  5.203469e-01 0.9376
1  4.79e+01  0.256023065  5.203469e-01 0.9376
1  5.01e+01  0.2555965516  5.203469e-01 0.9376
1  5.25e+01  0.2551064105  5.203469e-01 0.9376
1  5.50e+01  0.2546193231  5.203469e-01 0.9376
1  5.75e+01  0.2541287459  5.203469e-01 0.9376
1  6.03e+01  0.2535630056  5.203469e-01 0.9376
1  6.31e+01  0.252986664  5.203469e-01 0.9376
1  6.61e+01  0.2523536851  5.203469e-01 0.9376
1  6.92e+01  0.2516553768  5.203469e-01 0.9376
1  7.24e+01  0.2509207753  5.203469e-01 0.9376
1  7.59e+01  0.2500692923  5.203469e-01 0.9376
1  7.94e+01  0.2491375826  5.203469e-01 0.9376
1  8.32e+01  0.2480639742  5.203469e-01 0.9376
1  8.71e+01  0.2468685183  5.203469e-01 0.9376
1  9.12e+01  0.2455053524  5.203469e-01 0.9376
1  9.55e+01  0.2439301335  5.203469e-01 0.9376
1  1.00e+02  0.2421004914  5.203469e-01 0.9376
1  1.05e+02  0.2399434235  5.203469e-01 0.9376
1  1.10e+02  0.237421861  5.203469e-01 0.9376
1  1.15e+02  0.2343974772  5.203469e-01 0.9376
1  1.20e+02  0.230786324  5.203469e-01 0.9376
1  1.26e+02  0.2264106967  5.203469e-01 0.9376
1  1.32e+02  0.2210572767  5.203469e-01 0.9376
1  1.38e+02  0.2145277882  5.203469e-01 0.9376
1  1.45e+02  0.2065253684  5.203469e-01 0.9376
1  1.51e+02  0.1967300648  5.203469e-01 0.9376
1  1.58e+02  0.184891194  5.203469e-01 0.9376
1  1.66e+02  0.170894865  5.203469e-01 0.9376
1  1.74e+02  0.1549232334  5.203469e-01 0.9376
1  1.82e+02  0.1375768225  5.203469e-01 0.9376
1  1.91e+02  0.1198506359  5.203469e-01 0.9376
1  2.00e+02  0.1029030893  5.203469e-01 0.9376
1  2.09e+02  0.0876793485  5.203469e-01 0.9376
1  2.19e+02  0.07474836689  5.203469e-01 0.9376
1  2.29e+02  0.06418505928  5.203469e-01 0.9376
1  2.40e+02  0.05579268177  5.203469e-01 0.9376
1  2.51e+02  0.04921236862  5.203469e-01 0.9376
1  2.63e+02  0.04408643135  5.203469e-01 0.9376
1  2.75e+02  0.04009253354  5.203469e-01 0.9376
1  2.88e+02  0.03698038172  5.203469e-01 0.9376
1  3.02e+02  0.0345248077  5.203469e-01 0.9376
1  3.16e+02  0.03258639267  5.203469e-01 0.9376
1  3.31e+02  0.03104123609  5.203469e-01 0.9376
1  3.47e+02  0.02979306588  5.203469e-01 0.9376
1  3.63e+02  0.02878304423  5.203469e-01 0.9376
1  3.80e+02  0.02795711751  5.203469e-01 0.9376
1  3.98e+02  0.02727853599  5.203469e-01 0.9376
1  4.17e+02  0.02671841876  5.203469e-01 0.9376
1  4.37e+02  0.02624816194  5.203469e-01 0.9376
1  4.57e+02  0.02585631249  5.203469e-01 0.9376
1  4.79e+02  0.02552527764  5.203469e-01 0.9376
1  5.01e+02  0.02524547903  5.203469e-01 0.9376
1  5.25e+02  0.02500757559  5.203469e-01 0.9376
1  5.50e+02  0.02480339621  5.203469e-01 0.9376
1  5.75e+02  0.02463040174  5.203469e-01 0.9376
1  6.03e+02  0.02448132889  5.203469e-01 0.9376
1  6.31e+02  0.02435194772  5.203469e-01 0.9376
1  6.61e+02  0.02423857881  5.203469e-01 0.9376
1  6.92e+02  0.02414083167  5.203469e-01 0.9376
1  7.24e+02  0.02405663633  5.203469e-01 0.9376
1  7.59e+02  0.02398160182  5.203469e-01 0.9376
1  7.94e+02  0.02391820935  5.203469e-01 0.9376
1  8.32e+02  0.02385926974  5.203469e-01 0.9376
1  8.71e+02  0.02380920578  5.203469e-01 0.9376
1  9.12e+02  0.02376491758  5.203469e-01 0.9376
1  9.55e+02  0.02372664017  5.203469e-01 0.9376
1  1.00e+03  0.0236912743  5.203469e-01 0.9376
1  1.05e+03  0.02366105688  5.203469e-01 0.9376
1  1.10e+03  0.02363377143  5.203469e-01 0.9376
1  1.15e+03  0.02360994774  5.203469e-01 0.9376
1  1.20e+03  0.02358766645  5.203469e-01 0.9376
1  1.26e+03  0.02356963655  5.203469e-01 0.9376
1  1.32e+03  0.02355162565  5.203469e-01 0.9376
1  1.38e+03  0.02353720598  5.203469e-01 0.9376
1  1.45e+03  0.02352372221  5.203469e-01 0.9376
1  1.51e+03  0.0235118857  5.203469e-01 0.9376
1  1.58e+03  0.02349955963  5.203469e-01 0.9376
1  1.66e+03  0.023489835  5.203469e-01 0.9376
1  1.74e+03  0.02348104142  5.203469e-01 0.9376
1  1.82e+03  0.02347298043  5.203469e-01 0.9376
1  1.91e+03  0.0234659547  5.203469e-01 0.9376
1  2.00e+03  0.02345953174  5.203469e-01 0.9376
1  2.09e+03  0.02345373707  5.203469e-01 0.9376
1  2.19e+03  0.02344934731  5.203469e-01 0.9376
1  2.29e+03  0.02344419772  5.203469e-01 0.9376
1  2.40e+03  0.02343980833  5.203469e-01 0.9376
1  2.51e+03  0.02343668308  5.203469e-01 0.9376
1  2.63e+03  0.02343260851  5.203469e-01 0.9376
1  2.75e+03  0.02343053468  5.203469e-01 0.9376
1  2.88e+03  0.02342717915  5.203469e-01 0.9376
1  3.02e+03  0.02342487595  5.203469e-01 0.9376
1  3.16e+03  0.02342350689  5.203469e-01 0.9376
1  3.31e+03  0.02342043386  5.203469e-01 0.9376
1  3.47e+03  0.02341987816  5.203469e-01 0.9376
1  3.63e+03  0.02341725787  5.203469e-01 0.9376
1  3.80e+03  0.02341612477  5.203469e-01 0.9376
1  3.98e+03  0.02341442055  5.203469e-01 0.9376
1  4.17e+03  0.02341504961  5.203469e-01 0.9376
1  4.37e+03  0.02341569563  5.203469e-01 0.9376
1  4.57e+03  0.02341305997  5.203469e-01 0.9376
1  4.79e+03  0.02341760914  5.203469e-01 0.9376
1  5.01e+03  0.0234149152  5.203469e-01 0.9376
1  5.25e+03  0.02340435611  5.203469e-01 0.9376
1  5.50e+03  0.0234024245  5.203469e-01 0.9376
1  5.75e+03  0.02342761248  5.203469e-01 0.9376
1  6.03e+03  0.02341971843  5.203469e-01 0.9376
1  6.31e+03  0.02341258009  5.203469e-01 0.9376
1  6.61e+03  0.02345426691  5.203469e-01 0.9376
1  6.92e+03  0.02342637886  5.203469e-01 0.9376
1  7.24e+03  0.02348383445  5.203469e-01 0.9376
1  7.59e+03  0.02351186825  5.203469e-01 0.9376
1  7.94e+03  0.02349866635  5.203469e-01 0.9376
1  8.32e+03  0.0236269022  5.203469e-01 0.9376
1  8.71e+03  0.02371883882  5.203469e-01 0.9376
1  9.12e+03  0.02375491564  5.203469e-01 0.9376
1  9.55e+03  0.02385810855  5.203469e-01 0.9376
1  1.00e+04  0.02407408135  5.203469e-01 0.9376
1  1.05e+04  0.02434734938  5.203469e-01 0.9376
1  1.10e+04  0.02473306144  5.203469e-01 0.9376
1  1.15e+04  0.02511975324  5.203469e-01 0.9376
1  1.20e+04  0.02569312432  5.203469e-01 0.9376
1  1.26e+04  0.0262849811  5.203469e-01 0.9376
1  1.32e+04  0.02693065946  5.203469e-01 0.9376
1  1.38e+04  0.0277606133  5.203469e-01 0.9376
1  1.45e+04  0.02887695666  5.203469e-01 0.9376
1  1.51e+04  0.03038837442  5.203469e-01 0.9376
1  1.58e+04  0.03216998122  5.203469e-01 0.9376
1  1.66e+04  0.03392981646  5.203469e-01 0.9376
1  1.74e+04  0.03567291709  5.203469e-01 0.9376
1  1.82e+04  0.03793311802  5.203469e-01 0.9376
1  1.91e+04  0.04106520986  5.203469e-01 0.9376
1  2.00e+04  0.04418423569  5.203469e-01 0.9376
1  2.09e+04  0.04731738738  5.203469e-01 0.9376
1  2.19e+04  0.05120652552  5.203469e-01 0.9376
1  2.29e+04  0.05527273823  5.203469e-01 0.9376
1  2.40e+04  0.06005535485  5.203469e-01 0.9376
1  2.51e+04  0.06453764738  5.203469e-01 0.9376
1  2.63e+04  0.07043750549  5.203469e-01 0.9376
1  2.75e+04  0.0754764149  5.203469e-01 0.9376
1  2.88e+04  0.08227681381  5.203469e-01 0.9376
1  3.02e+04  0.08808193117  5.203469e-01 0.9376
1  3.16e+04  0.09534729596  5.203469e-01 0.9376
1  3.31e+04  0.1026243006  5.203469e-01 0.9376
1  3.47e+04  0.1093546827  5.203469e-01 0.9376
1  3.63e+04  0.1184225088  5.203469e-01 0.9376
1  3.80e+04  0.1259175297  5.203469e-01 0.9376
1  3.98e+04  0.1333971088  5.203469e-01 0.9376
1  4.17e+04  0.144134359  5.203469e-01 0.9376
1  4.37e+04  0.1523376556  5.203469e-01 0.9376
1  4.57e+04  0.159458791  5.203469e-01 0.9376
1  4.79e+04  0.1706538662  5.203469e-01 0.9376
1  5.01e+04  0.1816168771  5.203469e-01 0.9376
1  5.25e+04  0.1892282803  5.203469e-01 0.9376
1  5.50e+04  0.1974176883  5.203469e-01 0.9376
1  5.75e+04  0.2084217532  5.203469e-01 0.9376
1  6.03e+04  0.2201390615  5.203469e-01 0.9376
1  6.31e+04  0.2304160937  5.203469e-01 0.9376
1  6.61e+04  0.2389524401  5.203469e-01 0.9376
1  6.92e+04  0.2469066938  5.203469e-01 0.9376
1  7.24e+04  0.2560260149  5.203469e-01 0.9376
1  7.59e+04  0.2671724189  5.203469e-01 0.9376
1  7.94e+04  0.2793485153  5.203469e-01 0.9376
1  8.32e+04  0.2906169606  5.203469e-01 0.9376
1  8.71e+04  0.2998552459  5.203469e-01 0.9376
1  9.12e+04  0.3074266497  5.203469e-01 0.9376
1  9.55e+04  0.3145177765  5.203469e-01 0.9376
1  1.00e+05  0.3221704993  5.203469e-01 0.9376
1  1.05e+05  0.3308278828  5.203469e-01 0.9376
1  1.10e+05  0.3404264876  5.203469e-01 0.9376
1  1.15e+05  0.3506492309  5.203469e-01 0.9376
1  1.20e+05  0.361081607  5.203469e-01 0.9376
1  1.26e+05  0.3712810694  5.203469e-01 0.9376
1  1.32e+05  0.3808460995  5.203469e-01 0.9376
1  1.38e+05  0.3894994393  5.203469e-01 0.9376
1  1.45e+05  0.3971435188  5.203469e-01 0.9376
1  1.51e+05  0.4038578451  5.203469e-01 0.9376
1  1.58e+05  0.4098459672  5.203469e-01 0.9376
1  1.66e+05  0.4153621033  5.203469e-01 0.9376
1  1.74e+05  0.4206468262  5.203469e-01 0.9376
1  1.82e+05  0.425887865  5.203469e-01 0.9376
1  1.91e+05  0.4312075756  5.203469e-01 0.9376
1  2.00e+05  0.436669342  5.203469e-01 0.9376
1  2.09e+05  0.4422925301  5.203469e-01 0.9376
1  2.19e+05  0.448067816  5.203469e-01 0.9376
1  2.29e+05  0.4539687804  5.203469e-01 0.9376
1  2.40e+05  0.4599591546  5.203469e-01 0.9376
1  2.51e+05  0.4659969699  5.203469e-01 0.9376
1  2.63e+05  0.472037198  5.203469e-01 0.9376
1  2.75e+05  0.4780339675  5.203469e-01 0.9376
1  2.88e+05  0.4839427586  5.203469e-01 0.9376
1  3.02e+05  0.4897225014  5.203469e-01 0.9376
1  3.16e+05  0.4953373186  5.203469e-01 0.9376
1  3.31e+05  0.500757695  5.203469e-01 0.9376
1  3.47e+05  0.5059609917  5.203469e-01 0.9376
1  3.63e+05  0.5109313603  5.203469e-01 0.9376
1  3.80e+05  0.5156591986  5.203469e-01 0.9376
1  3.98e+05  0.5201403227  5.203469e-01 0.9376
1  4.17e+05  0.5243750139  5.203469e-01 0.9376
1  4.37e+05  0.5283670659  5.203469e-01 0.9376
1  4.57e+05  0.5321229111  5.203469e-01 0.9376
1  4.79e+05  0.5356508683  5.203469e-01 0.9376
1  5.01e+05  0.5389605265  5.203469e-01 0.9376
1  5.25e+05  0.5420622557  5.203469e-01 0.9376
1  5.50e+05  0.5449668335  5.203469e-01 0.9376
1  5.75e+05  0.5476851641  5.203469e-01 0.9376
1  6.03e+05  0.5502280734  5.203469e-01 0.9376
1  6.31e+05  0.552606162  5.203469e-01 0.9376
1  6.61e+05  0.5548297018  5.203469e-01 0.9376
1  6.92e+05  0.5569085665  5.203469e-01 0.9376
1  7.24e+05  0.5588521859  5.203469e-01 0.9376
1  7.59e+05  0.5606695188  5.203469e-01 0.9376
1  7.94e+05  0.5623690404  5.203469e-01 0.9376
1  8.32e+05  0.5639587386  5.203469e-01 0.9376
1  8.71e+05  0.5654461192  5.203469e-01 0.9376
1  9.12e+05  0.5668382165  5.203469e-01 0.9376
1  9.55e+05  0.5681416075  5.203469e-01 0.9376
1  1.00e+06  0.5693624303  5.203469e-01 0.9376
1  1.05e+06  0.5705064036  5.203469e-01 0.9376
1  1.10e+06  0.5715788481  5.203469e-01 0.9376
1  1.15e+06  0.5725847087  5.203469e-01 0.9376
1  1.20e+06  0.5735285761  5.203469e-01 0.9376
1  1.26e+06  0.5744147098  5.203469e-01 0.9376
1  1.32e+06  0.5752470591  5.203469e-01 0.9376
1  1.38e+06  0.5760292842  5.203469e-01 0.9376
1  1.45e+06  0.576764777  5.203469e-01 0.9376
1  1.51e+06  0.5774566796  5.203469e-01 0.9376
1  1.58e+06  0.5781079028  5.203469e-01 0.9376
1  1.66e+06  0.5787211438  5.203469e-01 0.9376
1  1.74e+06  0.5792989016  5.203469e-01 0.9376
1  1.82e+06  0.5798434928  5.203469e-01 0.9376
1  1.91e+06  0.5803570673  5.203469e-01 0.9376
1  2.00e+06  0.5808416135  5.203469e-01 0.9376
1  2.09e+06  0.5812989796  5.203469e-01 0.9376
1  2.19e+06  0.581730881  5.203469e-01 0.9376
1  2.29e+06  0.5821389117  5.203469e-01 0.9376
1  2.40e+06  0.5825245522  5.203469e-01 0.9376
1  2.51e+06  0.5828891792  5.203469e-01 0.9376
1  2.63e+06  0.583234074  5.203469e-01 0.9376
1  2.75e+06  0.5835604287  5.203469e-01 0.9376
1  2.88e+06  0.5838693542  5.203469e-01 0.9376
1  3.02e+06  0.5841618855  5.203469e-01 0.9376
1  3.16e+06  0.5844389884  5.203469e-01 0.9376
1  3.31e+06  0.5847015641  5.203469e-01 0.9376
1  3.47e+06  0.584950454  5.203469e-01 0.9376
1  3.63e+06  0.5851864442  5.203469e-01 0.9376
1  3.80e+06  0.5854102704  5.203469e-01 0.9376
1  3.98e+06  0.5856226202  5.203469e-01 0.9376
1  4.17e+06  0.5858241379  5.203469e-01 0.9376
1  4.37e+06  0.5860154266  5.203469e-01 0.9376
1  4.57e+06  0.5861970522  5.203469e-01 0.9376
1  4.79e+06  0.5863695449  5.203469e-01 0.9376
1  5.01e+06  0.5865334028  5.203469e-01 0.9376
1  5.25e+06  0.5866890932  5.203469e-01 0.9376
1  5.50e+06  0.5868370555  5.203469e-01 0.9376
1  5.75e+06  0.5869777026  5.203469e-01 0.9376
1  6.03e+06  0.5871114229  5.203469e-01 0.9376
1  6.31e+06  0.587238582  5.203469e-01 0.9376
1  6.61e+06  0.5873595241  5.203469e-01 0.9376
1  6.92e+06  0.5874745734  5.203469e-01 0.9376
1  7.24e+06  0.5875840356  5.203469e-01 0.9376
1  7.59e+06  0.587688199  5.203469e-01 0.9376
1  7.94e+06  0.5877873353  5.203469e-01 0.9376
1  8.32e+06  0.5878817013  5.203469e-01 0.9376
1  8.71e+06  0.5879715394  5.203469e-01 0.9376
1  9.12e+06  0.5880570784  5.203469e-01 0.9376
1  9.55e+06  0.5881385348  5.203469e-01 0.9376
1  1.00e+07  0.5882161131  5.203469e-01 0.9376
