1  1.00e-03  0.6017034313  5.079154e-01 0.9152
1  1.05e-03  0.6017020418  5.079154e-01 0.9152
1  1.10e-03  0.6017004512  5.079154e-01 0.9152
1  1.15e-03  0.6016988368  5.079154e-01 0.9152
1  1.20e-03  0.6016972011  5.079154e-01 0.9152
1  1.26e-03  0.6016954139  5.079154e-01 0.9152
1  1.32e-03  0.6016934772  5.079154e-01 0.9152
1  1.38e-03  0.6016915572  5.079154e-01 0.9152
1  1.45e-03  0.6016895281  5.079154e-01 0.9152
1  1.51e-03  0.6016874574  5.079154e-01 0.9152
1  1.58e-03  0.6016852366  5.079154e-01 0.9152
1  1.66e-03  0.6016828679  5.079154e-01 0.9152
1  1.74e-03  0.6016804487  5.079154e-01 0.9152
1  1.82e-03  0.6016778911  5.079154e-01 0.9152
1  1.91e-03  0.6016752925  5.079154e-01 0.9152
1  2.00e-03  0.6016725034  5.079154e-01 0.9152
1  2.09e-03  0.6016695155  5.079154e-01 0.9152
1  2.19e-03  0.6016664605  5.079154e-01 0.9152
1  2.29e-03  0.6016632653  5.079154e-01 0.9152
1  2.40e-03  0.6016599126  5.079154e-01 0.9152
1  2.51e-03  0.6016563973  5.079154e-01 0.9152
1  2.63e-03  0.6016527025  5.079154e-01 0.9152
1  2.75e-03  0.6016488645  5.079154e-01 0.9152
1  2.88e-03  0.6016448306  5.079154e-01 0.9152
1  3.02e-03  0.6016406028  5.079154e-01 0.9152
1  3.16e-03  0.6016361982  5.079154e-01 0.9152
1  3.31e-03  0.6016315474  5.079154e-01 0.9152
1  3.47e-03  0.6016267111  5.079154e-01 0.9152
1  3.63e-03  0.6016216483  5.079154e-01 0.9152
1  3.80e-03  0.601616318  5.079154e-01 0.9152
1  3.98e-03  0.6016107278  5.079154e-01 0.9152
1  4.17e-03  0.6016049006  5.079154e-01 0.9152
1  4.37e-03  0.6015987862  5.079154e-01 0.9152
1  4.57e-03  0.6015923913  5.079154e-01 0.9152
1  4.79e-03  0.6015856938  5.079154e-01 0.9152
1  5.01e-03  0.6015786953  5.079154e-01 0.9152
1  5.25e-03  0.6015713293  5.079154e-01 0.9152
1  5.50e-03  0.6015636315  5.079154e-01 0.9152
1  5.75e-03  0.6015555659  5.079154e-01 0.9152
1  6.03e-03  0.6015471336  5.079154e-01 0.9152
1  6.31e-03  0.6015383058  5.079154e-01 0.9152
1  6.61e-03  0.6015290455  5.079154e-01 0.9152
1  6.92e-03  0.6015193491  5.079154e-01 0.9152
1  7.24e-03  0.601509195  5.079154e-01 0.9152
1  7.59e-03  0.6014985889  5.079154e-01 0.9152
1  7.94e-03  0.6014874402  5.079154e-01 0.9152
1  8.32e-03  0.601475796  5.079154e-01 0.9152
1  8.71e-03  0.6014636119  5.079154e-01 0.9152
1  9.12e-03  0.6014508038  5.079154e-01 0.9152
1  9.55e-03  0.6014374036  5.079154e-01 0.9152
1  1.00e-02  0.6014234198  5.079154e-01 0.9152
1  1.05e-02  0.6014086922  5.079154e-01 0.9152
1  1.10e-02  0.6013933495  5.079154e-01 0.9152
1  1.15e-02  0.6013772106  5.079154e-01 0.9152
1  1.20e-02  0.6013603444  5.079154e-01 0.9152
1  1.26e-02  0.6013427236  5.079154e-01 0.9152
1  1.32e-02  0.6013242097  5.079154e-01 0.9152
1  1.38e-02  0.6013048191  5.079154e-01 0.9152
1  1.45e-02  0.6012845581  5.079154e-01 0.9152
1  1.51e-02  0.6012633348  5.079154e-01 0.9152
1  1.58e-02  0.6012410678  5.079154e-01 0.9152
1  1.66e-02  0.6012177236  5.079154e-01 0.9152
1  1.74e-02  0.6011933699  5.079154e-01 0.9152
1  1.82e-02  0.601167794  5.079154e-01 0.9152
1  1.91e-02  0.6011409729  5.079154e-01 0.9152
1  2.00e-02  0.6011129304  5.079154e-01 0.9152
1  2.09e-02  0.6010836164  5.079154e-01 0.9152
1  2.19e-02  0.6010528766  5.079154e-01 0.9152
1  2.29e-02  0.6010206451  5.079154e-01 0.9152
1  2.40e-02  0.6009868623  5.079154e-01 0.9152
1  2.51e-02  0.6009515173  5.079154e-01 0.9152
1  2.63e-02  0.6009144525  5.079154e-01 0.9152
1  2.75e-02  0.6008756445  5.079154e-01 0.9152
1  2.88e-02  0.6008350969  5.079154e-01 0.9152
1  3.02e-02  0.6007925455  5.079154e-01 0.9152
1  3.16e-02  0.6007480364  5.079154e-01 0.9152
1  3.31e-02  0.6007013601  5.079154e-01 0.9152
1  3.47e-02  0.6006524496  5.079154e-01 0.9152
1  3.63e-02  0.6006012388  5.079154e-01 0.9152
1  3.80e-02  0.6005475292  5.079154e-01 0.9152
1  3.98e-02  0.6004912545  5.079154e-01 0.9152
1  4.17e-02  0.600432284  5.079154e-01 0.9152
1  4.37e-02  0.6003707756  5.079154e-01 0.9152
1  4.57e-02  0.6003061091  5.079154e-01 0.9152
1  4.79e-02  0.6002382487  5.079154e-01 0.9152
1  5.01e-02  0.600167263  5.079154e-01 0.9152
1  5.25e-02  0.6000929374  5.079154e-01 0.9152
1  5.50e-02  0.6000152177  5.079154e-01 0.9152
1  5.75e-02  0.5999336729  5.079154e-01 0.9152
1  6.03e-02  0.5998481766  5.079154e-01 0.9152
1  6.31e-02  0.5997583576  5.079154e-01 0.9152
1  6.61e-02  0.599664492  5.079154e-01 0.9152
1  6.92e-02  0.5995661257  5.079154e-01 0.9152
1  7.24e-02  0.5994632555  5.079154e-01 0.9152
1  7.59e-02  0.5993551332  5.079154e-01 0.9152
1  7.94e-02  0.599241875  5.079154e-01 0.9152
1  8.32e-02  0.5991231033  5.079154e-01 0.9152
1  8.71e-02  0.5989989528  5.079154e-01 0.9152
1  9.12e-02  0.5988686362  5.079154e-01 0.9152
1  9.55e-02  0.5987316491  5.079154e-01 0.9152
1  1.00e-01  0.5985887078  5.079154e-01 0.9152
1  1.05e-01  0.5984387286  5.079154e-01 0.9152
1  1.10e-01  0.5982808715  5.079154e-01 0.9152
1  1.15e-01  0.598115858  5.079154e-01 0.9152
1  1.20e-01  0.5979430283  5.079154e-01 0.9152
1  1.26e-01  0.5977618191  5.079154e-01 0.9152
1  1.32e-01  0.5975718067  5.079154e-01 0.9152
1  1.38e-01  0.5973719798  5.079154e-01 0.9152
1  1.45e-01  0.5971628927  5.079154e-01 0.9152
1  1.51e-01  0.5969433587  5.079154e-01 0.9152
1  1.58e-01  0.5967137126  5.079154e-01 0.9152
1  1.66e-01  0.5964717369  5.079154e-01 0.9152
1  1.74e-01  0.5962191462  5.079154e-01 0.9152
1  1.82e-01  0.5959529876  5.079154e-01 0.9152
1  1.91e-01  0.5956741465  5.079154e-01 0.9152
1  2.00e-01  0.5953824074  5.079154e-01 0.9152
1  2.09e-01  0.5950748742  5.079154e-01 0.9152
1  2.19e-01  0.5947531756  5.079154e-01 0.9152
1  2.29e-01  0.5944146761  5.079154e-01 0.9152
1  2.40e-01  0.5940601881  5.079154e-01 0.9152
1  2.51e-01  0.5936878441  5.079154e-01 0.9152
1  2.63e-01  0.5932965993  5.079154e-01 0.9152
1  2.75e-01  0.5928860265  5.079154e-01 0.9152
1  2.88e-01  0.5924542707  5.079154e-01 0.9152
1  3.02e-01  0.5920019855  5.079154e-01 0.9152
1  3.16e-01  0.5915264586  5.079154e-01 0.9152
1  3.31e-01  0.5910265091  5.079154e-01 0.9152
1  3.47e-01  0.5905001151  5.079154e-01 0.9152
1  3.63e-01  0.5899480357  5.079154e-01 0.9152
1  3.80e-01  0.5893679937  5.079154e-01 0.9152
1  3.98e-01  0.5887595453  5.079154e-01 0.9152
1  4.17e-01  0.5881183688  5.079154e-01 0.9152
1  4.37e-01  0.5874436806  5.079154e-01 0.9152
1  4.57e-01  0.5867332407  5.079154e-01 0.9152
1  4.79e-01  0.5859881947  5.079154e-01 0.9152
1  5.01e-01  0.5852013782  5.079154e-01 0.9152
1  5.25e-01  0.5843760431  5.079154e-01 0.9152
1  5.50e-01  0.5835072669  5.079154e-01 0.9152
1  5.75e-01  0.5825890373  5.079154e-01 0.9152
1  6.03e-01  0.5816273695  5.079154e-01 0.9152
1  6.31e-01  0.5806107701  5.079154e-01 0.9152
1  6.61e-01  0.5795388967  5.079154e-01 0.9152
1  6.92e-01  0.5784117209  5.079154e-01 0.9152
1  7.24e-01  0.5772240321  5.079154e-01 0.9152
1  7.59e-01  0.5759722318  5.079154e-01 0.9152
1  7.94e-01  0.5746518273  5.079154e-01 0.9152
1  8.32e-01  0.5732555597  5.079154e-01 0.9152
1  8.71e-01  0.5717877782  5.079154e-01 0.9152
1  9.12e-01  0.570233662  5.079154e-01 0.9152
1  9.55e-01  0.5686005662  5.079154e-01 0.9152
1  1.00e+00  0.5668723772  5.079154e-01 0.9152
1  1.05e+00  0.5650428921  5.079154e-01 0.9152
1  1.10e+00  0.5631154339  5.079154e-01 0.9152
1  1.15e+00  0.5610812928  5.079154e-01 0.9152
1  1.20e+00  0.5589281799  5.079154e-01 0.9152
1  1.26e+00  0.5566539201  5.079154e-01 0.9152
1  1.32e+00  0.5542457174  5.079154e-01 0.9152
1  1.38e+00  0.5517066828  5.079154e-01 0.9152
1  1.45e+00  0.5490210103  5.079154e-01 0.9152
1  1.51e+00  0.5461762972  5.079154e-01 0.9152
1  1.58e+00  0.5431678835  5.079154e-01 0.9152
1  1.66e+00  0.539988509  5.079154e-01 0.9152
1  1.74e+00  0.5366361159  5.079154e-01 0.9152
1  1.82e+00  0.5330785255  5.079154e-01 0.9152
1  1.91e+00  0.5293255155  5.079154e-01 0.9152
1  2.00e+00  0.5253650124  5.079154e-01 0.9152
1  2.09e+00  0.5211669504  5.079154e-01 0.9152
1  2.19e+00  0.5167557353  5.079154e-01 0.9152
1  2.29e+00  0.5120834087  5.079154e-01 0.9152
1  2.40e+00  0.5071588374  5.079154e-01 0.9152
1  2.51e+00  0.5019939312  5.079154e-01 0.9152
1  2.63e+00  0.4965469578  5.079154e-01 0.9152
1  2.75e+00  0.4908255123  5.079154e-01 0.9152
1  2.88e+00  0.4848130768  5.079154e-01 0.9152
1  3.02e+00  0.4785453873  5.079154e-01 0.9152
1  3.16e+00  0.4719774866  5.079154e-01 0.9152
1  3.31e+00  0.4651398745  5.079154e-01 0.9152
1  3.47e+00  0.4580450889  5.079154e-01 0.9152
1  3.63e+00  0.4506938284  5.079154e-01 0.9152
1  3.80e+00  0.443082991  5.079154e-01 0.9152
1  3.98e+00  0.4352613339  5.079154e-01 0.9152
1  4.17e+00  0.4272747388  5.079154e-01 0.9152
1  4.37e+00  0.4190995502  5.079154e-01 0.9152
1  4.57e+00  0.4108177355  5.079154e-01 0.9152
1  4.79e+00  0.4024252895  5.079154e-01 0.9152
1  5.01e+00  0.3940334408  5.079154e-01 0.9152
1  5.25e+00  0.3856147537  5.079154e-01 0.9152
1  5.50e+00  0.3772790401  5.079154e-01 0.9152
1  5.75e+00  0.3690342431  5.079154e-01 0.9152
1  6.03e+00  0.3609573705  5.079154e-01 0.9152
1  6.31e+00  0.353072683  5.079154e-01 0.9152
1  6.61e+00  0.3454572109  5.079154e-01 0.9152
1  6.92e+00  0.3380984638  5.079154e-01 0.9152
1  7.24e+00  0.3310319936  5.079154e-01 0.9152
1  7.59e+00  0.324331942  5.079154e-01 0.9152
1  7.94e+00  0.317973382  5.079154e-01 0.9152
1  8.32e+00  0.3119610609  5.079154e-01 0.9152
1  8.71e+00  0.3063436067  5.079154e-01 0.9152
1  9.12e+00  0.301094825  5.079154e-01 0.9152
1  9.55e+00  0.2962281025  5.079154e-01 0.9152
1  1.00e+01  0.2917132962  5.079154e-01 0.9152
1  1.05e+01  0.2875332739  5.079154e-01 0.9152
1  1.10e+01  0.2836874892  5.079154e-01 0.9152
1  1.15e+01  0.2801649833  5.079154e-01 0.9152
1  1.20e+01  0.2769095726  5.079154e-01 0.9152
1  1.26e+01  0.2739889352  5.079154e-01 0.9152
1  1.32e+01  0.2712639369  5.079154e-01 0.9152
1  1.38e+01  0.2687623635  5.079154e-01 0.9152
1  1.45e+01  0.2665401196  5.079154e-01 0.9152
1  1.51e+01  0.2644985527  5.079154e-01 0.9152
1  1.58e+01  0.2626561462  5.079154e-01 0.9152
1  1.66e+01  0.2609515559  5.079154e-01 0.9152
1  1.74e+01  0.2594404109  5.079154e-01 0.9152
1  1.82e+01  0.2580433835  5.079154e-01 0.9152
1  1.91e+01  0.2567531732  5.079154e-01 0.9152
1  2.00e+01  0.2555856107  5.079154e-01 0.9152
1  2.09e+01  0.2545495708  5.079154e-01 0.9152
1  2.19e+01  0.2535853901  5.079154e-01 0.9152
1  2.29e+01  0.2526985813  5.079154e-01 0.9152
1  2.40e+01  0.2518625495  5.079154e-01 0.9152
1  2.51e+01  0.2511337332  5.079154e-01 0.9152
1  2.63e+01  0.250434046  5.079154e-01 0.9152
1  2.75e+01  0.2497915708  5.079154e-01 0.9152
1  2.88e+01  0.2491952908  5.079154e-01 0.9152
1  3.02e+01  0.2486376808  5.079154e-01 0.9152
1  3.16e+01  0.2481044456  5.079154e-01 0.9152
1  3.31e+01  0.2475935114  5.079154e-01 0.9152
1  3.47e+01  0.247122779  5.079154e-01 0.9152
1  3.63e+01  0.2466847648  5.079154e-01 0.9152
1  3.80e+01  0.2462224291  5.079154e-01 0.9152
1  3.98e+01  0.2457912769  5.079154e-01 0.9152
1  4.17e+01  0.2453896912  5.079154e-01 0.9152
1  4.37e+01  0.2449449962  5.079154e-01 0.9152
1  4.57e+01  0.2445268949  5.079154e-01 0.9152
1  4.79e+01  0.2441055316  5.079154e-01 0.9152
1  5.01e+01  0.2436569785  5.079154e-01 0.9152
1  5.25e+01  0.2432352669  5.079154e-01 0.9152
1  5.50e+01  0.2427562619  5.079154e-01 0.9152
1  5.75e+01  0.2422719327  5.079154e-01 0.9152
1  6.03e+01  0.2417229869  5.079154e-01 0.9152
1  6.31e+01  0.2411646698  5.079154e-01 0.9152
1  6.61e+01  0.2405719529  5.079154e-01 0.9152
1  6.92e+01  0.2399112834  5.079154e-01 0.9152
1  7.24e+01  0.2391777079  5.079154e-01 0.9152
1  7.59e+01  0.2383826009  5.079154e-01 0.9152
1  7.94e+01  0.2374696027  5.079154e-01 0.9152
1  8.32e+01  0.23647431  5.079154e-01 0.9152
1  8.71e+01  0.2353262155  5.079154e-01 0.9152
1  9.12e+01  0.234047139  5.079154e-01 0.9152
1  9.55e+01  0.2325350943  5.079154e-01 0.9152
1  1.00e+02  0.2308080907  5.079154e-01 0.9152
1  1.05e+02  0.2287736018  5.079154e-01 0.9152
1  1.10e+02  0.2263825383  5.079154e-01 0.9152
1  1.15e+02  0.2235228797  5.079154e-01 0.9152
1  1.20e+02  0.2201021415  5.079154e-01 0.9152
1  1.26e+02  0.2159342952  5.079154e-01 0.9152
1  1.32e+02  0.2109025728  5.079154e-01 0.9152
1  1.38e+02  0.2046952672  5.079154e-01 0.9152
1  1.45e+02  0.1971038645  5.079154e-01 0.9152
1  1.51e+02  0.1878296977  5.079154e-01 0.9152
1  1.58e+02  0.1766184937  5.079154e-01 0.9152
1  1.66e+02  0.1633680682  5.079154e-01 0.9152
1  1.74e+02  0.1482469785  5.079154e-01 0.9152
1  1.82e+02  0.1318123061  5.079154e-01 0.9152
1  1.91e+02  0.1150062006  5.079154e-01 0.9152
1  2.00e+02  0.09891402352  5.079154e-01 0.9152
1  2.09e+02  0.08446665711  5.079154e-01 0.9152
1  2.19e+02  0.07219293716  5.079154e-01 0.9152
1  2.29e+02  0.06214929674  5.079154e-01 0.9152
1  2.40e+02  0.05417649825  5.079154e-01 0.9152
1  2.51e+02  0.047925177  5.079154e-01 0.9152
1  2.63e+02  0.04305400548  5.079154e-01 0.9152
1  2.75e+02  0.03925805202  5.079154e-01 0.9152
1  2.88e+02  0.03630304734  5.079154e-01 0.9152
1  3.02e+02  0.03396952448  5.079154e-01 0.9152
1  3.16e+02  0.0321307684  5.079154e-01 0.9152
1  3.31e+02  0.03065573637  5.079154e-01 0.9152
1  3.47e+02  0.02947121745  5.079154e-01 0.9152
1  3.63e+02  0.02850939126  5.079154e-01 0.9152
1  3.80e+02  0.02772666263  5.079154e-01 0.9152
1  3.98e+02  0.02708216601  5.079154e-01 0.9152
1  4.17e+02  0.02654852264  5.079154e-01 0.9152
1  4.37e+02  0.0261049036  5.079154e-01 0.9152
1  4.57e+02  0.02573183032  5.079154e-01 0.9152
1  4.79e+02  0.02541981527  5.079154e-01 0.9152
1  5.01e+02  0.02515304955  5.079154e-01 0.9152
1  5.25e+02  0.02492739177  5.079154e-01 0.9152
1  5.50e+02  0.02473431845  5.079154e-01 0.9152
1  5.75e+02  0.0245679118  5.079154e-01 0.9152
1  6.03e+02  0.02442504337  5.079154e-01 0.9152
1  6.31e+02  0.02430207842  5.079154e-01 0.9152
1  6.61e+02  0.02419663722  5.079154e-01 0.9152
1  6.92e+02  0.0241042176  5.079154e-01 0.9152
1  7.24e+02  0.024022627  5.079154e-01 0.9152
1  7.59e+02  0.02395353023  5.079154e-01 0.9152
1  7.94e+02  0.02389093345  5.079154e-01 0.9152
1  8.32e+02  0.02383593818  5.079154e-01 0.9152
1  8.71e+02  0.02378931377  5.079154e-01 0.9152
1  9.12e+02  0.02374684833  5.079154e-01 0.9152
1  9.55e+02  0.02371041267  5.079154e-01 0.9152
1  1.00e+03  0.02367680132  5.079154e-01 0.9152
1  1.05e+03  0.02364852827  5.079154e-01 0.9152
1  1.10e+03  0.02362243426  5.079154e-01 0.9152
1  1.15e+03  0.02359896214  5.079154e-01 0.9152
1  1.20e+03  0.02357865126  5.079154e-01 0.9152
1  1.26e+03  0.02356043538  5.079154e-01 0.9152
1  1.32e+03  0.02354461982  5.079154e-01 0.9152
1  1.38e+03  0.02353068745  5.079154e-01 0.9152
1  1.45e+03  0.02351749061  5.079154e-01 0.9152
1  1.51e+03  0.02350608991  5.079154e-01 0.9152
1  1.58e+03  0.02349450126  5.079154e-01 0.9152
1  1.66e+03  0.02348543806  5.079154e-01 0.9152
1  1.74e+03  0.02347692331  5.079154e-01 0.9152
1  1.82e+03  0.02346931883  5.079154e-01 0.9152
1  1.91e+03  0.02346262557  5.079154e-01 0.9152
1  2.00e+03  0.02345659235  5.079154e-01 0.9152
1  2.09e+03  0.02345120859  5.079154e-01 0.9152
1  2.19e+03  0.02344694522  5.079154e-01 0.9152
1  2.29e+03  0.02344202839  5.079154e-01 0.9152
1  2.40e+03  0.02343792182  5.079154e-01 0.9152
1  2.51e+03  0.0234347678  5.079154e-01 0.9152
1  2.63e+03  0.0234308892  5.079154e-01 0.9152
1  2.75e+03  0.02342881231  5.079154e-01 0.9152
1  2.88e+03  0.02342604696  5.079154e-01 0.9152
1  3.02e+03  0.02342349589  5.079154e-01 0.9152
1  3.16e+03  0.02342242523  5.079154e-01 0.9152
1  3.31e+03  0.02341915788  5.079154e-01 0.9152
1  3.47e+03  0.02341895086  5.079154e-01 0.9152
1  3.63e+03  0.02341668928  5.079154e-01 0.9152
1  3.80e+03  0.02341512983  5.079154e-01 0.9152
1  3.98e+03  0.02341344404  5.079154e-01 0.9152
1  4.17e+03  0.02341407212  5.079154e-01 0.9152
1  4.37e+03  0.02341501171  5.079154e-01 0.9152
1  4.57e+03  0.02341237537  5.079154e-01 0.9152
1  4.79e+03  0.02341643239  5.079154e-01 0.9152
1  5.01e+03  0.0234135539  5.079154e-01 0.9152
1  5.25e+03  0.02340360604  5.079154e-01 0.9152
1  5.50e+03  0.02340286706  5.079154e-01 0.9152
1  5.75e+03  0.02342695837  5.079154e-01 0.9152
1  6.03e+03  0.02341736683  5.079154e-01 0.9152
1  6.31e+03  0.02341326992  5.079154e-01 0.9152
1  6.61e+03  0.02345074371  5.079154e-01 0.9152
1  6.92e+03  0.02342678854  5.079154e-01 0.9152
1  7.24e+03  0.02347832318  5.079154e-01 0.9152
1  7.59e+03  0.02351073501  5.079154e-01 0.9152
1  7.94e+03  0.02349541215  5.079154e-01 0.9152
1  8.32e+03  0.02361870566  5.079154e-01 0.9152
1  8.71e+03  0.02371430453  5.079154e-01 0.9152
1  9.12e+03  0.02375252465  5.079154e-01 0.9152
1  9.55e+03  0.02385129032  5.079154e-01 0.9152
1  1.00e+04  0.02405978833  5.079154e-01 0.9152
1  1.05e+04  0.02433059485  5.079154e-01 0.9152
1  1.10e+04  0.02471940463  5.079154e-01 0.9152
1  1.15e+04  0.02510421288  5.079154e-01 0.9152
1  1.20e+04  0.02568117347  5.079154e-01 0.9152
1  1.26e+04  0.02628157039  5.079154e-01 0.9152
1  1.32e+04  0.02692682302  5.079154e-01 0.9152
1  1.38e+04  0.02776392262  5.079154e-01 0.9152
1  1.45e+04  0.02890115932  5.079154e-01 0.9152
1  1.51e+04  0.03043855582  5.079154e-01 0.9152
1  1.58e+04  0.03223980263  5.079154e-01 0.9152
1  1.66e+04  0.03401426702  5.079154e-01 0.9152
1  1.74e+04  0.03578486492  5.079154e-01 0.9152
1  1.82e+04  0.03810028494  5.079154e-01 0.9152
1  1.91e+04  0.04129532538  5.079154e-01 0.9152
1  2.00e+04  0.04445860917  5.079154e-01 0.9152
1  2.09e+04  0.04764691596  5.079154e-01 0.9152
1  2.19e+04  0.0516086306  5.079154e-01 0.9152
1  2.29e+04  0.05576413733  5.079154e-01 0.9152
1  2.40e+04  0.06062531672  5.079154e-01 0.9152
1  2.51e+04  0.06520628024  5.079154e-01 0.9152
1  2.63e+04  0.07121967612  5.079154e-01 0.9152
1  2.75e+04  0.07636226639  5.079154e-01 0.9152
1  2.88e+04  0.08329726426  5.079154e-01 0.9152
1  3.02e+04  0.08923228322  5.079154e-01 0.9152
1  3.16e+04  0.0966286275  5.079154e-01 0.9152
1  3.31e+04  0.1040817101  5.079154e-01 0.9152
1  3.47e+04  0.1109341273  5.079154e-01 0.9152
1  3.63e+04  0.1201900423  5.079154e-01 0.9152
1  3.80e+04  0.1278708348  5.079154e-01 0.9152
1  3.98e+04  0.135477681  5.079154e-01 0.9152
1  4.17e+04  0.146440204  5.079154e-01 0.9152
1  4.37e+04  0.1548579031  5.079154e-01 0.9152
1  4.57e+04  0.1621055931  5.079154e-01 0.9152
1  4.79e+04  0.173511262  5.079154e-01 0.9152
1  5.01e+04  0.1847417708  5.079154e-01 0.9152
1  5.25e+04  0.1925366402  5.079154e-01 0.9152
1  5.50e+04  0.2008767923  5.079154e-01 0.9152
1  5.75e+04  0.2120961125  5.079154e-01 0.9152
1  6.03e+04  0.2240723543  5.079154e-01 0.9152
1  6.31e+04  0.2345897956  5.079154e-01 0.9152
1  6.61e+04  0.2433227045  5.079154e-01 0.9152
1  6.92e+04  0.2514445797  5.079154e-01 0.9152
1  7.24e+04  0.260742013  5.079154e-01 0.9152
1  7.59e+04  0.2721108395  5.079154e-01 0.9152
1  7.94e+04  0.2845478032  5.079154e-01 0.9152
1  8.32e+04  0.296074102  5.079154e-01 0.9152
1  8.71e+04  0.3055302098  5.079154e-01 0.9152
1  9.12e+04  0.3132750185  5.079154e-01 0.9152
1  9.55e+04  0.3205174875  5.079154e-01 0.9152
1  1.00e+05  0.3283260731  5.079154e-01 0.9152
1  1.05e+05  0.3371590583  5.079154e-01 0.9152
1  1.10e+05  0.3469552934  5.079154e-01 0.9152
1  1.15e+05  0.357392461  5.079154e-01 0.9152
1  1.20e+05  0.3680477428  5.079154e-01 0.9152
1  1.26e+05  0.3784691  5.079154e-01 0.9152
1  1.32e+05  0.3882456809  5.079154e-01 0.9152
1  1.38e+05  0.3970928739  5.079154e-01 0.9152
1  1.45e+05  0.404909338  5.079154e-01 0.9152
1  1.51e+05  0.4117748569  5.079154e-01 0.9152
1  1.58e+05  0.4178964998  5.079154e-01 0.9152
1  1.66e+05  0.4235337302  5.079154e-01 0.9152
1  1.74e+05  0.4289325557  5.079154e-01 0.9152
1  1.82e+05  0.4342852507  5.079154e-01 0.9152
1  1.91e+05  0.4397173494  5.079154e-01 0.9152
1  2.00e+05  0.4452940581  5.079154e-01 0.9152
1  2.09e+05  0.4510354882  5.079154e-01 0.9152
1  2.19e+05  0.456932329  5.079154e-01 0.9152
1  2.29e+05  0.4629577263  5.079154e-01 0.9152
1  2.40e+05  0.4690747176  5.079154e-01 0.9152
1  2.51e+05  0.4752404895  5.079154e-01 0.9152
1  2.63e+05  0.481409083  5.079154e-01 0.9152
1  2.75e+05  0.4875336582  5.079154e-01 0.9152
1  2.88e+05  0.4935687362  5.079154e-01 0.9152
1  3.02e+05  0.4994723433  5.079154e-01 0.9152
1  3.16e+05  0.505207795  5.079154e-01 0.9152
1  3.31e+05  0.5107448962  5.079154e-01 0.9152
1  3.47e+05  0.5160604711  5.079154e-01 0.9152
1  3.63e+05  0.5211382809  5.079154e-01 0.9152
1  3.80e+05  0.5259684711  5.079154e-01 0.9152
1  3.98e+05  0.5305467279  5.079154e-01 0.9152
1  4.17e+05  0.5348733051  5.079154e-01 0.9152
1  4.37e+05  0.5389520514  5.079154e-01 0.9152
1  4.57e+05  0.5427895167  5.079154e-01 0.9152
1  4.79e+05  0.5463941835  5.079154e-01 0.9152
1  5.01e+05  0.5497758355  5.079154e-01 0.9152
1  5.25e+05  0.5529450581  5.079154e-01 0.9152
1  5.50e+05  0.5559128552  5.079154e-01 0.9152
1  5.75e+05  0.5586903624  5.079154e-01 0.9152
1  6.03e+05  0.5612886367  5.079154e-01 0.9152
1  6.31e+05  0.5637185059  5.079154e-01 0.9152
1  6.61e+05  0.5659904631  5.079154e-01 0.9152
1  6.92e+05  0.5681145949  5.079154e-01 0.9152
1  7.24e+05  0.570100535  5.079154e-01 0.9152
1  7.59e+05  0.5719574365  5.079154e-01 0.9152
1  7.94e+05  0.5736939583  5.079154e-01 0.9152
1  8.32e+05  0.5753182619  5.079154e-01 0.9152
1  8.71e+05  0.5768380166  5.079154e-01 0.9152
1  9.12e+05  0.5782604094  5.079154e-01 0.9152
1  9.55e+05  0.579592161  5.079154e-01 0.9152
1  1.00e+06  0.5808395431  5.079154e-01 0.9152
1  1.05e+06  0.5820083993  5.079154e-01 0.9152
1  1.10e+06  0.5831041664  5.079154e-01 0.9152
1  1.15e+06  0.584131897  5.079154e-01 0.9152
1  1.20e+06  0.5850962825  5.079154e-01 0.9152
1  1.26e+06  0.5860016752  5.079154e-01 0.9152
1  1.32e+06  0.5868521107  5.079154e-01 0.9152
1  1.38e+06  0.5876513293  5.079154e-01 0.9152
1  1.45e+06  0.5884027969  5.079154e-01 0.9152
1  1.51e+06  0.5891097243  5.079154e-01 0.9152
1  1.58e+06  0.5897750861  5.079154e-01 0.9152
1  1.66e+06  0.5904016382  5.079154e-01 0.9152
1  1.74e+06  0.5909919343  5.079154e-01 0.9152
1  1.82e+06  0.5915483416  5.079154e-01 0.9152
1  1.91e+06  0.5920730571  5.079154e-01 0.9152
1  2.00e+06  0.5925681125  5.079154e-01 0.9152
1  2.09e+06  0.5930353965  5.079154e-01 0.9152
1  2.19e+06  0.5934766617  5.079154e-01 0.9152
1  2.29e+06  0.5938935372  5.079154e-01 0.9152
1  2.40e+06  0.5942875357  5.079154e-01 0.9152
1  2.51e+06  0.594660064  5.079154e-01 0.9152
1  2.63e+06  0.5950124309  5.079154e-01 0.9152
1  2.75e+06  0.5953458551  5.079154e-01 0.9152
1  2.88e+06  0.5956614715  5.079154e-01 0.9152
1  3.02e+06  0.5959603378  5.079154e-01 0.9152
1  3.16e+06  0.5962434405  5.079154e-01 0.9152
1  3.31e+06  0.5965117007  5.079154e-01 0.9152
1  3.47e+06  0.5967659781  5.079154e-01 0.9152
1  3.63e+06  0.597007076  5.079154e-01 0.9152
1  3.80e+06  0.5972357458  5.079154e-01 0.9152
1  3.98e+06  0.5974526905  5.079154e-01 0.9152
1  4.17e+06  0.597658568  5.079154e-01 0.9152
1  4.37e+06  0.5978539949  5.079154e-01 0.9152
1  4.57e+06  0.5980395491  5.079154e-01 0.9152
1  4.79e+06  0.5982157726  5.079154e-01 0.9152
1  5.01e+06  0.5983831741  5.079154e-01 0.9152
1  5.25e+06  0.5985422311  5.079154e-01 0.9152
1  5.50e+06  0.5986933926  5.079154e-01 0.9152
1  5.75e+06  0.5988370805  5.079154e-01 0.9152
1  6.03e+06  0.5989736916  5.079154e-01 0.9152
1  6.31e+06  0.5991035994  5.079154e-01 0.9152
1  6.61e+06  0.5992271556  5.079154e-01 0.9152
1  6.92e+06  0.5993446915  5.079154e-01 0.9152
1  7.24e+06  0.5994565193  5.079154e-01 0.9152
1  7.59e+06  0.5995629336  5.079154e-01 0.9152
1  7.94e+06  0.5996642121  5.079154e-01 0.9152
1  8.32e+06  0.5997606171  5.079154e-01 0.9152
1  8.71e+06  0.5998523961  5.079154e-01 0.9152
1  9.12e+06  0.5999397832  5.079154e-01 0.9152
1  9.55e+06  0.6000229993  5.079154e-01 0.9152
1  1.00e+07  0.6001022534  5.079154e-01 0.9152
