1  1.00e-03  0.5552921486  5.589733e-01 1.0072
1  1.05e-03  0.5552909564  5.589733e-01 1.0072
1  1.10e-03  0.5552895332  5.589733e-01 1.0072
1  1.15e-03  0.5552882534  5.589733e-01 1.0072
1  1.20e-03  0.5552867  5.589733e-01 1.0072
1  1.26e-03  0.5552852101  5.589733e-01 1.0072
1  1.32e-03  0.555283533  5.589733e-01 1.0072
1  1.38e-03  0.5552817837  5.589733e-01 1.0072
1  1.45e-03  0.5552800036  5.589733e-01 1.0072
1  1.51e-03  0.555278279  5.589733e-01 1.0072
1  1.58e-03  0.5552762224  5.589733e-01 1.0072
1  1.66e-03  0.5552742526  5.589733e-01 1.0072
1  1.74e-03  0.5552721356  5.589733e-01 1.0072
1  1.82e-03  0.5552698802  5.589733e-01 1.0072
1  1.91e-03  0.5552675563  5.589733e-01 1.0072
1  2.00e-03  0.555265086  5.589733e-01 1.0072
1  2.09e-03  0.5552624822  5.589733e-01 1.0072
1  2.19e-03  0.5552598146  5.589733e-01 1.0072
1  2.29e-03  0.5552570598  5.589733e-01 1.0072
1  2.40e-03  0.5552541364  5.589733e-01 1.0072
1  2.51e-03  0.5552509942  5.589733e-01 1.0072
1  2.63e-03  0.5552478005  5.589733e-01 1.0072
1  2.75e-03  0.5552444263  5.589733e-01 1.0072
1  2.88e-03  0.5552409029  5.589733e-01 1.0072
1  3.02e-03  0.5552371862  5.589733e-01 1.0072
1  3.16e-03  0.5552333481  5.589733e-01 1.0072
1  3.31e-03  0.5552292356  5.589733e-01 1.0072
1  3.47e-03  0.5552250096  5.589733e-01 1.0072
1  3.63e-03  0.5552205611  5.589733e-01 1.0072
1  3.80e-03  0.5552159173  5.589733e-01 1.0072
1  3.98e-03  0.5552110251  5.589733e-01 1.0072
1  4.17e-03  0.5552059022  5.589733e-01 1.0072
1  4.37e-03  0.5552005757  5.589733e-01 1.0072
1  4.57e-03  0.5551949682  5.589733e-01 1.0072
1  4.79e-03  0.5551890894  5.589733e-01 1.0072
1  5.01e-03  0.5551829651  5.589733e-01 1.0072
1  5.25e-03  0.5551765198  5.589733e-01 1.0072
1  5.50e-03  0.5551697684  5.589733e-01 1.0072
1  5.75e-03  0.55516271  5.589733e-01 1.0072
1  6.03e-03  0.5551553401  5.589733e-01 1.0072
1  6.31e-03  0.5551475984  5.589733e-01 1.0072
1  6.61e-03  0.5551394948  5.589733e-01 1.0072
1  6.92e-03  0.5551309978  5.589733e-01 1.0072
1  7.24e-03  0.5551221119  5.589733e-01 1.0072
1  7.59e-03  0.5551128292  5.589733e-01 1.0072
1  7.94e-03  0.5551030625  5.589733e-01 1.0072
1  8.32e-03  0.555092878  5.589733e-01 1.0072
1  8.71e-03  0.5550821993  5.589733e-01 1.0072
1  9.12e-03  0.5550709967  5.589733e-01 1.0072
1  9.55e-03  0.5550592635  5.589733e-01 1.0072
1  1.00e-02  0.5550470127  5.589733e-01 1.0072
1  1.05e-02  0.5550341272  5.589733e-01 1.0072
1  1.10e-02  0.5550206997  5.589733e-01 1.0072
1  1.15e-02  0.5550065687  5.589733e-01 1.0072
1  1.20e-02  0.5549918048  5.589733e-01 1.0072
1  1.26e-02  0.5549763721  5.589733e-01 1.0072
1  1.32e-02  0.5549601834  5.589733e-01 1.0072
1  1.38e-02  0.5549432111  5.589733e-01 1.0072
1  1.45e-02  0.5549254787  5.589733e-01 1.0072
1  1.51e-02  0.5549069  5.589733e-01 1.0072
1  1.58e-02  0.5548874182  5.589733e-01 1.0072
1  1.66e-02  0.5548669906  5.589733e-01 1.0072
1  1.74e-02  0.5548456604  5.589733e-01 1.0072
1  1.82e-02  0.5548233  5.589733e-01 1.0072
1  1.91e-02  0.5547998145  5.589733e-01 1.0072
1  2.00e-02  0.5547752958  5.589733e-01 1.0072
1  2.09e-02  0.5547496302  5.589733e-01 1.0072
1  2.19e-02  0.5547227478  5.589733e-01 1.0072
1  2.29e-02  0.5546945388  5.589733e-01 1.0072
1  2.40e-02  0.5546650076  5.589733e-01 1.0072
1  2.51e-02  0.5546340681  5.589733e-01 1.0072
1  2.63e-02  0.5546016529  5.589733e-01 1.0072
1  2.75e-02  0.554567719  5.589733e-01 1.0072
1  2.88e-02  0.5545322715  5.589733e-01 1.0072
1  3.02e-02  0.5544950401  5.589733e-01 1.0072
1  3.16e-02  0.5544561372  5.589733e-01 1.0072
1  3.31e-02  0.5544153179  5.589733e-01 1.0072
1  3.47e-02  0.5543725533  5.589733e-01 1.0072
1  3.63e-02  0.5543277935  5.589733e-01 1.0072
1  3.80e-02  0.5542808382  5.589733e-01 1.0072
1  3.98e-02  0.5542316699  5.589733e-01 1.0072
1  4.17e-02  0.5541801233  5.589733e-01 1.0072
1  4.37e-02  0.5541263767  5.589733e-01 1.0072
1  4.57e-02  0.5540698724  5.589733e-01 1.0072
1  4.79e-02  0.5540105887  5.589733e-01 1.0072
1  5.01e-02  0.5539485842  5.589733e-01 1.0072
1  5.25e-02  0.5538836675  5.589733e-01 1.0072
1  5.50e-02  0.5538157933  5.589733e-01 1.0072
1  5.75e-02  0.5537445895  5.589733e-01 1.0072
1  6.03e-02  0.553669946  5.589733e-01 1.0072
1  6.31e-02  0.5535915546  5.589733e-01 1.0072
1  6.61e-02  0.5535096152  5.589733e-01 1.0072
1  6.92e-02  0.5534238057  5.589733e-01 1.0072
1  7.24e-02  0.553334057  5.589733e-01 1.0072
1  7.59e-02  0.5532397557  5.589733e-01 1.0072
1  7.94e-02  0.5531409134  5.589733e-01 1.0072
1  8.32e-02  0.5530373575  5.589733e-01 1.0072
1  8.71e-02  0.5529291124  5.589733e-01 1.0072
1  9.12e-02  0.5528156233  5.589733e-01 1.0072
1  9.55e-02  0.552696233  5.589733e-01 1.0072
1  1.00e-01  0.5525716171  5.589733e-01 1.0072
1  1.05e-01  0.5524411058  5.589733e-01 1.0072
1  1.10e-01  0.5523036279  5.589733e-01 1.0072
1  1.15e-01  0.5521599865  5.589733e-01 1.0072
1  1.20e-01  0.5520094992  5.589733e-01 1.0072
1  1.26e-01  0.5518518289  5.589733e-01 1.0072
1  1.32e-01  0.5516866995  5.589733e-01 1.0072
1  1.38e-01  0.5515128697  5.589733e-01 1.0072
1  1.45e-01  0.5513311378  5.589733e-01 1.0072
1  1.51e-01  0.551140903  5.589733e-01 1.0072
1  1.58e-01  0.5509410216  5.589733e-01 1.0072
1  1.66e-01  0.5507311474  5.589733e-01 1.0072
1  1.74e-01  0.550511763  5.589733e-01 1.0072
1  1.82e-01  0.5502811238  5.589733e-01 1.0072
1  1.91e-01  0.5500399946  5.589733e-01 1.0072
1  2.00e-01  0.5497870355  5.589733e-01 1.0072
1  2.09e-01  0.5495211209  5.589733e-01 1.0072
1  2.19e-01  0.5492427098  5.589733e-01 1.0072
1  2.29e-01  0.5489499922  5.589733e-01 1.0072
1  2.40e-01  0.548643747  5.589733e-01 1.0072
1  2.51e-01  0.5483210369  5.589733e-01 1.0072
1  2.63e-01  0.5479845246  5.589733e-01 1.0072
1  2.75e-01  0.5476303566  5.589733e-01 1.0072
1  2.88e-01  0.5472580355  5.589733e-01 1.0072
1  3.02e-01  0.546867389  5.589733e-01 1.0072
1  3.16e-01  0.5464588271  5.589733e-01 1.0072
1  3.31e-01  0.5460280635  5.589733e-01 1.0072
1  3.47e-01  0.5455782075  5.589733e-01 1.0072
1  3.63e-01  0.5451042829  5.589733e-01 1.0072
1  3.80e-01  0.54460718  5.589733e-01 1.0072
1  3.98e-01  0.544083255  5.589733e-01 1.0072
1  4.17e-01  0.5435346291  5.589733e-01 1.0072
1  4.37e-01  0.542958652  5.589733e-01 1.0072
1  4.57e-01  0.5423544261  5.589733e-01 1.0072
1  4.79e-01  0.5417175864  5.589733e-01 1.0072
1  5.01e-01  0.5410508465  5.589733e-01 1.0072
1  5.25e-01  0.5403482596  5.589733e-01 1.0072
1  5.50e-01  0.5396095115  5.589733e-01 1.0072
1  5.75e-01  0.5388345816  5.589733e-01 1.0072
1  6.03e-01  0.5380187738  5.589733e-01 1.0072
1  6.31e-01  0.5371595847  5.589733e-01 1.0072
1  6.61e-01  0.5362590786  5.589733e-01 1.0072
1  6.92e-01  0.535311505  5.589733e-01 1.0072
1  7.24e-01  0.5343122052  5.589733e-01 1.0072
1  7.59e-01  0.5332637977  5.589733e-01 1.0072
1  7.94e-01  0.5321621888  5.589733e-01 1.0072
1  8.32e-01  0.5309980137  5.589733e-01 1.0072
1  8.71e-01  0.5297768968  5.589733e-01 1.0072
1  9.12e-01  0.5284892939  5.589733e-01 1.0072
1  9.55e-01  0.5271377899  5.589733e-01 1.0072
1  1.00e+00  0.5257133511  5.589733e-01 1.0072
1  1.05e+00  0.5242102443  5.589733e-01 1.0072
1  1.10e+00  0.5226310809  5.589733e-01 1.0072
1  1.15e+00  0.520968443  5.589733e-01 1.0072
1  1.20e+00  0.5192182578  5.589733e-01 1.0072
1  1.26e+00  0.5173772039  5.589733e-01 1.0072
1  1.32e+00  0.5154397246  5.589733e-01 1.0072
1  1.38e+00  0.5133968725  5.589733e-01 1.0072
1  1.45e+00  0.5112457075  5.589733e-01 1.0072
1  1.51e+00  0.5089831864  5.589733e-01 1.0072
1  1.58e+00  0.506609933  5.589733e-01 1.0072
1  1.66e+00  0.5041043511  5.589733e-01 1.0072
1  1.74e+00  0.5014744612  5.589733e-01 1.0072
1  1.82e+00  0.4987050731  5.589733e-01 1.0072
1  1.91e+00  0.4958021878  5.589733e-01 1.0072
1  2.00e+00  0.492753418  5.589733e-01 1.0072
1  2.09e+00  0.4895524758  5.589733e-01 1.0072
1  2.19e+00  0.4861987797  5.589733e-01 1.0072
1  2.29e+00  0.4826749657  5.589733e-01 1.0072
1  2.40e+00  0.4790067459  5.589733e-01 1.0072
1  2.51e+00  0.4751618066  5.589733e-01 1.0072
1  2.63e+00  0.4711444612  5.589733e-01 1.0072
1  2.75e+00  0.4669644985  5.589733e-01 1.0072
1  2.88e+00  0.4626291284  5.589733e-01 1.0072
1  3.02e+00  0.4581174946  5.589733e-01 1.0072
1  3.16e+00  0.4534463252  5.589733e-01 1.0072
1  3.31e+00  0.4486150551  5.589733e-01 1.0072
1  3.47e+00  0.443629454  5.589733e-01 1.0072
1  3.63e+00  0.4385229823  5.589733e-01 1.0072
1  3.80e+00  0.4332898707  5.589733e-01 1.0072
1  3.98e+00  0.4279356447  5.589733e-01 1.0072
1  4.17e+00  0.4225013261  5.589733e-01 1.0072
1  4.37e+00  0.4170013872  5.589733e-01 1.0072
1  4.57e+00  0.4114275928  5.589733e-01 1.0072
1  4.79e+00  0.4058517797  5.589733e-01 1.0072
1  5.01e+00  0.4002589495  5.589733e-01 1.0072
1  5.25e+00  0.3947128447  5.589733e-01 1.0072
1  5.50e+00  0.389217244  5.589733e-01 1.0072
1  5.75e+00  0.3837796285  5.589733e-01 1.0072
1  6.03e+00  0.3784536398  5.589733e-01 1.0072
1  6.31e+00  0.373271746  5.589733e-01 1.0072
1  6.61e+00  0.368224358  5.589733e-01 1.0072
1  6.92e+00  0.363380082  5.589733e-01 1.0072
1  7.24e+00  0.35867799  5.589733e-01 1.0072
1  7.59e+00  0.3542075451  5.589733e-01 1.0072
1  7.94e+00  0.3499451256  5.589733e-01 1.0072
1  8.32e+00  0.3459132803  5.589733e-01 1.0072
1  8.71e+00  0.3420971957  5.589733e-01 1.0072
1  9.12e+00  0.3384795201  5.589733e-01 1.0072
1  9.55e+00  0.3351118775  5.589733e-01 1.0072
1  1.00e+01  0.3319879948  5.589733e-01 1.0072
1  1.05e+01  0.3290301221  5.589733e-01 1.0072
1  1.10e+01  0.3263314311  5.589733e-01 1.0072
1  1.15e+01  0.3238043337  5.589733e-01 1.0072
1  1.20e+01  0.3214359624  5.589733e-01 1.0072
1  1.26e+01  0.3192732733  5.589733e-01 1.0072
1  1.32e+01  0.3173163718  5.589733e-01 1.0072
1  1.38e+01  0.3154783581  5.589733e-01 1.0072
1  1.45e+01  0.3138160879  5.589733e-01 1.0072
1  1.51e+01  0.3122638523  5.589733e-01 1.0072
1  1.58e+01  0.3108412224  5.589733e-01 1.0072
1  1.66e+01  0.3095475815  5.589733e-01 1.0072
1  1.74e+01  0.3083515622  5.589733e-01 1.0072
1  1.82e+01  0.3072416762  5.589733e-01 1.0072
1  1.91e+01  0.3062300996  5.589733e-01 1.0072
1  2.00e+01  0.3052828892  5.589733e-01 1.0072
1  2.09e+01  0.3044456551  5.589733e-01 1.0072
1  2.19e+01  0.3036275902  5.589733e-01 1.0072
1  2.29e+01  0.3029127425  5.589733e-01 1.0072
1  2.40e+01  0.3022279583  5.589733e-01 1.0072
1  2.51e+01  0.3015709572  5.589733e-01 1.0072
1  2.63e+01  0.3009887471  5.589733e-01 1.0072
1  2.75e+01  0.300406183  5.589733e-01 1.0072
1  2.88e+01  0.2998829065  5.589733e-01 1.0072
1  3.02e+01  0.2993770745  5.589733e-01 1.0072
1  3.16e+01  0.298902226  5.589733e-01 1.0072
1  3.31e+01  0.2984317567  5.589733e-01 1.0072
1  3.47e+01  0.2979822707  5.589733e-01 1.0072
1  3.63e+01  0.2975406147  5.589733e-01 1.0072
1  3.80e+01  0.2970941791  5.589733e-01 1.0072
1  3.98e+01  0.2966492557  5.589733e-01 1.0072
1  4.17e+01  0.2962105127  5.589733e-01 1.0072
1  4.37e+01  0.2957716058  5.589733e-01 1.0072
1  4.57e+01  0.2953363125  5.589733e-01 1.0072
1  4.79e+01  0.2948700962  5.589733e-01 1.0072
1  5.01e+01  0.2943959283  5.589733e-01 1.0072
1  5.25e+01  0.2938885425  5.589733e-01 1.0072
1  5.50e+01  0.2933566136  5.589733e-01 1.0072
1  5.75e+01  0.2927805306  5.589733e-01 1.0072
1  6.03e+01  0.2921726086  5.589733e-01 1.0072
1  6.31e+01  0.2915094919  5.589733e-01 1.0072
1  6.61e+01  0.2907964202  5.589733e-01 1.0072
1  6.92e+01  0.2899901029  5.589733e-01 1.0072
1  7.24e+01  0.2891169481  5.589733e-01 1.0072
1  7.59e+01  0.2881696614  5.589733e-01 1.0072
1  7.94e+01  0.2870828629  5.589733e-01 1.0072
1  8.32e+01  0.2858332747  5.589733e-01 1.0072
1  8.71e+01  0.2844515242  5.589733e-01 1.0072
1  9.12e+01  0.2828458414  5.589733e-01 1.0072
1  9.55e+01  0.2810196124  5.589733e-01 1.0072
1  1.00e+02  0.2788651867  5.589733e-01 1.0072
1  1.05e+02  0.2763637446  5.589733e-01 1.0072
1  1.10e+02  0.2734029326  5.589733e-01 1.0072
1  1.15e+02  0.2698672202  5.589733e-01 1.0072
1  1.20e+02  0.2656132221  5.589733e-01 1.0072
1  1.26e+02  0.2604806133  5.589733e-01 1.0072
1  1.32e+02  0.2542171899  5.589733e-01 1.0072
1  1.38e+02  0.2465218255  5.589733e-01 1.0072
1  1.45e+02  0.237117378  5.589733e-01 1.0072
1  1.51e+02  0.2256095948  5.589733e-01 1.0072
1  1.58e+02  0.2116908009  5.589733e-01 1.0072
1  1.66e+02  0.1952587711  5.589733e-01 1.0072
1  1.74e+02  0.1765376338  5.589733e-01 1.0072
1  1.82e+02  0.1562391152  5.589733e-01 1.0072
1  1.91e+02  0.1355367228  5.589733e-01 1.0072
1  2.00e+02  0.1157741159  5.589733e-01 1.0072
1  2.09e+02  0.09805197198  5.589733e-01 1.0072
1  2.19e+02  0.08302307779  5.589733e-01 1.0072
1  2.29e+02  0.07075279552  5.589733e-01 1.0072
1  2.40e+02  0.06100018792  5.589733e-01 1.0072
1  2.51e+02  0.05336736734  5.589733e-01 1.0072
1  2.63e+02  0.04742059468  5.589733e-01 1.0072
1  2.75e+02  0.0427880034  5.589733e-01 1.0072
1  2.88e+02  0.03917523452  5.589733e-01 1.0072
1  3.02e+02  0.03632769543  5.589733e-01 1.0072
1  3.16e+02  0.03407184932  5.589733e-01 1.0072
1  3.31e+02  0.03227464898  5.589733e-01 1.0072
1  3.47e+02  0.03082596242  5.589733e-01 1.0072
1  3.63e+02  0.02965327515  5.589733e-01 1.0072
1  3.80e+02  0.02869548471  5.589733e-01 1.0072
1  3.98e+02  0.02790846907  5.589733e-01 1.0072
1  4.17e+02  0.02725715381  5.589733e-01 1.0072
1  4.37e+02  0.02671225108  5.589733e-01 1.0072
1  4.57e+02  0.02625396955  5.589733e-01 1.0072
1  4.79e+02  0.02587053439  5.589733e-01 1.0072
1  5.01e+02  0.02554441481  5.589733e-01 1.0072
1  5.25e+02  0.02526829151  5.589733e-01 1.0072
1  5.50e+02  0.02503396905  5.589733e-01 1.0072
1  5.75e+02  0.02483046084  5.589733e-01 1.0072
1  6.03e+02  0.0246557102  5.589733e-01 1.0072
1  6.31e+02  0.02450491772  5.589733e-01 1.0072
1  6.61e+02  0.024374498  5.589733e-01 1.0072
1  6.92e+02  0.02426163944  5.589733e-01 1.0072
1  7.24e+02  0.02416265537  5.589733e-01 1.0072
1  7.59e+02  0.02407580203  5.589733e-01 1.0072
1  7.94e+02  0.02400073405  5.589733e-01 1.0072
1  8.32e+02  0.02393542433  5.589733e-01 1.0072
1  8.71e+02  0.02387612354  5.589733e-01 1.0072
1  9.12e+02  0.02382547134  5.589733e-01 1.0072
1  9.55e+02  0.0237788351  5.589733e-01 1.0072
1  1.00e+03  0.02374003511  5.589733e-01 1.0072
1  1.05e+03  0.02370421041  5.589733e-01 1.0072
1  1.10e+03  0.02367150548  5.589733e-01 1.0072
1  1.15e+03  0.02364311611  5.589733e-01 1.0072
1  1.20e+03  0.02361868525  5.589733e-01 1.0072
1  1.26e+03  0.02359692297  5.589733e-01 1.0072
1  1.32e+03  0.02357621484  5.589733e-01 1.0072
1  1.38e+03  0.02355987609  5.589733e-01 1.0072
1  1.45e+03  0.023543796  5.589733e-01 1.0072
1  1.51e+03  0.02352884965  5.589733e-01 1.0072
1  1.58e+03  0.02351617152  5.589733e-01 1.0072
1  1.66e+03  0.02350439421  5.589733e-01 1.0072
1  1.74e+03  0.02349540845  5.589733e-01 1.0072
1  1.82e+03  0.02348479041  5.589733e-01 1.0072
1  1.91e+03  0.02347734443  5.589733e-01 1.0072
1  2.00e+03  0.02346935524  5.589733e-01 1.0072
1  2.09e+03  0.02346271162  5.589733e-01 1.0072
1  2.19e+03  0.02345652964  5.589733e-01 1.0072
1  2.29e+03  0.02345122475  5.589733e-01 1.0072
1  2.40e+03  0.0234461929  5.589733e-01 1.0072
1  2.51e+03  0.02344295256  5.589733e-01 1.0072
1  2.63e+03  0.02343821961  5.589733e-01 1.0072
1  2.75e+03  0.02343490622  5.589733e-01 1.0072
1  2.88e+03  0.02343162198  5.589733e-01 1.0072
1  3.02e+03  0.02342978268  5.589733e-01 1.0072
1  3.16e+03  0.02342653262  5.589733e-01 1.0072
1  3.31e+03  0.0234245991  5.589733e-01 1.0072
1  3.47e+03  0.02342285874  5.589733e-01 1.0072
1  3.63e+03  0.02341938262  5.589733e-01 1.0072
1  3.80e+03  0.02341897423  5.589733e-01 1.0072
1  3.98e+03  0.02341701966  5.589733e-01 1.0072
1  4.17e+03  0.02341762789  5.589733e-01 1.0072
1  4.37e+03  0.02341766802  5.589733e-01 1.0072
1  4.57e+03  0.02341474543  5.589733e-01 1.0072
1  4.79e+03  0.02342056469  5.589733e-01 1.0072
1  5.01e+03  0.02341902027  5.589733e-01 1.0072
1  5.25e+03  0.02340748375  5.589733e-01 1.0072
1  5.50e+03  0.02340116161  5.589733e-01 1.0072
1  5.75e+03  0.02342858987  5.589733e-01 1.0072
1  6.03e+03  0.02342803656  5.589733e-01 1.0072
1  6.31e+03  0.02341012821  5.589733e-01 1.0072
1  6.61e+03  0.02346593629  5.589733e-01 1.0072
1  6.92e+03  0.02342485624  5.589733e-01 1.0072
1  7.24e+03  0.023503501  5.589733e-01 1.0072
1  7.59e+03  0.02351483103  5.589733e-01 1.0072
1  7.94e+03  0.02351289444  5.589733e-01 1.0072
1  8.32e+03  0.02365857037  5.589733e-01 1.0072
1  8.71e+03  0.02373868708  5.589733e-01 1.0072
1  9.12e+03  0.02377125563  5.589733e-01 1.0072
1  9.55e+03  0.02389335569  5.589733e-01 1.0072
1  1.00e+04  0.02413819516  5.589733e-01 1.0072
1  1.05e+04  0.02442828571  5.589733e-01 1.0072
1  1.10e+04  0.0248099737  5.589733e-01 1.0072
1  1.15e+04  0.02521471166  5.589733e-01 1.0072
1  1.20e+04  0.02578599313  5.589733e-01 1.0072
1  1.26e+04  0.02636784753  5.589733e-01 1.0072
1  1.32e+04  0.02703230509  5.589733e-01 1.0072
1  1.38e+04  0.02785610967  5.589733e-01 1.0072
1  1.45e+04  0.02892632328  5.589733e-01 1.0072
1  1.51e+04  0.03038170499  5.589733e-01 1.0072
1  1.58e+04  0.03213194016  5.589733e-01 1.0072
1  1.66e+04  0.03387742893  5.589733e-01 1.0072
1  1.74e+04  0.03556679657  5.589733e-01 1.0072
1  1.82e+04  0.03769125969  5.589733e-01 1.0072
1  1.91e+04  0.04066896848  5.589733e-01 1.0072
1  2.00e+04  0.04368804412  5.589733e-01 1.0072
1  2.09e+04  0.04669093397  5.589733e-01 1.0072
1  2.19e+04  0.05040565373  5.589733e-01 1.0072
1  2.29e+04  0.05423579174  5.589733e-01 1.0072
1  2.40e+04  0.0588276028  5.589733e-01 1.0072
1  2.51e+04  0.06305106167  5.589733e-01 1.0072
1  2.63e+04  0.06865207802  5.589733e-01 1.0072
1  2.75e+04  0.07341983712  5.589733e-01 1.0072
1  2.88e+04  0.0798582362  5.589733e-01 1.0072
1  3.02e+04  0.08531118466  5.589733e-01 1.0072
1  3.16e+04  0.0922276178  5.589733e-01 1.0072
1  3.31e+04  0.09901052338  5.589733e-01 1.0072
1  3.47e+04  0.1054161379  5.589733e-01 1.0072
1  3.63e+04  0.1139578511  5.589733e-01 1.0072
1  3.80e+04  0.1209275447  5.589733e-01 1.0072
1  3.98e+04  0.1280619654  5.589733e-01 1.0072
1  4.17e+04  0.1381622578  5.589733e-01 1.0072
1  4.37e+04  0.1457476593  5.589733e-01 1.0072
1  4.57e+04  0.1525168932  5.589733e-01 1.0072
1  4.79e+04  0.1631198085  5.589733e-01 1.0072
1  5.01e+04  0.1733084855  5.589733e-01 1.0072
1  5.25e+04  0.1803850007  5.589733e-01 1.0072
1  5.50e+04  0.1881458297  5.589733e-01 1.0072
1  5.75e+04  0.1985363153  5.589733e-01 1.0072
1  6.03e+04  0.209503494  5.589733e-01 1.0072
1  6.31e+04  0.2190760787  5.589733e-01 1.0072
1  6.61e+04  0.2270346976  5.589733e-01 1.0072
1  6.92e+04  0.2344990257  5.589733e-01 1.0072
1  7.24e+04  0.2431016246  5.589733e-01 1.0072
1  7.59e+04  0.2536027886  5.589733e-01 1.0072
1  7.94e+04  0.2650176887  5.589733e-01 1.0072
1  8.32e+04  0.2755274931  5.589733e-01 1.0072
1  8.71e+04  0.2841191576  5.589733e-01 1.0072
1  9.12e+04  0.2911724978  5.589733e-01 1.0072
1  9.55e+04  0.2978119596  5.589733e-01 1.0072
1  1.00e+05  0.3050026944  5.589733e-01 1.0072
1  1.05e+05  0.3131424322  5.589733e-01 1.0072
1  1.10e+05  0.3221595712  5.589733e-01 1.0072
1  1.15e+05  0.3317510862  5.589733e-01 1.0072
1  1.20e+05  0.3415259775  5.589733e-01 1.0072
1  1.26e+05  0.3510690521  5.589733e-01 1.0072
1  1.32e+05  0.3600060089  5.589733e-01 1.0072
1  1.38e+05  0.3680813096  5.589733e-01 1.0072
1  1.45e+05  0.3752088592  5.589733e-01 1.0072
1  1.51e+05  0.3814679314  5.589733e-01 1.0072
1  1.58e+05  0.3870523519  5.589733e-01 1.0072
1  1.66e+05  0.3922014632  5.589733e-01 1.0072
1  1.74e+05  0.3971402452  5.589733e-01 1.0072
1  1.82e+05  0.4020432701  5.589733e-01 1.0072
1  1.91e+05  0.4070236075  5.589733e-01 1.0072
1  2.00e+05  0.4121392426  5.589733e-01 1.0072
1  2.09e+05  0.4174072553  5.589733e-01 1.0072
1  2.19e+05  0.4228181729  5.589733e-01 1.0072
1  2.29e+05  0.4283467452  5.589733e-01 1.0072
1  2.40e+05  0.4339586454  5.589733e-01 1.0072
1  2.51e+05  0.4396143019  5.589733e-01 1.0072
1  2.63e+05  0.4452713484  5.589733e-01 1.0072
1  2.75e+05  0.4508866981  5.589733e-01 1.0072
1  2.88e+05  0.4564186004  5.589733e-01 1.0072
1  3.02e+05  0.4618286026  5.589733e-01 1.0072
1  3.16e+05  0.467083172  5.589733e-01 1.0072
1  3.31e+05  0.4721547757  5.589733e-01 1.0072
1  3.47e+05  0.4770223452  5.589733e-01 1.0072
1  3.63e+05  0.4816711798  5.589733e-01 1.0072
1  3.80e+05  0.486092426  5.589733e-01 1.0072
1  3.98e+05  0.4902822927  5.589733e-01 1.0072
1  4.17e+05  0.4942411554  5.589733e-01 1.0072
1  4.37e+05  0.4979726617  5.589733e-01 1.0072
1  4.57e+05  0.5014829135  5.589733e-01 1.0072
1  4.79e+05  0.5047797648  5.589733e-01 1.0072
1  5.01e+05  0.5078722452  5.589733e-01 1.0072
1  5.25e+05  0.5107701054  5.589733e-01 1.0072
1  5.50e+05  0.5134834687  5.589733e-01 1.0072
1  5.75e+05  0.5160225694  5.589733e-01 1.0072
1  6.03e+05  0.518397563  5.589733e-01 1.0072
1  6.31e+05  0.5206183891  5.589733e-01 1.0072
1  6.61e+05  0.5226946757  5.589733e-01 1.0072
1  6.92e+05  0.5246356748  5.589733e-01 1.0072
1  7.24e+05  0.52645022  5.589733e-01 1.0072
1  7.59e+05  0.5281467024  5.589733e-01 1.0072
1  7.94e+05  0.5297330579  5.589733e-01 1.0072
1  8.32e+05  0.5312167653  5.589733e-01 1.0072
1  8.71e+05  0.5326048505  5.589733e-01 1.0072
1  9.12e+05  0.5339038971  5.589733e-01 1.0072
1  9.55e+05  0.53512006  5.589733e-01 1.0072
1  1.00e+06  0.5362590823  5.589733e-01 1.0072
1  1.05e+06  0.5373263141  5.589733e-01 1.0072
1  1.10e+06  0.5383267328  5.589733e-01 1.0072
1  1.15e+06  0.539264963  5.589733e-01 1.0072
1  1.20e+06  0.5401452984  5.589733e-01 1.0072
1  1.26e+06  0.5409717219  5.589733e-01 1.0072
1  1.32e+06  0.5417479261  5.589733e-01 1.0072
1  1.38e+06  0.542477333  5.589733e-01 1.0072
1  1.45e+06  0.5431631133  5.589733e-01 1.0072
1  1.51e+06  0.543808204  5.589733e-01 1.0072
1  1.58e+06  0.5444153258  5.589733e-01 1.0072
1  1.66e+06  0.5449869989  5.589733e-01 1.0072
1  1.74e+06  0.5455255588  5.589733e-01 1.0072
1  1.82e+06  0.5460331698  5.589733e-01 1.0072
1  1.91e+06  0.5465118406  5.589733e-01 1.0072
1  2.00e+06  0.5469634288  5.589733e-01 1.0072
1  2.09e+06  0.5473896603  5.589733e-01 1.0072
1  2.19e+06  0.5477921383  5.589733e-01 1.0072
1  2.29e+06  0.5481723506  5.589733e-01 1.0072
1  2.40e+06  0.5485316798  5.589733e-01 1.0072
1  2.51e+06  0.548871412  5.589733e-01 1.0072
1  2.63e+06  0.5491927429  5.589733e-01 1.0072
1  2.75e+06  0.5494967857  5.589733e-01 1.0072
1  2.88e+06  0.5497845772  5.589733e-01 1.0072
1  3.02e+06  0.550057084  5.589733e-01 1.0072
1  3.16e+06  0.5503152071  5.589733e-01 1.0072
1  3.31e+06  0.5505597876  5.589733e-01 1.0072
1  3.47e+06  0.5507916107  5.589733e-01 1.0072
1  3.63e+06  0.5510114102  5.589733e-01 1.0072
1  3.80e+06  0.5512198722  5.589733e-01 1.0072
1  3.98e+06  0.5514176384  5.589733e-01 1.0072
1  4.17e+06  0.5516053096  5.589733e-01 1.0072
1  4.37e+06  0.5517834488  5.589733e-01 1.0072
1  4.57e+06  0.5519525835  5.589733e-01 1.0072
1  4.79e+06  0.5521132085  5.589733e-01 1.0072
1  5.01e+06  0.5522657879  5.589733e-01 1.0072
1  5.25e+06  0.552410758  5.589733e-01 1.0072
1  5.50e+06  0.5525485281  5.589733e-01 1.0072
1  5.75e+06  0.5526794835  5.589733e-01 1.0072
1  6.03e+06  0.552803986  5.589733e-01 1.0072
1  6.31e+06  0.5529223768  5.589733e-01 1.0072
1  6.61e+06  0.5530349765  5.589733e-01 1.0072
1  6.92e+06  0.5531420875  5.589733e-01 1.0072
1  7.24e+06  0.5532439946  5.589733e-01 1.0072
1  7.59e+06  0.5533409665  5.589733e-01 1.0072
1  7.94e+06  0.5534332567  5.589733e-01 1.0072
1  8.32e+06  0.5535211042  5.589733e-01 1.0072
1  8.71e+06  0.5536047349  5.589733e-01 1.0072
1  9.12e+06  0.5536843623  5.589733e-01 1.0072
1  9.55e+06  0.5537601878  5.589733e-01 1.0072
1  1.00e+07  0.5538324022  5.589733e-01 1.0072
