1  1.00e-03  0.5575280124  5.563094e-01 1.0024
1  1.05e-03  0.5575268122  5.563094e-01 1.0024
1  1.10e-03  0.5575253722  5.563094e-01 1.0024
1  1.15e-03  0.557524076  5.563094e-01 1.0024
1  1.20e-03  0.5575225115  5.563094e-01 1.0024
1  1.26e-03  0.5575210047  5.563094e-01 1.0024
1  1.32e-03  0.5575193046  5.563094e-01 1.0024
1  1.38e-03  0.5575175426  5.563094e-01 1.0024
1  1.45e-03  0.5575157449  5.563094e-01 1.0024
1  1.51e-03  0.5575140014  5.563094e-01 1.0024
1  1.58e-03  0.5575119262  5.563094e-01 1.0024
1  1.66e-03  0.5575099312  5.563094e-01 1.0024
1  1.74e-03  0.5575077918  5.563094e-01 1.0024
1  1.82e-03  0.5575055159  5.563094e-01 1.0024
1  1.91e-03  0.5575031761  5.563094e-01 1.0024
1  2.00e-03  0.5575006798  5.563094e-01 1.0024
1  2.09e-03  0.5574980476  5.563094e-01 1.0024
1  2.19e-03  0.5574953525  5.563094e-01 1.0024
1  2.29e-03  0.5574925667  5.563094e-01 1.0024
1  2.40e-03  0.5574896152  5.563094e-01 1.0024
1  2.51e-03  0.5574864443  5.563094e-01 1.0024
1  2.63e-03  0.5574832162  5.563094e-01 1.0024
1  2.75e-03  0.5574798088  5.563094e-01 1.0024
1  2.88e-03  0.5574762493  5.563094e-01 1.0024
1  3.02e-03  0.5574724967  5.563094e-01 1.0024
1  3.16e-03  0.5574686209  5.563094e-01 1.0024
1  3.31e-03  0.5574644677  5.563094e-01 1.0024
1  3.47e-03  0.5574601984  5.563094e-01 1.0024
1  3.63e-03  0.5574557058  5.563094e-01 1.0024
1  3.80e-03  0.5574510158  5.563094e-01 1.0024
1  3.98e-03  0.5574460739  5.563094e-01 1.0024
1  4.17e-03  0.5574409007  5.563094e-01 1.0024
1  4.37e-03  0.5574355193  5.563094e-01 1.0024
1  4.57e-03  0.5574298559  5.563094e-01 1.0024
1  4.79e-03  0.5574239175  5.563094e-01 1.0024
1  5.01e-03  0.5574177332  5.563094e-01 1.0024
1  5.25e-03  0.5574112242  5.563094e-01 1.0024
1  5.50e-03  0.5574044027  5.563094e-01 1.0024
1  5.75e-03  0.5573972738  5.563094e-01 1.0024
1  6.03e-03  0.5573898311  5.563094e-01 1.0024
1  6.31e-03  0.5573820091  5.563094e-01 1.0024
1  6.61e-03  0.5573738272  5.563094e-01 1.0024
1  6.92e-03  0.5573652435  5.563094e-01 1.0024
1  7.24e-03  0.5573562693  5.563094e-01 1.0024
1  7.59e-03  0.5573468934  5.563094e-01 1.0024
1  7.94e-03  0.5573370268  5.563094e-01 1.0024
1  8.32e-03  0.5573267422  5.563094e-01 1.0024
1  8.71e-03  0.5573159542  5.563094e-01 1.0024
1  9.12e-03  0.557304642  5.563094e-01 1.0024
1  9.55e-03  0.5572927903  5.563094e-01 1.0024
1  1.00e-02  0.5572804132  5.563094e-01 1.0024
1  1.05e-02  0.5572674011  5.563094e-01 1.0024
1  1.10e-02  0.5572538391  5.563094e-01 1.0024
1  1.15e-02  0.5572395653  5.563094e-01 1.0024
1  1.20e-02  0.5572246532  5.563094e-01 1.0024
1  1.26e-02  0.5572090616  5.563094e-01 1.0024
1  1.32e-02  0.5571927153  5.563094e-01 1.0024
1  1.38e-02  0.557175572  5.563094e-01 1.0024
1  1.45e-02  0.5571576612  5.563094e-01 1.0024
1  1.51e-02  0.5571388941  5.563094e-01 1.0024
1  1.58e-02  0.5571192176  5.563094e-01 1.0024
1  1.66e-02  0.5570985849  5.563094e-01 1.0024
1  1.74e-02  0.5570770338  5.563094e-01 1.0024
1  1.82e-02  0.5570544538  5.563094e-01 1.0024
1  1.91e-02  0.5570307269  5.563094e-01 1.0024
1  2.00e-02  0.5570059673  5.563094e-01 1.0024
1  2.09e-02  0.5569800351  5.563094e-01 1.0024
1  2.19e-02  0.5569528854  5.563094e-01 1.0024
1  2.29e-02  0.5569243878  5.563094e-01 1.0024
1  2.40e-02  0.5568945676  5.563094e-01 1.0024
1  2.51e-02  0.5568633059  5.563094e-01 1.0024
1  2.63e-02  0.5568305649  5.563094e-01 1.0024
1  2.75e-02  0.5567962927  5.563094e-01 1.0024
1  2.88e-02  0.5567604919  5.563094e-01 1.0024
1  3.02e-02  0.5567228721  5.563094e-01 1.0024
1  3.16e-02  0.5566835838  5.563094e-01 1.0024
1  3.31e-02  0.5566423466  5.563094e-01 1.0024
1  3.47e-02  0.5565991471  5.563094e-01 1.0024
1  3.63e-02  0.5565539383  5.563094e-01 1.0024
1  3.80e-02  0.5565065004  5.563094e-01 1.0024
1  3.98e-02  0.5564568504  5.563094e-01 1.0024
1  4.17e-02  0.556404771  5.563094e-01 1.0024
1  4.37e-02  0.5563504753  5.563094e-01 1.0024
1  4.57e-02  0.5562933932  5.563094e-01 1.0024
1  4.79e-02  0.5562335089  5.563094e-01 1.0024
1  5.01e-02  0.5561708831  5.563094e-01 1.0024
1  5.25e-02  0.5561053093  5.563094e-01 1.0024
1  5.50e-02  0.55603675  5.563094e-01 1.0024
1  5.75e-02  0.5559648178  5.563094e-01 1.0024
1  6.03e-02  0.5558894138  5.563094e-01 1.0024
1  6.31e-02  0.5558102039  5.563094e-01 1.0024
1  6.61e-02  0.5557274468  5.563094e-01 1.0024
1  6.92e-02  0.5556407356  5.563094e-01 1.0024
1  7.24e-02  0.55555007  5.563094e-01 1.0024
1  7.59e-02  0.5554547963  5.563094e-01 1.0024
1  7.94e-02  0.555354978  5.563094e-01 1.0024
1  8.32e-02  0.5552503529  5.563094e-01 1.0024
1  8.71e-02  0.5551410034  5.563094e-01 1.0024
1  9.12e-02  0.5550263095  5.563094e-01 1.0024
1  9.55e-02  0.5549056951  5.563094e-01 1.0024
1  1.00e-01  0.5547798289  5.563094e-01 1.0024
1  1.05e-01  0.554647938  5.563094e-01 1.0024
1  1.10e-01  0.5545090396  5.563094e-01 1.0024
1  1.15e-01  0.5543639111  5.563094e-01 1.0024
1  1.20e-01  0.5542118876  5.563094e-01 1.0024
1  1.26e-01  0.554052589  5.563094e-01 1.0024
1  1.32e-01  0.5538857242  5.563094e-01 1.0024
1  1.38e-01  0.5537100885  5.563094e-01 1.0024
1  1.45e-01  0.5535264647  5.563094e-01 1.0024
1  1.51e-01  0.5533341567  5.563094e-01 1.0024
1  1.58e-01  0.5531322695  5.563094e-01 1.0024
1  1.66e-01  0.5529201321  5.563094e-01 1.0024
1  1.74e-01  0.552698498  5.563094e-01 1.0024
1  1.82e-01  0.5524653642  5.563094e-01 1.0024
1  1.91e-01  0.5522216133  5.563094e-01 1.0024
1  2.00e-01  0.5519660472  5.563094e-01 1.0024
1  2.09e-01  0.5516972135  5.563094e-01 1.0024
1  2.19e-01  0.5514158699  5.563094e-01 1.0024
1  2.29e-01  0.5511199586  5.563094e-01 1.0024
1  2.40e-01  0.5508104638  5.563094e-01 1.0024
1  2.51e-01  0.5504843074  5.563094e-01 1.0024
1  2.63e-01  0.5501441305  5.563094e-01 1.0024
1  2.75e-01  0.5497861416  5.563094e-01 1.0024
1  2.88e-01  0.5494096455  5.563094e-01 1.0024
1  3.02e-01  0.5490148056  5.563094e-01 1.0024
1  3.16e-01  0.54860191  5.563094e-01 1.0024
1  3.31e-01  0.5481662442  5.563094e-01 1.0024
1  3.47e-01  0.5477113486  5.563094e-01 1.0024
1  3.63e-01  0.547232071  5.563094e-01 1.0024
1  3.80e-01  0.5467295919  5.563094e-01 1.0024
1  3.98e-01  0.5461997313  5.563094e-01 1.0024
1  4.17e-01  0.5456449486  5.563094e-01 1.0024
1  4.37e-01  0.5450625609  5.563094e-01 1.0024
1  4.57e-01  0.5444509803  5.563094e-01 1.0024
1  4.79e-01  0.5438068232  5.563094e-01 1.0024
1  5.01e-01  0.5431324412  5.563094e-01 1.0024
1  5.25e-01  0.5424214982  5.563094e-01 1.0024
1  5.50e-01  0.5416740254  5.563094e-01 1.0024
1  5.75e-01  0.5408905364  5.563094e-01 1.0024
1  6.03e-01  0.5400643153  5.563094e-01 1.0024
1  6.31e-01  0.5391952359  5.563094e-01 1.0024
1  6.61e-01  0.5382842529  5.563094e-01 1.0024
1  6.92e-01  0.5373250651  5.563094e-01 1.0024
1  7.24e-01  0.5363129232  5.563094e-01 1.0024
1  7.59e-01  0.5352510172  5.563094e-01 1.0024
1  7.94e-01  0.5341362568  5.563094e-01 1.0024
1  8.32e-01  0.5329576212  5.563094e-01 1.0024
1  8.71e-01  0.5317210104  5.563094e-01 1.0024
1  9.12e-01  0.5304156639  5.563094e-01 1.0024
1  9.55e-01  0.5290474376  5.563094e-01 1.0024
1  1.00e+00  0.5276039732  5.563094e-01 1.0024
1  1.05e+00  0.5260797001  5.563094e-01 1.0024
1  1.10e+00  0.5244789354  5.563094e-01 1.0024
1  1.15e+00  0.5227941536  5.563094e-01 1.0024
1  1.20e+00  0.5210186057  5.563094e-01 1.0024
1  1.26e+00  0.5191529569  5.563094e-01 1.0024
1  1.32e+00  0.5171872518  5.563094e-01 1.0024
1  1.38e+00  0.5151115592  5.563094e-01 1.0024
1  1.45e+00  0.5129290613  5.563094e-01 1.0024
1  1.51e+00  0.5106337424  5.563094e-01 1.0024
1  1.58e+00  0.5082240098  5.563094e-01 1.0024
1  1.66e+00  0.5056805684  5.563094e-01 1.0024
1  1.74e+00  0.5030039126  5.563094e-01 1.0024
1  1.82e+00  0.5001902574  5.563094e-01 1.0024
1  1.91e+00  0.4972380479  5.563094e-01 1.0024
1  2.00e+00  0.4941422303  5.563094e-01 1.0024
1  2.09e+00  0.4908810848  5.563094e-01 1.0024
1  2.19e+00  0.4874690932  5.563094e-01 1.0024
1  2.29e+00  0.4838843393  5.563094e-01 1.0024
1  2.40e+00  0.4801457128  5.563094e-01 1.0024
1  2.51e+00  0.4762349077  5.563094e-01 1.0024
1  2.63e+00  0.4721367409  5.563094e-01 1.0024
1  2.75e+00  0.4678787763  5.563094e-01 1.0024
1  2.88e+00  0.4634564868  5.563094e-01 1.0024
1  3.02e+00  0.4588461697  5.563094e-01 1.0024
1  3.16e+00  0.4540838036  5.563094e-01 1.0024
1  3.31e+00  0.4491536684  5.563094e-01 1.0024
1  3.47e+00  0.4440562544  5.563094e-01 1.0024
1  3.63e+00  0.438832463  5.563094e-01 1.0024
1  3.80e+00  0.4334920388  5.563094e-01 1.0024
1  3.98e+00  0.4280060729  5.563094e-01 1.0024
1  4.17e+00  0.4224468604  5.563094e-01 1.0024
1  4.37e+00  0.416821891  5.563094e-01 1.0024
1  4.57e+00  0.4111163918  5.563094e-01 1.0024
1  4.79e+00  0.4054160412  5.563094e-01 1.0024
1  5.01e+00  0.3996875934  5.563094e-01 1.0024
1  5.25e+00  0.3939956788  5.563094e-01 1.0024
1  5.50e+00  0.3883705839  5.563094e-01 1.0024
1  5.75e+00  0.3827970822  5.563094e-01 1.0024
1  6.03e+00  0.3773441186  5.563094e-01 1.0024
1  6.31e+00  0.3720400896  5.563094e-01 1.0024
1  6.61e+00  0.3668659839  5.563094e-01 1.0024
1  6.92e+00  0.3619043356  5.563094e-01 1.0024
1  7.24e+00  0.3570891194  5.563094e-01 1.0024
1  7.59e+00  0.3525131651  5.563094e-01 1.0024
1  7.94e+00  0.348146426  5.563094e-01 1.0024
1  8.32e+00  0.344019276  5.563094e-01 1.0024
1  8.71e+00  0.3401203438  5.563094e-01 1.0024
1  9.12e+00  0.3364226609  5.563094e-01 1.0024
1  9.55e+00  0.3329860252  5.563094e-01 1.0024
1  1.00e+01  0.3297813467  5.563094e-01 1.0024
1  1.05e+01  0.3267745005  5.563094e-01 1.0024
1  1.10e+01  0.3240005608  5.563094e-01 1.0024
1  1.15e+01  0.321411109  5.563094e-01 1.0024
1  1.20e+01  0.3190681641  5.563094e-01 1.0024
1  1.26e+01  0.3168170201  5.563094e-01 1.0024
1  1.32e+01  0.3148296551  5.563094e-01 1.0024
1  1.38e+01  0.3129430213  5.563094e-01 1.0024
1  1.45e+01  0.311242727  5.563094e-01 1.0024
1  1.51e+01  0.3096651647  5.563094e-01 1.0024
1  1.58e+01  0.3082276226  5.563094e-01 1.0024
1  1.66e+01  0.3068953951  5.563094e-01 1.0024
1  1.74e+01  0.3056757263  5.563094e-01 1.0024
1  1.82e+01  0.3045740432  5.563094e-01 1.0024
1  1.91e+01  0.3035324274  5.563094e-01 1.0024
1  2.00e+01  0.302608544  5.563094e-01 1.0024
1  2.09e+01  0.3017224105  5.563094e-01 1.0024
1  2.19e+01  0.3009137015  5.563094e-01 1.0024
1  2.29e+01  0.3001656772  5.563094e-01 1.0024
1  2.40e+01  0.299479728  5.563094e-01 1.0024
1  2.51e+01  0.2988192161  5.563094e-01 1.0024
1  2.63e+01  0.298228908  5.563094e-01 1.0024
1  2.75e+01  0.2976467086  5.563094e-01 1.0024
1  2.88e+01  0.2971162735  5.563094e-01 1.0024
1  3.02e+01  0.2966215797  5.563094e-01 1.0024
1  3.16e+01  0.2961363144  5.563094e-01 1.0024
1  3.31e+01  0.2956640852  5.563094e-01 1.0024
1  3.47e+01  0.2952144616  5.563094e-01 1.0024
1  3.63e+01  0.2947701429  5.563094e-01 1.0024
1  3.80e+01  0.2943189223  5.563094e-01 1.0024
1  3.98e+01  0.2938754461  5.563094e-01 1.0024
1  4.17e+01  0.2934415201  5.563094e-01 1.0024
1  4.37e+01  0.2930008894  5.563094e-01 1.0024
1  4.57e+01  0.2925558212  5.563094e-01 1.0024
1  4.79e+01  0.2921152905  5.563094e-01 1.0024
1  5.01e+01  0.2916167795  5.563094e-01 1.0024
1  5.25e+01  0.2911106139  5.563094e-01 1.0024
1  5.50e+01  0.2905983964  5.563094e-01 1.0024
1  5.75e+01  0.2900139832  5.563094e-01 1.0024
1  6.03e+01  0.2894079717  5.563094e-01 1.0024
1  6.31e+01  0.2887761862  5.563094e-01 1.0024
1  6.61e+01  0.2880570121  5.563094e-01 1.0024
1  6.92e+01  0.2872754914  5.563094e-01 1.0024
1  7.24e+01  0.2864176585  5.563094e-01 1.0024
1  7.59e+01  0.2854331067  5.563094e-01 1.0024
1  7.94e+01  0.2843563612  5.563094e-01 1.0024
1  8.32e+01  0.2831645665  5.563094e-01 1.0024
1  8.71e+01  0.2817697478  5.563094e-01 1.0024
1  9.12e+01  0.2802014696  5.563094e-01 1.0024
1  9.55e+01  0.2783617425  5.563094e-01 1.0024
1  1.00e+02  0.27625549  5.563094e-01 1.0024
1  1.05e+02  0.2737630731  5.563094e-01 1.0024
1  1.10e+02  0.2708311447  5.563094e-01 1.0024
1  1.15e+02  0.2673273714  5.563094e-01 1.0024
1  1.20e+02  0.2631345346  5.563094e-01 1.0024
1  1.26e+02  0.2580409466  5.563094e-01 1.0024
1  1.32e+02  0.2518459897  5.563094e-01 1.0024
1  1.38e+02  0.2442579227  5.563094e-01 1.0024
1  1.45e+02  0.2349404885  5.563094e-01 1.0024
1  1.51e+02  0.2235366489  5.563094e-01 1.0024
1  1.58e+02  0.2097779048  5.563094e-01 1.0024
1  1.66e+02  0.1935323171  5.563094e-01 1.0024
1  1.74e+02  0.1750141382  5.563094e-01 1.0024
1  1.82e+02  0.1549286041  5.563094e-01 1.0024
1  1.91e+02  0.1344272911  5.563094e-01 1.0024
1  2.00e+02  0.114849615  5.563094e-01 1.0024
1  2.09e+02  0.09732551075  5.563094e-01 1.0024
1  2.19e+02  0.08242884369  5.563094e-01 1.0024
1  2.29e+02  0.07028902762  5.563094e-01 1.0024
1  2.40e+02  0.06063582876  5.563094e-01 1.0024
1  2.51e+02  0.05307468537  5.563094e-01 1.0024
1  2.63e+02  0.04718045541  5.563094e-01 1.0024
1  2.75e+02  0.04260101054  5.563094e-01 1.0024
1  2.88e+02  0.03901573807  5.563094e-01 1.0024
1  3.02e+02  0.03620215828  5.563094e-01 1.0024
1  3.16e+02  0.03396922509  5.563094e-01 1.0024
1  3.31e+02  0.03218830501  5.563094e-01 1.0024
1  3.47e+02  0.03075402202  5.563094e-01 1.0024
1  3.63e+02  0.02959221495  5.563094e-01 1.0024
1  3.80e+02  0.02864499471  5.563094e-01 1.0024
1  3.98e+02  0.02786508724  5.563094e-01 1.0024
1  4.17e+02  0.02721843448  5.563094e-01 1.0024
1  4.37e+02  0.02667849881  5.563094e-01 1.0024
1  4.57e+02  0.02622505343  5.563094e-01 1.0024
1  4.79e+02  0.0258457677  5.563094e-01 1.0024
1  5.01e+02  0.02552376005  5.563094e-01 1.0024
1  5.25e+02  0.02525038551  5.563094e-01 1.0024
1  5.50e+02  0.02501850697  5.563094e-01 1.0024
1  5.75e+02  0.02481695329  5.563094e-01 1.0024
1  6.03e+02  0.02464388197  5.563094e-01 1.0024
1  6.31e+02  0.02449446802  5.563094e-01 1.0024
1  6.61e+02  0.02436484301  5.563094e-01 1.0024
1  6.92e+02  0.02425285968  5.563094e-01 1.0024
1  7.24e+02  0.02415526632  5.563094e-01 1.0024
1  7.59e+02  0.02406906632  5.563094e-01 1.0024
1  7.94e+02  0.0239949634  5.563094e-01 1.0024
1  8.32e+02  0.02392976796  5.563094e-01 1.0024
1  8.71e+02  0.02387162998  5.563094e-01 1.0024
1  9.12e+02  0.02382148414  5.563094e-01 1.0024
1  9.55e+02  0.02377515167  5.563094e-01 1.0024
1  1.00e+03  0.02373676275  5.563094e-01 1.0024
1  1.05e+03  0.02370141526  5.563094e-01 1.0024
1  1.10e+03  0.02366899446  5.563094e-01 1.0024
1  1.15e+03  0.0236406438  5.563094e-01 1.0024
1  1.20e+03  0.02361654331  5.563094e-01 1.0024
1  1.26e+03  0.02359486193  5.563094e-01 1.0024
1  1.32e+03  0.02357453619  5.563094e-01 1.0024
1  1.38e+03  0.02355823385  5.563094e-01 1.0024
1  1.45e+03  0.02354224483  5.563094e-01 1.0024
1  1.51e+03  0.02352755951  5.563094e-01 1.0024
1  1.58e+03  0.02351491816  5.563094e-01 1.0024
1  1.66e+03  0.02350331233  5.563094e-01 1.0024
1  1.74e+03  0.02349446011  5.563094e-01 1.0024
1  1.82e+03  0.02348394663  5.563094e-01 1.0024
1  1.91e+03  0.02347650501  5.563094e-01 1.0024
1  2.00e+03  0.0234686969  5.563094e-01 1.0024
1  2.09e+03  0.02346206055  5.563094e-01 1.0024
1  2.19e+03  0.02345600448  5.563094e-01 1.0024
1  2.29e+03  0.02345069733  5.563094e-01 1.0024
1  2.40e+03  0.02344572415  5.563094e-01 1.0024
1  2.51e+03  0.02344254995  5.563094e-01 1.0024
1  2.63e+03  0.02343785537  5.563094e-01 1.0024
1  2.75e+03  0.02343463275  5.563094e-01 1.0024
1  2.88e+03  0.02343126135  5.563094e-01 1.0024
1  3.02e+03  0.02342945046  5.563094e-01 1.0024
1  3.16e+03  0.02342632244  5.563094e-01 1.0024
1  3.31e+03  0.02342431642  5.563094e-01 1.0024
1  3.47e+03  0.02342266333  5.563094e-01 1.0024
1  3.63e+03  0.02341920338  5.563094e-01 1.0024
1  3.80e+03  0.02341878006  5.563094e-01 1.0024
1  3.98e+03  0.02341686935  5.563094e-01 1.0024
1  4.17e+03  0.02341748806  5.563094e-01 1.0024
1  4.37e+03  0.02341755802  5.563094e-01 1.0024
1  4.57e+03  0.02341466385  5.563094e-01 1.0024
1  4.79e+03  0.02342040646  5.563094e-01 1.0024
1  5.01e+03  0.02341874358  5.563094e-01 1.0024
1  5.25e+03  0.02340722339  5.563094e-01 1.0024
1  5.50e+03  0.02340123966  5.563094e-01 1.0024
1  5.75e+03  0.02342859267  5.563094e-01 1.0024
1  6.03e+03  0.02342741271  5.563094e-01 1.0024
1  6.31e+03  0.02341031112  5.563094e-01 1.0024
1  6.61e+03  0.02346510383  5.563094e-01 1.0024
1  6.92e+03  0.02342495892  5.563094e-01 1.0024
1  7.24e+03  0.02350202177  5.563094e-01 1.0024
1  7.59e+03  0.0235146623  5.563094e-01 1.0024
1  7.94e+03  0.02351168164  5.563094e-01 1.0024
1  8.32e+03  0.02365608625  5.563094e-01 1.0024
1  8.71e+03  0.02373706829  5.563094e-01 1.0024
1  9.12e+03  0.02376970328  5.563094e-01 1.0024
1  9.55e+03  0.0238902233  5.563094e-01 1.0024
1  1.00e+04  0.02413281316  5.563094e-01 1.0024
1  1.05e+04  0.02442131587  5.563094e-01 1.0024
1  1.10e+04  0.02480302763  5.563094e-01 1.0024
1  1.15e+04  0.02520595037  5.563094e-01 1.0024
1  1.20e+04  0.02577694919  5.563094e-01 1.0024
1  1.26e+04  0.02635867885  5.563094e-01 1.0024
1  1.32e+04  0.0270209865  5.563094e-01 1.0024
1  1.38e+04  0.02784443726  5.563094e-01 1.0024
1  1.45e+04  0.02891693922  5.563094e-01 1.0024
1  1.51e+04  0.03037500612  5.563094e-01 1.0024
1  1.58e+04  0.03212594053  5.563094e-01 1.0024
1  1.66e+04  0.03387083703  5.563094e-01 1.0024
1  1.74e+04  0.03556230599  5.563094e-01 1.0024
1  1.82e+04  0.03769435948  5.563094e-01 1.0024
1  1.91e+04  0.04068064188  5.563094e-01 1.0024
1  2.00e+04  0.04370465605  5.563094e-01 1.0024
1  2.09e+04  0.04671445922  5.563094e-01 1.0024
1  2.19e+04  0.05043858837  5.563094e-01 1.0024
1  2.29e+04  0.05428283985  5.563094e-01 1.0024
1  2.40e+04  0.05888508355  5.563094e-01 1.0024
1  2.51e+04  0.06312386633  5.563094e-01 1.0024
1  2.63e+04  0.06874269655  5.563094e-01 1.0024
1  2.75e+04  0.07352644653  5.563094e-01 1.0024
1  2.88e+04  0.07998685645  5.563094e-01 1.0024
1  3.02e+04  0.08546134179  5.563094e-01 1.0024
1  3.16e+04  0.09239875511  5.563094e-01 1.0024
1  3.31e+04  0.09921287797  5.563094e-01 1.0024
1  3.47e+04  0.1056379766  5.563094e-01 1.0024
1  3.63e+04  0.1142127969  5.563094e-01 1.0024
1  3.80e+04  0.1212159178  5.563094e-01 1.0024
1  3.98e+04  0.1283713859  5.563094e-01 1.0024
1  4.17e+04  0.138512146  5.563094e-01 1.0024
1  4.37e+04  0.1461375233  5.563094e-01 1.0024
1  4.57e+04  0.1529287112  5.563094e-01 1.0024
1  4.79e+04  0.1635690138  5.563094e-01 1.0024
1  5.01e+04  0.1738079544  5.563094e-01 1.0024
1  5.25e+04  0.1809193609  5.563094e-01 1.0024
1  5.50e+04  0.1887074783  5.563094e-01 1.0024
1  5.75e+04  0.1991371828  5.563094e-01 1.0024
1  6.03e+04  0.2101530338  5.563094e-01 1.0024
1  6.31e+04  0.2197717685  5.563094e-01 1.0024
1  6.61e+04  0.2277683155  5.563094e-01 1.0024
1  6.92e+04  0.2352646331  5.563094e-01 1.0024
1  7.24e+04  0.2439007426  5.563094e-01 1.0024
1  7.59e+04  0.25444377  5.563094e-01 1.0024
1  7.94e+04  0.2659083389  5.563094e-01 1.0024
1  8.32e+04  0.2764680099  5.563094e-01 1.0024
1  8.71e+04  0.2851024882  5.563094e-01 1.0024
1  9.12e+04  0.2921902874  5.563094e-01 1.0024
1  9.55e+04  0.2988597442  5.563094e-01 1.0024
1  1.00e+05  0.3060809832  5.563094e-01 1.0024
1  1.05e+05  0.3142547553  5.563094e-01 1.0024
1  1.10e+05  0.3233100763  5.563094e-01 1.0024
1  1.15e+05  0.3329430702  5.563094e-01 1.0024
1  1.20e+05  0.3427612434  5.563094e-01 1.0024
1  1.26e+05  0.3523476352  5.563094e-01 1.0024
1  1.32e+05  0.3613261673  5.563094e-01 1.0024
1  1.38e+05  0.3694398667  5.563094e-01 1.0024
1  1.45e+05  0.376601861  5.563094e-01 1.0024
1  1.51e+05  0.3828914059  5.563094e-01 1.0024
1  1.58e+05  0.3885029309  5.563094e-01 1.0024
1  1.66e+05  0.3936767265  5.563094e-01 1.0024
1  1.74e+05  0.3986387771  5.563094e-01 1.0024
1  1.82e+05  0.4035645091  5.563094e-01 1.0024
1  1.91e+05  0.4085675999  5.563094e-01 1.0024
1  2.00e+05  0.4137063926  5.563094e-01 1.0024
1  2.09e+05  0.4189981226  5.563094e-01 1.0024
1  2.19e+05  0.4244333331  5.563094e-01 1.0024
1  2.29e+05  0.4299867032  5.563094e-01 1.0024
1  2.40e+05  0.4356237838  5.563094e-01 1.0024
1  2.51e+05  0.4413048503  5.563094e-01 1.0024
1  2.63e+05  0.4469873657  5.563094e-01 1.0024
1  2.75e+05  0.4526280635  5.563094e-01 1.0024
1  2.88e+05  0.4581850138  5.563094e-01 1.0024
1  3.02e+05  0.4636195942  5.563094e-01 1.0024
1  3.16e+05  0.4688981193  5.563094e-01 1.0024
1  3.31e+05  0.4739929267  5.563094e-01 1.0024
1  3.47e+05  0.4788828451  5.563094e-01 1.0024
1  3.63e+05  0.4835530985  5.563094e-01 1.0024
1  3.80e+05  0.4879947834  5.563094e-01 1.0024
1  3.98e+05  0.4922040824  5.563094e-01 1.0024
1  4.17e+05  0.4961813641  5.563094e-01 1.0024
1  4.37e+05  0.4999302848  5.563094e-01 1.0024
1  4.57e+05  0.5034569671  5.563094e-01 1.0024
1  4.79e+05  0.5067692947  5.563094e-01 1.0024
1  5.01e+05  0.5098763332  5.563094e-01 1.0024
1  5.25e+05  0.5127878735  5.563094e-01 1.0024
1  5.50e+05  0.5155140807  5.563094e-01 1.0024
1  5.75e+05  0.5180652331  5.563094e-01 1.0024
1  6.03e+05  0.5204515294  5.563094e-01 1.0024
1  6.31e+05  0.5226829523  5.563094e-01 1.0024
1  6.61e+05  0.5247691719  5.563094e-01 1.0024
1  6.92e+05  0.5267194806  5.563094e-01 1.0024
1  7.24e+05  0.5285427512  5.563094e-01 1.0024
1  7.59e+05  0.5302474117  5.563094e-01 1.0024
1  7.94e+05  0.5318414336  5.563094e-01 1.0024
1  8.32e+05  0.5333323288  5.563094e-01 1.0024
1  8.71e+05  0.5347271549  5.563094e-01 1.0024
1  9.12e+05  0.536032525  5.563094e-01 1.0024
1  9.55e+05  0.5372546219  5.563094e-01 1.0024
1  1.00e+06  0.5383992146  5.563094e-01 1.0024
1  1.05e+06  0.5394716777  5.563094e-01 1.0024
1  1.10e+06  0.540477011  5.563094e-01 1.0024
1  1.15e+06  0.5414198606  5.563094e-01 1.0024
1  1.20e+06  0.5423045395  5.563094e-01 1.0024
1  1.26e+06  0.5431350491  5.563094e-01 1.0024
1  1.32e+06  0.543915099  5.563094e-01 1.0024
1  1.38e+06  0.5446481271  5.563094e-01 1.0024
1  1.45e+06  0.5453373187  5.563094e-01 1.0024
1  1.51e+06  0.5459856243  5.563094e-01 1.0024
1  1.58e+06  0.5465957775  5.563094e-01 1.0024
1  1.66e+06  0.5471703103  5.563094e-01 1.0024
1  1.74e+06  0.5477115688  5.563094e-01 1.0024
1  1.82e+06  0.5482217279  5.563094e-01 1.0024
1  1.91e+06  0.5487028056  5.563094e-01 1.0024
1  2.00e+06  0.549156668  5.563094e-01 1.0024
1  2.09e+06  0.5495850495  5.563094e-01 1.0024
1  2.19e+06  0.5499895608  5.563094e-01 1.0024
1  2.29e+06  0.5503716967  5.563094e-01 1.0024
1  2.40e+06  0.5507328465  5.563094e-01 1.0024
1  2.51e+06  0.5510743024  5.563094e-01 1.0024
1  2.63e+06  0.5513972658  5.563094e-01 1.0024
1  2.75e+06  0.5517028552  5.563094e-01 1.0024
1  2.88e+06  0.5519921126  5.563094e-01 1.0024
1  3.02e+06  0.552266009  5.563094e-01 1.0024
1  3.16e+06  0.55252545  5.563094e-01 1.0024
1  3.31e+06  0.5527712806  5.563094e-01 1.0024
1  3.47e+06  0.5530042899  5.563094e-01 1.0024
1  3.63e+06  0.5532252154  5.563094e-01 1.0024
1  3.80e+06  0.5534347462  5.563094e-01 1.0024
1  3.98e+06  0.5536335274  5.563094e-01 1.0024
1  4.17e+06  0.5538221627  5.563094e-01 1.0024
1  4.37e+06  0.5540012179  5.563094e-01 1.0024
1  4.57e+06  0.554171223  5.563094e-01 1.0024
1  4.79e+06  0.5543326753  5.563094e-01 1.0024
1  5.01e+06  0.5544860412  5.563094e-01 1.0024
1  5.25e+06  0.5546317591  5.563094e-01 1.0024
1  5.50e+06  0.5547702405  5.563094e-01 1.0024
1  5.75e+06  0.5549018724  5.563094e-01 1.0024
1  6.03e+06  0.5550270186  5.563094e-01 1.0024
1  6.31e+06  0.5551460218  5.563094e-01 1.0024
1  6.61e+06  0.5552592043  5.563094e-01 1.0024
1  6.92e+06  0.5553668701  5.563094e-01 1.0024
1  7.24e+06  0.5554693053  5.563094e-01 1.0024
1  7.59e+06  0.5555667801  5.563094e-01 1.0024
1  7.94e+06  0.555659549  5.563094e-01 1.0024
1  8.32e+06  0.5557478525  5.563094e-01 1.0024
1  8.71e+06  0.5558319176  5.563094e-01 1.0024
1  9.12e+06  0.5559119587  5.563094e-01 1.0024
1  9.55e+06  0.5559881784  5.563094e-01 1.0024
1  1.00e+07  0.5560607682  5.563094e-01 1.0024
