1  1.00e-03  0.5451787511  5.714048e-01 1.0296
1  1.05e-03  0.5451776004  5.714048e-01 1.0296
1  1.10e-03  0.5451762653  5.714048e-01 1.0296
1  1.15e-03  0.5451750602  5.714048e-01 1.0296
1  1.20e-03  0.5451735625  5.714048e-01 1.0296
1  1.26e-03  0.545172158  5.714048e-01 1.0296
1  1.32e-03  0.5451705961  5.714048e-01 1.0296
1  1.38e-03  0.5451689109  5.714048e-01 1.0296
1  1.45e-03  0.5451672301  5.714048e-01 1.0296
1  1.51e-03  0.5451655808  5.714048e-01 1.0296
1  1.58e-03  0.5451636252  5.714048e-01 1.0296
1  1.66e-03  0.5451617963  5.714048e-01 1.0296
1  1.74e-03  0.5451597837  5.714048e-01 1.0296
1  1.82e-03  0.5451576437  5.714048e-01 1.0296
1  1.91e-03  0.5451553857  5.714048e-01 1.0296
1  2.00e-03  0.5451530408  5.714048e-01 1.0296
1  2.09e-03  0.545150581  5.714048e-01 1.0296
1  2.19e-03  0.5451480617  5.714048e-01 1.0296
1  2.29e-03  0.5451454523  5.714048e-01 1.0296
1  2.40e-03  0.5451426835  5.714048e-01 1.0296
1  2.51e-03  0.5451396891  5.714048e-01 1.0296
1  2.63e-03  0.5451366743  5.714048e-01 1.0296
1  2.75e-03  0.5451334483  5.714048e-01 1.0296
1  2.88e-03  0.5451301099  5.714048e-01 1.0296
1  3.02e-03  0.5451265683  5.714048e-01 1.0296
1  3.16e-03  0.5451229158  5.714048e-01 1.0296
1  3.31e-03  0.5451190344  5.714048e-01 1.0296
1  3.47e-03  0.5451150028  5.714048e-01 1.0296
1  3.63e-03  0.5451107846  5.714048e-01 1.0296
1  3.80e-03  0.5451063736  5.714048e-01 1.0296
1  3.98e-03  0.5451017336  5.714048e-01 1.0296
1  4.17e-03  0.5450968866  5.714048e-01 1.0296
1  4.37e-03  0.54509183  5.714048e-01 1.0296
1  4.57e-03  0.5450864955  5.714048e-01 1.0296
1  4.79e-03  0.545080916  5.714048e-01 1.0296
1  5.01e-03  0.5450750781  5.714048e-01 1.0296
1  5.25e-03  0.5450689809  5.714048e-01 1.0296
1  5.50e-03  0.5450625884  5.714048e-01 1.0296
1  5.75e-03  0.5450558922  5.714048e-01 1.0296
1  6.03e-03  0.5450488795  5.714048e-01 1.0296
1  6.31e-03  0.5450415283  5.714048e-01 1.0296
1  6.61e-03  0.5450338278  5.714048e-01 1.0296
1  6.92e-03  0.5450257913  5.714048e-01 1.0296
1  7.24e-03  0.5450173557  5.714048e-01 1.0296
1  7.59e-03  0.5450084981  5.714048e-01 1.0296
1  7.94e-03  0.5449992686  5.714048e-01 1.0296
1  8.32e-03  0.544989564  5.714048e-01 1.0296
1  8.71e-03  0.5449794095  5.714048e-01 1.0296
1  9.12e-03  0.544968802  5.714048e-01 1.0296
1  9.55e-03  0.5449576879  5.714048e-01 1.0296
1  1.00e-02  0.5449460107  5.714048e-01 1.0296
1  1.05e-02  0.5449338411  5.714048e-01 1.0296
1  1.10e-02  0.5449210371  5.714048e-01 1.0296
1  1.15e-02  0.5449076872  5.714048e-01 1.0296
1  1.20e-02  0.5448936741  5.714048e-01 1.0296
1  1.26e-02  0.5448789687  5.714048e-01 1.0296
1  1.32e-02  0.5448636081  5.714048e-01 1.0296
1  1.38e-02  0.5448475342  5.714048e-01 1.0296
1  1.45e-02  0.5448306544  5.714048e-01 1.0296
1  1.51e-02  0.5448129818  5.714048e-01 1.0296
1  1.58e-02  0.5447945082  5.714048e-01 1.0296
1  1.66e-02  0.5447751801  5.714048e-01 1.0296
1  1.74e-02  0.5447548695  5.714048e-01 1.0296
1  1.82e-02  0.5447336407  5.714048e-01 1.0296
1  1.91e-02  0.5447114451  5.714048e-01 1.0296
1  2.00e-02  0.5446881516  5.714048e-01 1.0296
1  2.09e-02  0.5446637182  5.714048e-01 1.0296
1  2.19e-02  0.544638158  5.714048e-01 1.0296
1  2.29e-02  0.544611416  5.714048e-01 1.0296
1  2.40e-02  0.544583422  5.714048e-01 1.0296
1  2.51e-02  0.5445540772  5.714048e-01 1.0296
1  2.63e-02  0.5445233766  5.714048e-01 1.0296
1  2.75e-02  0.5444912137  5.714048e-01 1.0296
1  2.88e-02  0.5444574421  5.714048e-01 1.0296
1  3.02e-02  0.5444221285  5.714048e-01 1.0296
1  3.16e-02  0.5443851003  5.714048e-01 1.0296
1  3.31e-02  0.5443463537  5.714048e-01 1.0296
1  3.47e-02  0.5443057851  5.714048e-01 1.0296
1  3.63e-02  0.5442632784  5.714048e-01 1.0296
1  3.80e-02  0.544218794  5.714048e-01 1.0296
1  3.98e-02  0.5441722369  5.714048e-01 1.0296
1  4.17e-02  0.54412345  5.714048e-01 1.0296
1  4.37e-02  0.5440721373  5.714048e-01 1.0296
1  4.57e-02  0.5440185701  5.714048e-01 1.0296
1  4.79e-02  0.5439625537  5.714048e-01 1.0296
1  5.01e-02  0.5439038043  5.714048e-01 1.0296
1  5.25e-02  0.5438422163  5.714048e-01 1.0296
1  5.50e-02  0.5437775849  5.714048e-01 1.0296
1  5.75e-02  0.5437099434  5.714048e-01 1.0296
1  6.03e-02  0.5436391339  5.714048e-01 1.0296
1  6.31e-02  0.5435650782  5.714048e-01 1.0296
1  6.61e-02  0.5434874092  5.714048e-01 1.0296
1  6.92e-02  0.5434059039  5.714048e-01 1.0296
1  7.24e-02  0.5433204311  5.714048e-01 1.0296
1  7.59e-02  0.5432310978  5.714048e-01 1.0296
1  7.94e-02  0.5431376316  5.714048e-01 1.0296
1  8.32e-02  0.5430395801  5.714048e-01 1.0296
1  8.71e-02  0.5429366427  5.714048e-01 1.0296
1  9.12e-02  0.5428287191  5.714048e-01 1.0296
1  9.55e-02  0.5427161452  5.714048e-01 1.0296
1  1.00e-01  0.5425978134  5.714048e-01 1.0296
1  1.05e-01  0.542473559  5.714048e-01 1.0296
1  1.10e-01  0.5423440394  5.714048e-01 1.0296
1  1.15e-01  0.542207906  5.714048e-01 1.0296
1  1.20e-01  0.5420652388  5.714048e-01 1.0296
1  1.26e-01  0.5419156094  5.714048e-01 1.0296
1  1.32e-01  0.5417585887  5.714048e-01 1.0296
1  1.38e-01  0.5415946814  5.714048e-01 1.0296
1  1.45e-01  0.541422447  5.714048e-01 1.0296
1  1.51e-01  0.5412414199  5.714048e-01 1.0296
1  1.58e-01  0.541052477  5.714048e-01 1.0296
1  1.66e-01  0.5408542289  5.714048e-01 1.0296
1  1.74e-01  0.5406461506  5.714048e-01 1.0296
1  1.82e-01  0.5404281234  5.714048e-01 1.0296
1  1.91e-01  0.540198897  5.714048e-01 1.0296
1  2.00e-01  0.5399590137  5.714048e-01 1.0296
1  2.09e-01  0.5397074479  5.714048e-01 1.0296
1  2.19e-01  0.539443603  5.714048e-01 1.0296
1  2.29e-01  0.5391671  5.714048e-01 1.0296
1  2.40e-01  0.5388767596  5.714048e-01 1.0296
1  2.51e-01  0.5385732012  5.714048e-01 1.0296
1  2.63e-01  0.538253096  5.714048e-01 1.0296
1  2.75e-01  0.5379181827  5.714048e-01 1.0296
1  2.88e-01  0.5375668131  5.714048e-01 1.0296
1  3.02e-01  0.5371986427  5.714048e-01 1.0296
1  3.16e-01  0.536811549  5.714048e-01 1.0296
1  3.31e-01  0.5364056085  5.714048e-01 1.0296
1  3.47e-01  0.5359784044  5.714048e-01 1.0296
1  3.63e-01  0.5355309272  5.714048e-01 1.0296
1  3.80e-01  0.5350616795  5.714048e-01 1.0296
1  3.98e-01  0.5345693562  5.714048e-01 1.0296
1  4.17e-01  0.5340518107  5.714048e-01 1.0296
1  4.37e-01  0.5335084965  5.714048e-01 1.0296
1  4.57e-01  0.5329358574  5.714048e-01 1.0296
1  4.79e-01  0.5323367183  5.714048e-01 1.0296
1  5.01e-01  0.5317066501  5.714048e-01 1.0296
1  5.25e-01  0.5310448098  5.714048e-01 1.0296
1  5.50e-01  0.5303498883  5.714048e-01 1.0296
1  5.75e-01  0.529621133  5.714048e-01 1.0296
1  6.03e-01  0.528851908  5.714048e-01 1.0296
1  6.31e-01  0.528046928  5.714048e-01 1.0296
1  6.61e-01  0.527200267  5.714048e-01 1.0296
1  6.92e-01  0.5263090983  5.714048e-01 1.0296
1  7.24e-01  0.525371071  5.714048e-01 1.0296
1  7.59e-01  0.5243850871  5.714048e-01 1.0296
1  7.94e-01  0.523351566  5.714048e-01 1.0296
1  8.32e-01  0.5222630814  5.714048e-01 1.0296
1  8.71e-01  0.5211185263  5.714048e-01 1.0296
1  9.12e-01  0.519911389  5.714048e-01 1.0296
1  9.55e-01  0.518647662  5.714048e-01 1.0296
1  1.00e+00  0.5173153161  5.714048e-01 1.0296
1  1.05e+00  0.5159105329  5.714048e-01 1.0296
1  1.10e+00  0.5144361387  5.714048e-01 1.0296
1  1.15e+00  0.512886823  5.714048e-01 1.0296
1  1.20e+00  0.5112542386  5.714048e-01 1.0296
1  1.26e+00  0.5095422545  5.714048e-01 1.0296
1  1.32e+00  0.5077392773  5.714048e-01 1.0296
1  1.38e+00  0.5058373698  5.714048e-01 1.0296
1  1.45e+00  0.5038420236  5.714048e-01 1.0296
1  1.51e+00  0.5017461515  5.714048e-01 1.0296
1  1.58e+00  0.499548549  5.714048e-01 1.0296
1  1.66e+00  0.4972324042  5.714048e-01 1.0296
1  1.74e+00  0.4947997744  5.714048e-01 1.0296
1  1.82e+00  0.4922459036  5.714048e-01 1.0296
1  1.91e+00  0.4895755216  5.714048e-01 1.0296
1  2.00e+00  0.4867700943  5.714048e-01 1.0296
1  2.09e+00  0.4838311962  5.714048e-01 1.0296
1  2.19e+00  0.4807546858  5.714048e-01 1.0296
1  2.29e+00  0.4775290008  5.714048e-01 1.0296
1  2.40e+00  0.4741771494  5.714048e-01 1.0296
1  2.51e+00  0.4706691751  5.714048e-01 1.0296
1  2.63e+00  0.4670111998  5.714048e-01 1.0296
1  2.75e+00  0.4632110142  5.714048e-01 1.0296
1  2.88e+00  0.4592766379  5.714048e-01 1.0296
1  3.02e+00  0.4551919616  5.714048e-01 1.0296
1  3.16e+00  0.4509672671  5.714048e-01 1.0296
1  3.31e+00  0.4466067499  5.714048e-01 1.0296
1  3.47e+00  0.4421173453  5.714048e-01 1.0296
1  3.63e+00  0.4375258998  5.714048e-01 1.0296
1  3.80e+00  0.43282647  5.714048e-01 1.0296
1  3.98e+00  0.4280277898  5.714048e-01 1.0296
1  4.17e+00  0.4231638739  5.714048e-01 1.0296
1  4.37e+00  0.4182494594  5.714048e-01 1.0296
1  4.57e+00  0.4132722839  5.714048e-01 1.0296
1  4.79e+00  0.4083076698  5.714048e-01 1.0296
1  5.01e+00  0.4033265668  5.714048e-01 1.0296
1  5.25e+00  0.3983755255  5.714048e-01 1.0296
1  5.50e+00  0.3934884009  5.714048e-01 1.0296
1  5.75e+00  0.3886525082  5.714048e-01 1.0296
1  6.03e+00  0.3839316584  5.714048e-01 1.0296
1  6.31e+00  0.3793240703  5.714048e-01 1.0296
1  6.61e+00  0.3748428505  5.714048e-01 1.0296
1  6.92e+00  0.3704897431  5.714048e-01 1.0296
1  7.24e+00  0.3663401094  5.714048e-01 1.0296
1  7.59e+00  0.3623504527  5.714048e-01 1.0296
1  7.94e+00  0.3585209744  5.714048e-01 1.0296
1  8.32e+00  0.3549182209  5.714048e-01 1.0296
1  8.71e+00  0.3515070252  5.714048e-01 1.0296
1  9.12e+00  0.3482659472  5.714048e-01 1.0296
1  9.55e+00  0.3452411664  5.714048e-01 1.0296
1  1.00e+01  0.3424039126  5.714048e-01 1.0296
1  1.05e+01  0.3397798806  5.714048e-01 1.0296
1  1.10e+01  0.3372981343  5.714048e-01 1.0296
1  1.15e+01  0.3350002634  5.714048e-01 1.0296
1  1.20e+01  0.33286799  5.714048e-01 1.0296
1  1.26e+01  0.3309667969  5.714048e-01 1.0296
1  1.32e+01  0.3291153817  5.714048e-01 1.0296
1  1.38e+01  0.3274582557  5.714048e-01 1.0296
1  1.45e+01  0.3259078069  5.714048e-01 1.0296
1  1.51e+01  0.3244856655  5.714048e-01 1.0296
1  1.58e+01  0.3231784314  5.714048e-01 1.0296
1  1.66e+01  0.3219965966  5.714048e-01 1.0296
1  1.74e+01  0.3208797628  5.714048e-01 1.0296
1  1.82e+01  0.3198688826  5.714048e-01 1.0296
1  1.91e+01  0.3189078326  5.714048e-01 1.0296
1  2.00e+01  0.3180499491  5.714048e-01 1.0296
1  2.09e+01  0.3172331456  5.714048e-01 1.0296
1  2.19e+01  0.3164866742  5.714048e-01 1.0296
1  2.29e+01  0.315804843  5.714048e-01 1.0296
1  2.40e+01  0.3151503757  5.714048e-01 1.0296
1  2.51e+01  0.314533689  5.714048e-01 1.0296
1  2.63e+01  0.3139580049  5.714048e-01 1.0296
1  2.75e+01  0.3134416189  5.714048e-01 1.0296
1  2.88e+01  0.3129291036  5.714048e-01 1.0296
1  3.02e+01  0.3124260494  5.714048e-01 1.0296
1  3.16e+01  0.3119646235  5.714048e-01 1.0296
1  3.31e+01  0.3114933021  5.714048e-01 1.0296
1  3.47e+01  0.3110457751  5.714048e-01 1.0296
1  3.63e+01  0.3106091315  5.714048e-01 1.0296
1  3.80e+01  0.3101771342  5.714048e-01 1.0296
1  3.98e+01  0.3097451959  5.714048e-01 1.0296
1  4.17e+01  0.3093061377  5.714048e-01 1.0296
1  4.37e+01  0.3088634312  5.714048e-01 1.0296
1  4.57e+01  0.3084280928  5.714048e-01 1.0296
1  4.79e+01  0.3079338616  5.714048e-01 1.0296
1  5.01e+01  0.3074531535  5.714048e-01 1.0296
1  5.25e+01  0.3069309579  5.714048e-01 1.0296
1  5.50e+01  0.306383217  5.714048e-01 1.0296
1  5.75e+01  0.3057887533  5.714048e-01 1.0296
1  6.03e+01  0.3051581623  5.714048e-01 1.0296
1  6.31e+01  0.3044905763  5.714048e-01 1.0296
1  6.61e+01  0.3037428456  5.714048e-01 1.0296
1  6.92e+01  0.3029077835  5.714048e-01 1.0296
1  7.24e+01  0.3019992558  5.714048e-01 1.0296
1  7.59e+01  0.3009956536  5.714048e-01 1.0296
1  7.94e+01  0.2998513774  5.714048e-01 1.0296
1  8.32e+01  0.2985826933  5.714048e-01 1.0296
1  8.71e+01  0.2971076789  5.714048e-01 1.0296
1  9.12e+01  0.2954390038  5.714048e-01 1.0296
1  9.55e+01  0.2935131934  5.714048e-01 1.0296
1  1.00e+02  0.291270441  5.714048e-01 1.0296
1  1.05e+02  0.2886388051  5.714048e-01 1.0296
1  1.10e+02  0.2855179254  5.714048e-01 1.0296
1  1.15e+02  0.2818113469  5.714048e-01 1.0296
1  1.20e+02  0.2773411983  5.714048e-01 1.0296
1  1.26e+02  0.2719446208  5.714048e-01 1.0296
1  1.32e+02  0.2653732291  5.714048e-01 1.0296
1  1.38e+02  0.2572969606  5.714048e-01 1.0296
1  1.45e+02  0.2474115874  5.714048e-01 1.0296
1  1.51e+02  0.2353009765  5.714048e-01 1.0296
1  1.58e+02  0.2206993604  5.714048e-01 1.0296
1  1.66e+02  0.2034601091  5.714048e-01 1.0296
1  1.74e+02  0.1838091069  5.714048e-01 1.0296
1  1.82e+02  0.1625024704  5.714048e-01 1.0296
1  1.91e+02  0.1407777983  5.714048e-01 1.0296
1  2.00e+02  0.1200709429  5.714048e-01 1.0296
1  2.09e+02  0.1015228477  5.714048e-01 1.0296
1  2.19e+02  0.08578769958  5.714048e-01 1.0296
1  2.29e+02  0.07294303772  5.714048e-01 1.0296
1  2.40e+02  0.0627415699  5.714048e-01 1.0296
1  2.51e+02  0.05475461856  5.714048e-01 1.0296
1  2.63e+02  0.04853804425  5.714048e-01 1.0296
1  2.75e+02  0.04368742751  5.714048e-01 1.0296
1  2.88e+02  0.03990814945  5.714048e-01 1.0296
1  3.02e+02  0.03693256044  5.714048e-01 1.0296
1  3.16e+02  0.03457248887  5.714048e-01 1.0296
1  3.31e+02  0.03268857212  5.714048e-01 1.0296
1  3.47e+02  0.03117455601  5.714048e-01 1.0296
1  3.63e+02  0.02994910524  5.714048e-01 1.0296
1  3.80e+02  0.02894469291  5.714048e-01 1.0296
1  3.98e+02  0.02811919756  5.714048e-01 1.0296
1  4.17e+02  0.02743595811  5.714048e-01 1.0296
1  4.37e+02  0.02686415819  5.714048e-01 1.0296
1  4.57e+02  0.02638810683  5.714048e-01 1.0296
1  4.79e+02  0.02598868937  5.714048e-01 1.0296
1  5.01e+02  0.02564729922  5.714048e-01 1.0296
1  5.25e+02  0.02535769935  5.714048e-01 1.0296
1  5.50e+02  0.02510981971  5.714048e-01 1.0296
1  5.75e+02  0.02489698628  5.714048e-01 1.0296
1  6.03e+02  0.02471459788  5.714048e-01 1.0296
1  6.31e+02  0.02455719598  5.714048e-01 1.0296
1  6.61e+02  0.02442082379  5.714048e-01 1.0296
1  6.92e+02  0.02430129811  5.714048e-01 1.0296
1  7.24e+02  0.02419878063  5.714048e-01 1.0296
1  7.59e+02  0.02410803406  5.714048e-01 1.0296
1  7.94e+02  0.02402812153  5.714048e-01 1.0296
1  8.32e+02  0.02396090624  5.714048e-01 1.0296
1  8.71e+02  0.02389857521  5.714048e-01 1.0296
1  9.12e+02  0.02384484012  5.714048e-01 1.0296
1  9.55e+02  0.02379633654  5.714048e-01 1.0296
1  1.00e+03  0.02375527251  5.714048e-01 1.0296
1  1.05e+03  0.02371747915  5.714048e-01 1.0296
1  1.10e+03  0.02368396481  5.714048e-01 1.0296
1  1.15e+03  0.02365478612  5.714048e-01 1.0296
1  1.20e+03  0.02362880614  5.714048e-01 1.0296
1  1.26e+03  0.02360679439  5.714048e-01 1.0296
1  1.32e+03  0.02358423112  5.714048e-01 1.0296
1  1.38e+03  0.02356714564  5.714048e-01 1.0296
1  1.45e+03  0.02355092303  5.714048e-01 1.0296
1  1.51e+03  0.02353506216  5.714048e-01 1.0296
1  1.58e+03  0.02352203636  5.714048e-01 1.0296
1  1.66e+03  0.02350942548  5.714048e-01 1.0296
1  1.74e+03  0.02349968056  5.714048e-01 1.0296
1  1.82e+03  0.02348888258  5.714048e-01 1.0296
1  1.91e+03  0.02348122773  5.714048e-01 1.0296
1  2.00e+03  0.02347243614  5.714048e-01 1.0296
1  2.09e+03  0.02346572311  5.714048e-01 1.0296
1  2.19e+03  0.02345908373  5.714048e-01 1.0296
1  2.29e+03  0.0234538088  5.714048e-01 1.0296
1  2.40e+03  0.02344845016  5.714048e-01 1.0296
1  2.51e+03  0.0234447564  5.714048e-01 1.0296
1  2.63e+03  0.02343987568  5.714048e-01 1.0296
1  2.75e+03  0.02343621806  5.714048e-01 1.0296
1  2.88e+03  0.0234333598  5.714048e-01 1.0296
1  3.02e+03  0.02343126498  5.714048e-01 1.0296
1  3.16e+03  0.02342755757  5.714048e-01 1.0296
1  3.31e+03  0.02342589437  5.714048e-01 1.0296
1  3.47e+03  0.02342373613  5.714048e-01 1.0296
1  3.63e+03  0.02342029158  5.714048e-01 1.0296
1  3.80e+03  0.02341990409  5.714048e-01 1.0296
1  3.98e+03  0.02341767521  5.714048e-01 1.0296
1  4.17e+03  0.02341820556  5.714048e-01 1.0296
1  4.37e+03  0.02341810978  5.714048e-01 1.0296
1  4.57e+03  0.02341505185  5.714048e-01 1.0296
1  4.79e+03  0.02342121424  5.714048e-01 1.0296
1  5.01e+03  0.02342030993  5.714048e-01 1.0296
1  5.25e+03  0.02340879856  5.714048e-01 1.0296
1  5.50e+03  0.02340083501  5.714048e-01 1.0296
1  5.75e+03  0.02342841755  5.714048e-01 1.0296
1  6.03e+03  0.02343104984  5.714048e-01 1.0296
1  6.31e+03  0.02340926689  5.714048e-01 1.0296
1  6.61e+03  0.02346986421  5.714048e-01 1.0296
1  6.92e+03  0.02342443306  5.714048e-01 1.0296
1  7.24e+03  0.02351064179  5.714048e-01 1.0296
1  7.59e+03  0.02351555225  5.714048e-01 1.0296
1  7.94e+03  0.02351908522  5.714048e-01 1.0296
1  8.32e+03  0.02367074646  5.714048e-01 1.0296
1  8.71e+03  0.02374668179  5.714048e-01 1.0296
1  9.12e+03  0.02377933962  5.714048e-01 1.0296
1  9.55e+03  0.02390939988  5.714048e-01 1.0296
1  1.00e+04  0.02416520053  5.714048e-01 1.0296
1  1.05e+04  0.02446349074  5.714048e-01 1.0296
1  1.10e+04  0.02484552537  5.714048e-01 1.0296
1  1.15e+04  0.0252597987  5.714048e-01 1.0296
1  1.20e+04  0.02583320318  5.714048e-01 1.0296
1  1.26e+04  0.02641725313  5.714048e-01 1.0296
1  1.32e+04  0.0270934264  5.714048e-01 1.0296
1  1.38e+04  0.0279203999  5.714048e-01 1.0296
1  1.45e+04  0.0289816352  5.714048e-01 1.0296
1  1.51e+04  0.03042673261  5.714048e-01 1.0296
1  1.58e+04  0.03217659389  5.714048e-01 1.0296
1  1.66e+04  0.03392807426  5.714048e-01 1.0296
1  1.74e+04  0.0356109053  5.714048e-01 1.0296
1  1.82e+04  0.03770345658  5.714048e-01 1.0296
1  1.91e+04  0.04064532919  5.714048e-01 1.0296
1  2.00e+04  0.04364544271  5.714048e-01 1.0296
1  2.09e+04  0.04662025908  5.714048e-01 1.0296
1  2.19e+04  0.05029645169  5.714048e-01 1.0296
1  2.29e+04  0.05406528876  5.714048e-01 1.0296
1  2.40e+04  0.05861400841  5.714048e-01 1.0296
1  2.51e+04  0.06277132172  5.714048e-01 1.0296
1  2.63e+04  0.06829502265  5.714048e-01 1.0296
1  2.75e+04  0.07299393264  5.714048e-01 1.0296
1  2.88e+04  0.07933584646  5.714048e-01 1.0296
1  3.02e+04  0.08469418674  5.714048e-01 1.0296
1  3.16e+04  0.09151929128  5.714048e-01 1.0296
1  3.31e+04  0.09816269249  5.714048e-01 1.0296
1  3.47e+04  0.1044836449  5.714048e-01 1.0296
1  3.63e+04  0.1128777921  5.714048e-01 1.0296
1  3.80e+04  0.1196975523  5.714048e-01 1.0296
1  3.98e+04  0.1267398167  5.714048e-01 1.0296
1  4.17e+04  0.1366588686  5.714048e-01 1.0296
1  4.37e+04  0.1440634816  5.714048e-01 1.0296
1  4.57e+04  0.1507354575  5.714048e-01 1.0296
1  4.79e+04  0.1611715678  5.714048e-01 1.0296
1  5.01e+04  0.1711326126  5.714048e-01 1.0296
1  5.25e+04  0.1780508279  5.714048e-01 1.0296
1  5.50e+04  0.1856894756  5.714048e-01 1.0296
1  5.75e+04  0.195903883  5.714048e-01 1.0296
1  6.03e+04  0.2066508017  5.714048e-01 1.0296
1  6.31e+04  0.2160135625  5.714048e-01 1.0296
1  6.61e+04  0.2237995992  5.714048e-01 1.0296
1  6.92e+04  0.231118806  5.714048e-01 1.0296
1  7.24e+04  0.2395699261  5.714048e-01 1.0296
1  7.59e+04  0.2498817695  5.714048e-01 1.0296
1  7.94e+04  0.2610713402  5.714048e-01 1.0296
1  8.32e+04  0.2713540648  5.714048e-01 1.0296
1  8.71e+04  0.2797500942  5.714048e-01 1.0296
1  9.12e+04  0.2866456818  5.714048e-01 1.0296
1  9.55e+04  0.2931479802  5.714048e-01 1.0296
1  1.00e+05  0.3001996174  5.714048e-01 1.0296
1  1.05e+05  0.3081844585  5.714048e-01 1.0296
1  1.10e+05  0.3170279013  5.714048e-01 1.0296
1  1.15e+05  0.3264306349  5.714048e-01 1.0296
1  1.20e+05  0.3360083532  5.714048e-01 1.0296
1  1.26e+05  0.3453538464  5.714048e-01 1.0296
1  1.32e+05  0.3541008848  5.714048e-01 1.0296
1  1.38e+05  0.3620004833  5.714048e-01 1.0296
1  1.45e+05  0.3689701443  5.714048e-01 1.0296
1  1.51e+05  0.3750893001  5.714048e-01 1.0296
1  1.58e+05  0.3805491046  5.714048e-01 1.0296
1  1.66e+05  0.3855846483  5.714048e-01 1.0296
1  1.74e+05  0.3904163796  5.714048e-01 1.0296
1  1.82e+05  0.3952150008  5.714048e-01 1.0296
1  1.91e+05  0.4000908163  5.714048e-01 1.0296
1  2.00e+05  0.405100175  5.714048e-01 1.0296
1  2.09e+05  0.4102594355  5.714048e-01 1.0296
1  2.19e+05  0.4155590383  5.714048e-01 1.0296
1  2.29e+05  0.420974043  5.714048e-01 1.0296
1  2.40e+05  0.4264706679  5.714048e-01 1.0296
1  2.51e+05  0.4320100269  5.714048e-01 1.0296
1  2.63e+05  0.4375505235  5.714048e-01 1.0296
1  2.75e+05  0.4430498811  5.714048e-01 1.0296
1  2.88e+05  0.4484671595  5.714048e-01 1.0296
1  3.02e+05  0.4537646753  5.714048e-01 1.0296
1  3.16e+05  0.4589095877  5.714048e-01 1.0296
1  3.31e+05  0.4638749513  5.714048e-01 1.0296
1  3.47e+05  0.4686401654  5.714048e-01 1.0296
1  3.63e+05  0.4731908738  5.714048e-01 1.0296
1  3.80e+05  0.4775184498  5.714048e-01 1.0296
1  3.98e+05  0.4816192248  5.714048e-01 1.0296
1  4.17e+05  0.4854936078  5.714048e-01 1.0296
1  4.37e+05  0.4891452087  5.714048e-01 1.0296
1  4.57e+05  0.4925800366  5.714048e-01 1.0296
1  4.79e+05  0.4958058121  5.714048e-01 1.0296
1  5.01e+05  0.4988314032  5.714048e-01 1.0296
1  5.25e+05  0.5016663802  5.714048e-01 1.0296
1  5.50e+05  0.5043206749  5.714048e-01 1.0296
1  5.75e+05  0.5068043253  5.714048e-01 1.0296
1  6.03e+05  0.5091272894  5.714048e-01 1.0296
1  6.31e+05  0.5112993119  5.714048e-01 1.0296
1  6.61e+05  0.5133298305  5.714048e-01 1.0296
1  6.92e+05  0.5152279128  5.714048e-01 1.0296
1  7.24e+05  0.517002216  5.714048e-01 1.0296
1  7.59e+05  0.5186609618  5.714048e-01 1.0296
1  7.94e+05  0.5202119258  5.714048e-01 1.0296
1  8.32e+05  0.5216624348  5.714048e-01 1.0296
1  8.71e+05  0.5230193714  5.714048e-01 1.0296
1  9.12e+05  0.5242891841  5.714048e-01 1.0296
1  9.55e+05  0.5254779014  5.714048e-01 1.0296
1  1.00e+06  0.5265911478  5.714048e-01 1.0296
1  1.05e+06  0.5276341626  5.714048e-01 1.0296
1  1.10e+06  0.5286118195  5.714048e-01 1.0296
1  1.15e+06  0.529528647  5.714048e-01 1.0296
1  1.20e+06  0.5303888486  5.714048e-01 1.0296
1  1.26e+06  0.5311963236  5.714048e-01 1.0296
1  1.32e+06  0.5319546868  5.714048e-01 1.0296
1  1.38e+06  0.5326672881  5.714048e-01 1.0296
1  1.45e+06  0.5333372307  5.714048e-01 1.0296
1  1.51e+06  0.5339673891  5.714048e-01 1.0296
1  1.58e+06  0.5345604261  5.714048e-01 1.0296
1  1.66e+06  0.5351188079  5.714048e-01 1.0296
1  1.74e+06  0.5356448197  5.714048e-01 1.0296
1  1.82e+06  0.5361405794  5.714048e-01 1.0296
1  1.91e+06  0.5366080521  5.714048e-01 1.0296
1  2.00e+06  0.5370490548  5.714048e-01 1.0296
1  2.09e+06  0.5374652771  5.714048e-01 1.0296
1  2.19e+06  0.537858286  5.714048e-01 1.0296
1  2.29e+06  0.5382295372  5.714048e-01 1.0296
1  2.40e+06  0.538580383  5.714048e-01 1.0296
1  2.51e+06  0.5389120811  5.714048e-01 1.0296
1  2.63e+06  0.5392258009  5.714048e-01 1.0296
1  2.75e+06  0.539522631  5.714048e-01 1.0296
1  2.88e+06  0.539803585  5.714048e-01 1.0296
1  3.02e+06  0.5400696081  5.714048e-01 1.0296
1  3.16e+06  0.5403215811  5.714048e-01 1.0296
1  3.31e+06  0.5405603264  5.714048e-01 1.0296
1  3.47e+06  0.5407866114  5.714048e-01 1.0296
1  3.63e+06  0.5410011536  5.714048e-01 1.0296
1  3.80e+06  0.5412046234  5.714048e-01 1.0296
1  3.98e+06  0.541397648  5.714048e-01 1.0296
1  4.17e+06  0.5415808147  5.714048e-01 1.0296
1  4.37e+06  0.5417546735  5.714048e-01 1.0296
1  4.57e+06  0.54191974  5.714048e-01 1.0296
1  4.79e+06  0.5420764976  5.714048e-01 1.0296
1  5.01e+06  0.5422253999  5.714048e-01 1.0296
1  5.25e+06  0.542366873  5.714048e-01 1.0296
1  5.50e+06  0.5425013169  5.714048e-01 1.0296
1  5.75e+06  0.5426291078  5.714048e-01 1.0296
1  6.03e+06  0.5427505995  5.714048e-01 1.0296
1  6.31e+06  0.5428661249  5.714048e-01 1.0296
1  6.61e+06  0.5429759974  5.714048e-01 1.0296
1  6.92e+06  0.5430805122  5.714048e-01 1.0296
1  7.24e+06  0.5431799476  5.714048e-01 1.0296
1  7.59e+06  0.543274566  5.714048e-01 1.0296
1  7.94e+06  0.5433646147  5.714048e-01 1.0296
1  8.32e+06  0.5434503274  5.714048e-01 1.0296
1  8.71e+06  0.5435319247  5.714048e-01 1.0296
1  9.12e+06  0.5436096148  5.714048e-01 1.0296
1  9.55e+06  0.5436835947  5.714048e-01 1.0296
1  1.00e+07  0.5437540503  5.714048e-01 1.0296
