1  1.00e-03  0.6034334646  5.061395e-01 0.912
1  1.05e-03  0.6034320714  5.061395e-01 0.912
1  1.10e-03  0.6034304796  5.061395e-01 0.912
1  1.15e-03  0.6034288574  5.061395e-01 0.912
1  1.20e-03  0.6034272207  5.061395e-01 0.912
1  1.26e-03  0.6034254236  5.061395e-01 0.912
1  1.32e-03  0.6034234811  5.061395e-01 0.912
1  1.38e-03  0.6034215593  5.061395e-01 0.912
1  1.45e-03  0.6034195271  5.061395e-01 0.912
1  1.51e-03  0.6034174457  5.061395e-01 0.912
1  1.58e-03  0.6034152185  5.061395e-01 0.912
1  1.66e-03  0.6034128501  5.061395e-01 0.912
1  1.74e-03  0.603410422  5.061395e-01 0.912
1  1.82e-03  0.6034078583  5.061395e-01 0.912
1  1.91e-03  0.6034052491  5.061395e-01 0.912
1  2.00e-03  0.6034024503  5.061395e-01 0.912
1  2.09e-03  0.6033994555  5.061395e-01 0.912
1  2.19e-03  0.6033963908  5.061395e-01 0.912
1  2.29e-03  0.6033931854  5.061395e-01 0.912
1  2.40e-03  0.6033898335  5.061395e-01 0.912
1  2.51e-03  0.6033863031  5.061395e-01 0.912
1  2.63e-03  0.6033826072  5.061395e-01 0.912
1  2.75e-03  0.6033787455  5.061395e-01 0.912
1  2.88e-03  0.6033746993  5.061395e-01 0.912
1  3.02e-03  0.6033704677  5.061395e-01 0.912
1  3.16e-03  0.6033660478  5.061395e-01 0.912
1  3.31e-03  0.6033613854  5.061395e-01 0.912
1  3.47e-03  0.6033565331  5.061395e-01 0.912
1  3.63e-03  0.6033514527  5.061395e-01 0.912
1  3.80e-03  0.6033461068  5.061395e-01 0.912
1  3.98e-03  0.6033405201  5.061395e-01 0.912
1  4.17e-03  0.6033346717  5.061395e-01 0.912
1  4.37e-03  0.6033285536  5.061395e-01 0.912
1  4.57e-03  0.60332214  5.061395e-01 0.912
1  4.79e-03  0.6033154008  5.061395e-01 0.912
1  5.01e-03  0.6033083946  5.061395e-01 0.912
1  5.25e-03  0.6033010255  5.061395e-01 0.912
1  5.50e-03  0.6032932887  5.061395e-01 0.912
1  5.75e-03  0.6032852059  5.061395e-01 0.912
1  6.03e-03  0.6032767676  5.061395e-01 0.912
1  6.31e-03  0.6032678818  5.061395e-01 0.912
1  6.61e-03  0.6032586309  5.061395e-01 0.912
1  6.92e-03  0.6032488961  5.061395e-01 0.912
1  7.24e-03  0.6032387251  5.061395e-01 0.912
1  7.59e-03  0.6032280855  5.061395e-01 0.912
1  7.94e-03  0.6032168893  5.061395e-01 0.912
1  8.32e-03  0.6032052391  5.061395e-01 0.912
1  8.71e-03  0.6031929849  5.061395e-01 0.912
1  9.12e-03  0.6031801872  5.061395e-01 0.912
1  9.55e-03  0.6031667551  5.061395e-01 0.912
1  1.00e-02  0.6031526767  5.061395e-01 0.912
1  1.05e-02  0.603137964  5.061395e-01 0.912
1  1.10e-02  0.6031225726  5.061395e-01 0.912
1  1.15e-02  0.6031063969  5.061395e-01 0.912
1  1.20e-02  0.603089487  5.061395e-01 0.912
1  1.26e-02  0.6030717559  5.061395e-01 0.912
1  1.32e-02  0.6030532631  5.061395e-01 0.912
1  1.38e-02  0.6030338281  5.061395e-01 0.912
1  1.45e-02  0.6030135032  5.061395e-01 0.912
1  1.51e-02  0.6029921898  5.061395e-01 0.912
1  1.58e-02  0.6029698859  5.061395e-01 0.912
1  1.66e-02  0.602946507  5.061395e-01 0.912
1  1.74e-02  0.6029219853  5.061395e-01 0.912
1  1.82e-02  0.602896416  5.061395e-01 0.912
1  1.91e-02  0.6028694871  5.061395e-01 0.912
1  2.00e-02  0.6028414414  5.061395e-01 0.912
1  2.09e-02  0.6028119253  5.061395e-01 0.912
1  2.19e-02  0.6027811376  5.061395e-01 0.912
1  2.29e-02  0.6027487777  5.061395e-01 0.912
1  2.40e-02  0.6027150259  5.061395e-01 0.912
1  2.51e-02  0.6026794684  5.061395e-01 0.912
1  2.63e-02  0.6026423442  5.061395e-01 0.912
1  2.75e-02  0.6026034979  5.061395e-01 0.912
1  2.88e-02  0.6025628566  5.061395e-01 0.912
1  3.02e-02  0.602520054  5.061395e-01 0.912
1  3.16e-02  0.6024754794  5.061395e-01 0.912
1  3.31e-02  0.6024286129  5.061395e-01 0.912
1  3.47e-02  0.6023795509  5.061395e-01 0.912
1  3.63e-02  0.6023282343  5.061395e-01 0.912
1  3.80e-02  0.602274333  5.061395e-01 0.912
1  3.98e-02  0.6022181229  5.061395e-01 0.912
1  4.17e-02  0.602158939  5.061395e-01 0.912
1  4.37e-02  0.6020970915  5.061395e-01 0.912
1  4.57e-02  0.6020322252  5.061395e-01 0.912
1  4.79e-02  0.6019643039  5.061395e-01 0.912
1  5.01e-02  0.6018932483  5.061395e-01 0.912
1  5.25e-02  0.6018187513  5.061395e-01 0.912
1  5.50e-02  0.6017407522  5.061395e-01 0.912
1  5.75e-02  0.6016589058  5.061395e-01 0.912
1  6.03e-02  0.6015731733  5.061395e-01 0.912
1  6.31e-02  0.601483122  5.061395e-01 0.912
1  6.61e-02  0.6013891766  5.061395e-01 0.912
1  6.92e-02  0.6012902978  5.061395e-01 0.912
1  7.24e-02  0.6011869543  5.061395e-01 0.912
1  7.59e-02  0.6010785536  5.061395e-01 0.912
1  7.94e-02  0.6009653712  5.061395e-01 0.912
1  8.32e-02  0.6008463258  5.061395e-01 0.912
1  8.71e-02  0.6007216737  5.061395e-01 0.912
1  9.12e-02  0.6005906036  5.061395e-01 0.912
1  9.55e-02  0.600453689  5.061395e-01 0.912
1  1.00e-01  0.6003103433  5.061395e-01 0.912
1  1.05e-01  0.6001594496  5.061395e-01 0.912
1  1.10e-01  0.6000017454  5.061395e-01 0.912
1  1.15e-01  0.5998362875  5.061395e-01 0.912
1  1.20e-01  0.5996629712  5.061395e-01 0.912
1  1.26e-01  0.5994810739  5.061395e-01 0.912
1  1.32e-01  0.59929006  5.061395e-01 0.912
1  1.38e-01  0.5990902967  5.061395e-01 0.912
1  1.45e-01  0.5988805405  5.061395e-01 0.912
1  1.51e-01  0.5986598215  5.061395e-01 0.912
1  1.58e-01  0.5984296256  5.061395e-01 0.912
1  1.66e-01  0.5981875557  5.061395e-01 0.912
1  1.74e-01  0.5979337056  5.061395e-01 0.912
1  1.82e-01  0.5976673081  5.061395e-01 0.912
1  1.91e-01  0.597387177  5.061395e-01 0.912
1  2.00e-01  0.597093804  5.061395e-01 0.912
1  2.09e-01  0.5967859993  5.061395e-01 0.912
1  2.19e-01  0.5964628011  5.061395e-01 0.912
1  2.29e-01  0.5961240984  5.061395e-01 0.912
1  2.40e-01  0.5957678057  5.061395e-01 0.912
1  2.51e-01  0.5953952973  5.061395e-01 0.912
1  2.63e-01  0.5950017888  5.061395e-01 0.912
1  2.75e-01  0.5945897735  5.061395e-01 0.912
1  2.88e-01  0.5941580116  5.061395e-01 0.912
1  3.02e-01  0.5937040745  5.061395e-01 0.912
1  3.16e-01  0.5932253323  5.061395e-01 0.912
1  3.31e-01  0.5927251766  5.061395e-01 0.912
1  3.47e-01  0.5921970523  5.061395e-01 0.912
1  3.63e-01  0.5916437395  5.061395e-01 0.912
1  3.80e-01  0.5910606378  5.061395e-01 0.912
1  3.98e-01  0.5904497656  5.061395e-01 0.912
1  4.17e-01  0.5898058717  5.061395e-01 0.912
1  4.37e-01  0.5891282585  5.061395e-01 0.912
1  4.57e-01  0.5884181583  5.061395e-01 0.912
1  4.79e-01  0.5876690764  5.061395e-01 0.912
1  5.01e-01  0.5868811011  5.061395e-01 0.912
1  5.25e-01  0.5860521591  5.061395e-01 0.912
1  5.50e-01  0.5851786434  5.061395e-01 0.912
1  5.75e-01  0.5842588479  5.061395e-01 0.912
1  6.03e-01  0.5832916089  5.061395e-01 0.912
1  6.31e-01  0.582269604  5.061395e-01 0.912
1  6.61e-01  0.5811969621  5.061395e-01 0.912
1  6.92e-01  0.5800660227  5.061395e-01 0.912
1  7.24e-01  0.5788699609  5.061395e-01 0.912
1  7.59e-01  0.5776117087  5.061395e-01 0.912
1  7.94e-01  0.5762884254  5.061395e-01 0.912
1  8.32e-01  0.5748886492  5.061395e-01 0.912
1  8.71e-01  0.5734130019  5.061395e-01 0.912
1  9.12e-01  0.5718525579  5.061395e-01 0.912
1  9.55e-01  0.5702086561  5.061395e-01 0.912
1  1.00e+00  0.5684704831  5.061395e-01 0.912
1  1.05e+00  0.5666388183  5.061395e-01 0.912
1  1.10e+00  0.5647014999  5.061395e-01 0.912
1  1.15e+00  0.5626530946  5.061395e-01 0.912
1  1.20e+00  0.5604901869  5.061395e-01 0.912
1  1.26e+00  0.5581979342  5.061395e-01 0.912
1  1.32e+00  0.5557803346  5.061395e-01 0.912
1  1.38e+00  0.5532293284  5.061395e-01 0.912
1  1.45e+00  0.5505220531  5.061395e-01 0.912
1  1.51e+00  0.5476602828  5.061395e-01 0.912
1  1.58e+00  0.5446445503  5.061395e-01 0.912
1  1.66e+00  0.5414458643  5.061395e-01 0.912
1  1.74e+00  0.538057292  5.061395e-01 0.912
1  1.82e+00  0.5344816936  5.061395e-01 0.912
1  1.91e+00  0.5307005977  5.061395e-01 0.912
1  2.00e+00  0.5267087719  5.061395e-01 0.912
1  2.09e+00  0.5224865086  5.061395e-01 0.912
1  2.19e+00  0.5180293984  5.061395e-01 0.912
1  2.29e+00  0.5133359426  5.061395e-01 0.912
1  2.40e+00  0.5083753928  5.061395e-01 0.912
1  2.51e+00  0.5031457177  5.061395e-01 0.912
1  2.63e+00  0.4976560304  5.061395e-01 0.912
1  2.75e+00  0.4918765975  5.061395e-01 0.912
1  2.88e+00  0.4858329476  5.061395e-01 0.912
1  3.02e+00  0.4794906623  5.061395e-01 0.912
1  3.16e+00  0.4728703636  5.061395e-01 0.912
1  3.31e+00  0.4659644609  5.061395e-01 0.912
1  3.47e+00  0.4587690098  5.061395e-01 0.912
1  3.63e+00  0.4513288738  5.061395e-01 0.912
1  3.80e+00  0.4436634352  5.061395e-01 0.912
1  3.98e+00  0.4357533389  5.061395e-01 0.912
1  4.17e+00  0.4276349435  5.061395e-01 0.912
1  4.37e+00  0.4193857109  5.061395e-01 0.912
1  4.57e+00  0.4109736593  5.061395e-01 0.912
1  4.79e+00  0.4025059271  5.061395e-01 0.912
1  5.01e+00  0.3939750224  5.061395e-01 0.912
1  5.25e+00  0.3854895948  5.061395e-01 0.912
1  5.50e+00  0.3770141355  5.061395e-01 0.912
1  5.75e+00  0.3686780744  5.061395e-01 0.912
1  6.03e+00  0.3604850094  5.061395e-01 0.912
1  6.31e+00  0.3525056364  5.061395e-01 0.912
1  6.61e+00  0.344774578  5.061395e-01 0.912
1  6.92e+00  0.3373034933  5.061395e-01 0.912
1  7.24e+00  0.3301664991  5.061395e-01 0.912
1  7.59e+00  0.3233916117  5.061395e-01 0.912
1  7.94e+00  0.3169539278  5.061395e-01 0.912
1  8.32e+00  0.3108832659  5.061395e-01 0.912
1  8.71e+00  0.3051739179  5.061395e-01 0.912
1  9.12e+00  0.2998630398  5.061395e-01 0.912
1  9.55e+00  0.2949557355  5.061395e-01 0.912
1  1.00e+01  0.2903811555  5.061395e-01 0.912
1  1.05e+01  0.2861628568  5.061395e-01 0.912
1  1.10e+01  0.2822784994  5.061395e-01 0.912
1  1.15e+01  0.2787033278  5.061395e-01 0.912
1  1.20e+01  0.2754638433  5.061395e-01 0.912
1  1.26e+01  0.2724294301  5.061395e-01 0.912
1  1.32e+01  0.2697242181  5.061395e-01 0.912
1  1.38e+01  0.2672078966  5.061395e-01 0.912
1  1.45e+01  0.2649630395  5.061395e-01 0.912
1  1.51e+01  0.2629062948  5.061395e-01 0.912
1  1.58e+01  0.2610500386  5.061395e-01 0.912
1  1.66e+01  0.2593334335  5.061395e-01 0.912
1  1.74e+01  0.2578074497  5.061395e-01 0.912
1  1.82e+01  0.2563995813  5.061395e-01 0.912
1  1.91e+01  0.2551002464  5.061395e-01 0.912
1  2.00e+01  0.2539418893  5.061395e-01 0.912
1  2.09e+01  0.2528956731  5.061395e-01 0.912
1  2.19e+01  0.2519115531  5.061395e-01 0.912
1  2.29e+01  0.2510207897  5.061395e-01 0.912
1  2.40e+01  0.2502085937  5.061395e-01 0.912
1  2.51e+01  0.2494467447  5.061395e-01 0.912
1  2.63e+01  0.248761022  5.061395e-01 0.912
1  2.75e+01  0.2480900306  5.061395e-01 0.912
1  2.88e+01  0.2475123186  5.061395e-01 0.912
1  3.02e+01  0.2469467316  5.061395e-01 0.912
1  3.16e+01  0.2464002667  5.061395e-01 0.912
1  3.31e+01  0.2459311757  5.061395e-01 0.912
1  3.47e+01  0.2454320892  5.061395e-01 0.912
1  3.63e+01  0.2449763419  5.061395e-01 0.912
1  3.80e+01  0.2445579984  5.061395e-01 0.912
1  3.98e+01  0.2441163545  5.061395e-01 0.912
1  4.17e+01  0.2436826274  5.061395e-01 0.912
1  4.37e+01  0.2432809954  5.061395e-01 0.912
1  4.57e+01  0.2428624348  5.061395e-01 0.912
1  4.79e+01  0.2424305337  5.061395e-01 0.912
1  5.01e+01  0.2420072296  5.061395e-01 0.912
1  5.25e+01  0.2415305363  5.061395e-01 0.912
1  5.50e+01  0.2410751706  5.061395e-01 0.912
1  5.75e+01  0.2405718218  5.061395e-01 0.912
1  6.03e+01  0.2400784538  5.061395e-01 0.912
1  6.31e+01  0.2395187695  5.061395e-01 0.912
1  6.61e+01  0.2388916805  5.061395e-01 0.912
1  6.92e+01  0.238235677  5.061395e-01 0.912
1  7.24e+01  0.2375396431  5.061395e-01 0.912
1  7.59e+01  0.2367385059  5.061395e-01 0.912
1  7.94e+01  0.2358485027  5.061395e-01 0.912
1  8.32e+01  0.2348577924  5.061395e-01 0.912
1  8.71e+01  0.2337255603  5.061395e-01 0.912
1  9.12e+01  0.2324094234  5.061395e-01 0.912
1  9.55e+01  0.2309265048  5.061395e-01 0.912
1  1.00e+02  0.2291989044  5.061395e-01 0.912
1  1.05e+02  0.2272084534  5.061395e-01 0.912
1  1.10e+02  0.2248053639  5.061395e-01 0.912
1  1.15e+02  0.221970001  5.061395e-01 0.912
1  1.20e+02  0.2185806198  5.061395e-01 0.912
1  1.26e+02  0.2144795282  5.061395e-01 0.912
1  1.32e+02  0.2094507073  5.061395e-01 0.912
1  1.38e+02  0.2033080409  5.061395e-01 0.912
1  1.45e+02  0.1957892168  5.061395e-01 0.912
1  1.51e+02  0.1865896987  5.061395e-01 0.912
1  1.58e+02  0.1754633241  5.061395e-01 0.912
1  1.66e+02  0.1623080774  5.061395e-01 0.912
1  1.74e+02  0.1472979142  5.061395e-01 0.912
1  1.82e+02  0.1309890434  5.061395e-01 0.912
1  1.91e+02  0.1143125811  5.061395e-01 0.912
1  2.00e+02  0.0983454966  5.061395e-01 0.912
1  2.09e+02  0.08401533834  5.061395e-01 0.912
1  2.19e+02  0.07183453385  5.061395e-01 0.912
1  2.29e+02  0.06186246314  5.061395e-01 0.912
1  2.40e+02  0.05394449156  5.061395e-01 0.912
1  2.51e+02  0.04774066552  5.061395e-01 0.912
1  2.63e+02  0.04290478033  5.061395e-01 0.912
1  2.75e+02  0.03914076554  5.061395e-01 0.912
1  2.88e+02  0.03620879187  5.061395e-01 0.912
1  3.02e+02  0.0338900567  5.061395e-01 0.912
1  3.16e+02  0.0320643888  5.061395e-01 0.912
1  3.31e+02  0.03060276373  5.061395e-01 0.912
1  3.47e+02  0.02942763632  5.061395e-01 0.912
1  3.63e+02  0.02847244367  5.061395e-01 0.912
1  3.80e+02  0.0276954751  5.061395e-01 0.912
1  3.98e+02  0.02705576651  5.061395e-01 0.912
1  4.17e+02  0.02652574854  5.061395e-01 0.912
1  4.37e+02  0.02608570885  5.061395e-01 0.912
1  4.57e+02  0.02571504096  5.061395e-01 0.912
1  4.79e+02  0.02540522801  5.061395e-01 0.912
1  5.01e+02  0.02514023044  5.061395e-01 0.912
1  5.25e+02  0.02491621672  5.061395e-01 0.912
1  5.50e+02  0.0247247438  5.061395e-01 0.912
1  5.75e+02  0.02455951828  5.061395e-01 0.912
1  6.03e+02  0.02441758221  5.061395e-01 0.912
1  6.31e+02  0.02429515846  5.061395e-01 0.912
1  6.61e+02  0.02419038205  5.061395e-01 0.912
1  6.92e+02  0.02409914441  5.061395e-01 0.912
1  7.24e+02  0.02401795956  5.061395e-01 0.912
1  7.59e+02  0.0239494558  5.061395e-01 0.912
1  7.94e+02  0.02388705489  5.061395e-01 0.912
1  8.32e+02  0.02383281418  5.061395e-01 0.912
1  8.71e+02  0.02378644697  5.061395e-01 0.912
1  9.12e+02  0.02374418536  5.061395e-01 0.912
1  9.55e+02  0.02370798181  5.061395e-01 0.912
1  1.00e+03  0.02367467607  5.061395e-01 0.912
1  1.05e+03  0.02364669894  5.061395e-01 0.912
1  1.10e+03  0.02362090376  5.061395e-01 0.912
1  1.15e+03  0.02359744362  5.061395e-01 0.912
1  1.20e+03  0.02357734395  5.061395e-01 0.912
1  1.26e+03  0.0235591402  5.061395e-01 0.912
1  1.32e+03  0.02354364482  5.061395e-01 0.912
1  1.38e+03  0.02352971854  5.061395e-01 0.912
1  1.45e+03  0.02351656168  5.061395e-01 0.912
1  1.51e+03  0.02350523309  5.061395e-01 0.912
1  1.58e+03  0.02349377669  5.061395e-01 0.912
1  1.66e+03  0.02348479539  5.061395e-01 0.912
1  1.74e+03  0.02347636754  5.061395e-01 0.912
1  1.82e+03  0.02346880915  5.061395e-01 0.912
1  1.91e+03  0.02346215332  5.061395e-01 0.912
1  2.00e+03  0.02345620094  5.061395e-01 0.912
1  2.09e+03  0.02345085389  5.061395e-01 0.912
1  2.19e+03  0.0234465901  5.061395e-01 0.912
1  2.29e+03  0.02344171593  5.061395e-01 0.912
1  2.40e+03  0.02343765674  5.061395e-01 0.912
1  2.51e+03  0.0234345109  5.061395e-01 0.912
1  2.63e+03  0.02343066119  5.061395e-01 0.912
1  2.75e+03  0.0234285581  5.061395e-01 0.912
1  2.88e+03  0.02342588744  5.061395e-01 0.912
1  3.02e+03  0.02342331578  5.061395e-01 0.912
1  3.16e+03  0.02342226292  5.061395e-01 0.912
1  3.31e+03  0.02341898353  5.061395e-01 0.912
1  3.47e+03  0.02341882386  5.061395e-01 0.912
1  3.63e+03  0.0234166064  5.061395e-01 0.912
1  3.80e+03  0.02341498432  5.061395e-01 0.912
1  3.98e+03  0.02341330426  5.061395e-01 0.912
1  4.17e+03  0.02341393381  5.061395e-01 0.912
1  4.37e+03  0.02341491853  5.061395e-01 0.912
1  4.57e+03  0.02341227746  5.061395e-01 0.912
1  4.79e+03  0.02341626116  5.061395e-01 0.912
1  5.01e+03  0.0234133596  5.061395e-01 0.912
1  5.25e+03  0.02340350763  5.061395e-01 0.912
1  5.50e+03  0.02340293191  5.061395e-01 0.912
1  5.75e+03  0.02342685865  5.061395e-01 0.912
1  6.03e+03  0.02341704412  5.061395e-01 0.912
1  6.31e+03  0.02341336622  5.061395e-01 0.912
1  6.61e+03  0.02345025284  5.061395e-01 0.912
1  6.92e+03  0.02342684265  5.061395e-01 0.912
1  7.24e+03  0.02347756922  5.061395e-01 0.912
1  7.59e+03  0.02351057143  5.061395e-01 0.912
1  7.94e+03  0.02349499323  5.061395e-01 0.912
1  8.32e+03  0.02361761526  5.061395e-01 0.912
1  8.71e+03  0.02371374124  5.061395e-01 0.912
1  9.12e+03  0.0237523024  5.061395e-01 0.912
1  9.55e+03  0.02385049343  5.061395e-01 0.912
1  1.00e+04  0.02405799883  5.061395e-01 0.912
1  1.05e+04  0.02432857497  5.061395e-01 0.912
1  1.10e+04  0.02471790386  5.061395e-01 0.912
1  1.15e+04  0.02510260416  5.061395e-01 0.912
1  1.20e+04  0.02568019677  5.061395e-01 0.912
1  1.26e+04  0.02628202114  5.061395e-01 0.912
1  1.32e+04  0.02692743358  5.061395e-01 0.912
1  1.38e+04  0.02776575949  5.061395e-01 0.912
1  1.45e+04  0.02890622577  5.061395e-01 0.912
1  1.51e+04  0.03044765222  5.061395e-01 0.912
1  1.58e+04  0.03225207409  5.061395e-01 0.912
1  1.66e+04  0.03402900432  5.061395e-01 0.912
1  1.74e+04  0.03580391671  5.061395e-01 0.912
1  1.82e+04  0.03812767242  5.061395e-01 0.912
1  1.91e+04  0.04133220816  5.061395e-01 0.912
1  2.00e+04  0.04450225654  5.061395e-01 0.912
1  2.09e+04  0.04769894546  5.061395e-01 0.912
1  2.19e+04  0.05167163871  5.061395e-01 0.912
1  2.29e+04  0.05584038464  5.061395e-01 0.912
1  2.40e+04  0.06071342653  5.061395e-01 0.912
1  2.51e+04  0.06530903617  5.061395e-01 0.912
1  2.63e+04  0.07133928862  5.061395e-01 0.912
1  2.75e+04  0.0764972753  5.061395e-01 0.912
1  2.88e+04  0.08345215463  5.061395e-01 0.912
1  3.02e+04  0.08940631612  5.061395e-01 0.912
1  3.16e+04  0.09682203732  5.061395e-01 0.912
1  3.31e+04  0.1043008695  5.061395e-01 0.912
1  3.47e+04  0.1111713385  5.061395e-01 0.912
1  3.63e+04  0.1204547705  5.061395e-01 0.912
1  3.80e+04  0.1281626839  5.061395e-01 0.912
1  3.98e+04  0.1357882657  5.061395e-01 0.912
1  4.17e+04  0.1467836621  5.061395e-01 0.912
1  4.37e+04  0.1552325234  5.061395e-01 0.912
1  4.57e+04  0.1624987353  5.061395e-01 0.912
1  4.79e+04  0.1739351631  5.061395e-01 0.912
1  5.01e+04  0.1852045042  5.061395e-01 0.912
1  5.25e+04  0.1930259516  5.061395e-01 0.912
1  5.50e+04  0.2013880545  5.061395e-01 0.912
1  5.75e+04  0.2126387162  5.061395e-01 0.912
1  6.03e+04  0.2246525269  5.061395e-01 0.912
1  6.31e+04  0.2352047535  5.061395e-01 0.912
1  6.61e+04  0.2439660782  5.061395e-01 0.912
1  6.92e+04  0.2521122119  5.061395e-01 0.912
1  7.24e+04  0.2614354644  5.061395e-01 0.912
1  7.59e+04  0.2728365386  5.061395e-01 0.912
1  7.94e+04  0.2853112802  5.061395e-01 0.912
1  8.32e+04  0.2968748513  5.061395e-01 0.912
1  8.71e+04  0.306362375  5.061395e-01 0.912
1  9.12e+04  0.3141321486  5.061395e-01 0.912
1  9.55e+04  0.3213964064  5.061395e-01 0.912
1  1.00e+05  0.3292274683  5.061395e-01 0.912
1  1.05e+05  0.3380858128  5.061395e-01 0.912
1  1.10e+05  0.3479106052  5.061395e-01 0.912
1  1.15e+05  0.3583787549  5.061395e-01 0.912
1  1.20e+05  0.3690662309  5.061395e-01 0.912
1  1.26e+05  0.379519615  5.061395e-01 0.912
1  1.32e+05  0.3893267031  5.061395e-01 0.912
1  1.38e+05  0.398201821  5.061395e-01 0.912
1  1.45e+05  0.4060430868  5.061395e-01 0.912
1  1.51e+05  0.4129303304  5.061395e-01 0.912
1  1.58e+05  0.4190711374  5.061395e-01 0.912
1  1.66e+05  0.4247257364  5.061395e-01 0.912
1  1.74e+05  0.4301409254  5.061395e-01 0.912
1  1.82e+05  0.4355096389  5.061395e-01 0.912
1  1.91e+05  0.4409578715  5.061395e-01 0.912
1  2.00e+05  0.4465510927  5.061395e-01 0.912
1  2.09e+05  0.4523095206  5.061395e-01 0.912
1  2.19e+05  0.4582238452  5.061395e-01 0.912
1  2.29e+05  0.464267148  5.061395e-01 0.912
1  2.40e+05  0.4704023649  5.061395e-01 0.912
1  2.51e+05  0.4765865597  5.061395e-01 0.912
1  2.63e+05  0.4827736376  5.061395e-01 0.912
1  2.75e+05  0.488916618  5.061395e-01 0.912
1  2.88e+05  0.4949698827  5.061395e-01 0.912
1  3.02e+05  0.5008913268  5.061395e-01 0.912
1  3.16e+05  0.506644149  5.061395e-01 0.912
1  3.31e+05  0.5121980551  5.061395e-01 0.912
1  3.47e+05  0.5175297921  5.061395e-01 0.912
1  3.63e+05  0.5226230644  5.061395e-01 0.912
1  3.80e+05  0.5274679814  5.061395e-01 0.912
1  3.98e+05  0.5320602101  5.061395e-01 0.912
1  4.17e+05  0.5364000011  5.061395e-01 0.912
1  4.37e+05  0.5404912107  5.061395e-01 0.912
1  4.57e+05  0.5443404063  5.061395e-01 0.912
1  4.79e+05  0.5479560941  5.061395e-01 0.912
1  5.01e+05  0.5513480862  5.061395e-01 0.912
1  5.25e+05  0.5545269991  5.061395e-01 0.912
1  5.50e+05  0.5575038699  5.061395e-01 0.912
1  5.75e+05  0.5602898675  5.061395e-01 0.912
1  6.03e+05  0.5628960825  5.061395e-01 0.912
1  6.31e+05  0.5653333756  5.061395e-01 0.912
1  6.61e+05  0.5676122719  5.061395e-01 0.912
1  6.92e+05  0.569742889  5.061395e-01 0.912
1  7.24e+05  0.57173489  5.061395e-01 0.912
1  7.59e+05  0.5735974562  5.061395e-01 0.912
1  7.94e+05  0.575339273  5.061395e-01 0.912
1  8.32e+05  0.5769685271  5.061395e-01 0.912
1  8.71e+05  0.5784929113  5.061395e-01 0.912
1  9.12e+05  0.5799196349  5.061395e-01 0.912
1  9.55e+05  0.5812554391  5.061395e-01 0.912
1  1.00e+06  0.582506615  5.061395e-01 0.912
1  1.05e+06  0.5836790243  5.061395e-01 0.912
1  1.10e+06  0.5847781204  5.061395e-01 0.912
1  1.15e+06  0.5858089717  5.061395e-01 0.912
1  1.20e+06  0.5867762839  5.061395e-01 0.912
1  1.26e+06  0.5876844228  5.061395e-01 0.912
1  1.32e+06  0.5885374363  5.061395e-01 0.912
1  1.38e+06  0.5893390764  5.061395e-01 0.912
1  1.45e+06  0.5900928196  5.061395e-01 0.912
1  1.51e+06  0.5908018865  5.061395e-01 0.912
1  1.58e+06  0.5914692611  5.061395e-01 0.912
1  1.66e+06  0.5920977075  5.061395e-01 0.912
1  1.74e+06  0.5926897875  5.061395e-01 0.912
1  1.82e+06  0.5932478754  5.061395e-01 0.912
1  1.91e+06  0.5937741751  5.061395e-01 0.912
1  2.00e+06  0.5942707244  5.061395e-01 0.912
1  2.09e+06  0.5947394177  5.061395e-01 0.912
1  2.19e+06  0.5951820134  5.061395e-01 0.912
1  2.29e+06  0.5956001451  5.061395e-01 0.912
1  2.40e+06  0.5959953304  5.061395e-01 0.912
1  2.51e+06  0.5963689805  5.061395e-01 0.912
1  2.63e+06  0.5967224079  5.061395e-01 0.912
1  2.75e+06  0.5970568354  5.061395e-01 0.912
1  2.88e+06  0.597373401  5.061395e-01 0.912
1  3.02e+06  0.5976731658  5.061395e-01 0.912
1  3.16e+06  0.5979571194  5.061395e-01 0.912
1  3.31e+06  0.5982261856  5.061395e-01 0.912
1  3.47e+06  0.5984812267  5.061395e-01 0.912
1  3.63e+06  0.5987230485  5.061395e-01 0.912
1  3.80e+06  0.5989524048  5.061395e-01 0.912
1  3.98e+06  0.5991700004  5.061395e-01 0.912
1  4.17e+06  0.5993764956  5.061395e-01 0.912
1  4.37e+06  0.5995725086  5.061395e-01 0.912
1  4.57e+06  0.5997586191  5.061395e-01 0.912
1  4.79e+06  0.5999353709  5.061395e-01 0.912
1  5.01e+06  0.600103274  5.061395e-01 0.912
1  5.25e+06  0.6002628076  5.061395e-01 0.912
1  5.50e+06  0.6004144219  5.061395e-01 0.912
1  5.75e+06  0.6005585402  5.061395e-01 0.912
1  6.03e+06  0.6006955603  5.061395e-01 0.912
1  6.31e+06  0.600825857  5.061395e-01 0.912
1  6.61e+06  0.600949783  5.061395e-01 0.912
1  6.92e+06  0.6010676706  5.061395e-01 0.912
1  7.24e+06  0.6011798331  5.061395e-01 0.912
1  7.59e+06  0.6012865656  5.061395e-01 0.912
1  7.94e+06  0.6013881471  5.061395e-01 0.912
1  8.32e+06  0.6014848404  5.061395e-01 0.912
1  8.71e+06  0.6015768939  5.061395e-01 0.912
1  9.12e+06  0.6016645422  5.061395e-01 0.912
1  9.55e+06  0.601748007  5.061395e-01 0.912
1  1.00e+07  0.601827498  5.061395e-01 0.912
