1  1.00e-03  0.6064763451  5.030316e-01 0.9064
1  1.05e-03  0.6064749369  5.030316e-01 0.9064
1  1.10e-03  0.6064733488  5.030316e-01 0.9064
1  1.15e-03  0.606471709  5.030316e-01 0.9064
1  1.20e-03  0.6064700682  5.030316e-01 0.9064
1  1.26e-03  0.6064682619  5.030316e-01 0.9064
1  1.32e-03  0.6064663103  5.030316e-01 0.9064
1  1.38e-03  0.6064643836  5.030316e-01 0.9064
1  1.45e-03  0.6064623479  5.030316e-01 0.9064
1  1.51e-03  0.6064602452  5.030316e-01 0.9064
1  1.58e-03  0.6064580161  5.030316e-01 0.9064
1  1.66e-03  0.6064556368  5.030316e-01 0.9064
1  1.74e-03  0.6064531983  5.030316e-01 0.9064
1  1.82e-03  0.6064506246  5.030316e-01 0.9064
1  1.91e-03  0.6064479957  5.030316e-01 0.9064
1  2.00e-03  0.6064451852  5.030316e-01 0.9064
1  2.09e-03  0.6064421815  5.030316e-01 0.9064
1  2.19e-03  0.6064391061  5.030316e-01 0.9064
1  2.29e-03  0.60643588  5.030316e-01 0.9064
1  2.40e-03  0.6064325204  5.030316e-01 0.9064
1  2.51e-03  0.6064289766  5.030316e-01 0.9064
1  2.63e-03  0.6064252639  5.030316e-01 0.9064
1  2.75e-03  0.6064213769  5.030316e-01 0.9064
1  2.88e-03  0.6064173132  5.030316e-01 0.9064
1  3.02e-03  0.6064130624  5.030316e-01 0.9064
1  3.16e-03  0.6064086211  5.030316e-01 0.9064
1  3.31e-03  0.60640395  5.030316e-01 0.9064
1  3.47e-03  0.606399066  5.030316e-01 0.9064
1  3.63e-03  0.6063939671  5.030316e-01 0.9064
1  3.80e-03  0.6063885966  5.030316e-01 0.9064
1  3.98e-03  0.6063829839  5.030316e-01 0.9064
1  4.17e-03  0.6063771207  5.030316e-01 0.9064
1  4.37e-03  0.6063709726  5.030316e-01 0.9064
1  4.57e-03  0.6063645269  5.030316e-01 0.9064
1  4.79e-03  0.6063577589  5.030316e-01 0.9064
1  5.01e-03  0.6063507132  5.030316e-01 0.9064
1  5.25e-03  0.6063433217  5.030316e-01 0.9064
1  5.50e-03  0.6063355577  5.030316e-01 0.9064
1  5.75e-03  0.6063274409  5.030316e-01 0.9064
1  6.03e-03  0.6063189576  5.030316e-01 0.9064
1  6.31e-03  0.60631003  5.030316e-01 0.9064
1  6.61e-03  0.6063007385  5.030316e-01 0.9064
1  6.92e-03  0.6062909739  5.030316e-01 0.9064
1  7.24e-03  0.6062807587  5.030316e-01 0.9064
1  7.59e-03  0.606270051  5.030316e-01 0.9064
1  7.94e-03  0.6062588241  5.030316e-01 0.9064
1  8.32e-03  0.6062471067  5.030316e-01 0.9064
1  8.71e-03  0.6062347893  5.030316e-01 0.9064
1  9.12e-03  0.6062219489  5.030316e-01 0.9064
1  9.55e-03  0.606208469  5.030316e-01 0.9064
1  1.00e-02  0.6061943049  5.030316e-01 0.9064
1  1.05e-02  0.6061795575  5.030316e-01 0.9064
1  1.10e-02  0.6061640708  5.030316e-01 0.9064
1  1.15e-02  0.6061478539  5.030316e-01 0.9064
1  1.20e-02  0.6061308701  5.030316e-01 0.9064
1  1.26e-02  0.6061130336  5.030316e-01 0.9064
1  1.32e-02  0.6060944628  5.030316e-01 0.9064
1  1.38e-02  0.6060749592  5.030316e-01 0.9064
1  1.45e-02  0.6060545216  5.030316e-01 0.9064
1  1.51e-02  0.606033096  5.030316e-01 0.9064
1  1.58e-02  0.6060107017  5.030316e-01 0.9064
1  1.66e-02  0.6059872484  5.030316e-01 0.9064
1  1.74e-02  0.6059625891  5.030316e-01 0.9064
1  1.82e-02  0.6059369019  5.030316e-01 0.9064
1  1.91e-02  0.6059099014  5.030316e-01 0.9064
1  2.00e-02  0.6058817178  5.030316e-01 0.9064
1  2.09e-02  0.60585204  5.030316e-01 0.9064
1  2.19e-02  0.6058210912  5.030316e-01 0.9064
1  2.29e-02  0.6057886057  5.030316e-01 0.9064
1  2.40e-02  0.6057547125  5.030316e-01 0.9064
1  2.51e-02  0.605719015  5.030316e-01 0.9064
1  2.63e-02  0.6056817549  5.030316e-01 0.9064
1  2.75e-02  0.605642751  5.030316e-01 0.9064
1  2.88e-02  0.605601858  5.030316e-01 0.9064
1  3.02e-02  0.6055588897  5.030316e-01 0.9064
1  3.16e-02  0.6055140505  5.030316e-01 0.9064
1  3.31e-02  0.6054669771  5.030316e-01 0.9064
1  3.47e-02  0.6054177054  5.030316e-01 0.9064
1  3.63e-02  0.6053661346  5.030316e-01 0.9064
1  3.80e-02  0.6053120406  5.030316e-01 0.9064
1  3.98e-02  0.6052555902  5.030316e-01 0.9064
1  4.17e-02  0.6051962219  5.030316e-01 0.9064
1  4.37e-02  0.6051339493  5.030316e-01 0.9064
1  4.57e-02  0.6050688229  5.030316e-01 0.9064
1  4.79e-02  0.6050007041  5.030316e-01 0.9064
1  5.01e-02  0.6049293384  5.030316e-01 0.9064
1  5.25e-02  0.6048544911  5.030316e-01 0.9064
1  5.50e-02  0.6047759987  5.030316e-01 0.9064
1  5.75e-02  0.6046937418  5.030316e-01 0.9064
1  6.03e-02  0.6046076127  5.030316e-01 0.9064
1  6.31e-02  0.6045173649  5.030316e-01 0.9064
1  6.61e-02  0.6044229387  5.030316e-01 0.9064
1  6.92e-02  0.6043236492  5.030316e-01 0.9064
1  7.24e-02  0.6042196574  5.030316e-01 0.9064
1  7.59e-02  0.604110836  5.030316e-01 0.9064
1  7.94e-02  0.6039970828  5.030316e-01 0.9064
1  8.32e-02  0.6038775795  5.030316e-01 0.9064
1  8.71e-02  0.6037521677  5.030316e-01 0.9064
1  9.12e-02  0.6036205359  5.030316e-01 0.9064
1  9.55e-02  0.6034832267  5.030316e-01 0.9064
1  1.00e-01  0.603338927  5.030316e-01 0.9064
1  1.05e-01  0.6031872756  5.030316e-01 0.9064
1  1.10e-01  0.603029146  5.030316e-01 0.9064
1  1.15e-01  0.6028628981  5.030316e-01 0.9064
1  1.20e-01  0.6026885769  5.030316e-01 0.9064
1  1.26e-01  0.6025056587  5.030316e-01 0.9064
1  1.32e-01  0.602313635  5.030316e-01 0.9064
1  1.38e-01  0.6021131253  5.030316e-01 0.9064
1  1.45e-01  0.6019022736  5.030316e-01 0.9064
1  1.51e-01  0.6016807819  5.030316e-01 0.9064
1  1.58e-01  0.6014489587  5.030316e-01 0.9064
1  1.66e-01  0.6012061829  5.030316e-01 0.9064
1  1.74e-01  0.6009505881  5.030316e-01 0.9064
1  1.82e-01  0.6006832864  5.030316e-01 0.9064
1  1.91e-01  0.6004020526  5.030316e-01 0.9064
1  2.00e-01  0.6001066871  5.030316e-01 0.9064
1  2.09e-01  0.5997978715  5.030316e-01 0.9064
1  2.19e-01  0.599472809  5.030316e-01 0.9064
1  2.29e-01  0.599132664  5.030316e-01 0.9064
1  2.40e-01  0.5987743906  5.030316e-01 0.9064
1  2.51e-01  0.5983994757  5.030316e-01 0.9064
1  2.63e-01  0.5980044243  5.030316e-01 0.9064
1  2.75e-01  0.5975901836  5.030316e-01 0.9064
1  2.88e-01  0.5971562295  5.030316e-01 0.9064
1  3.02e-01  0.5966991095  5.030316e-01 0.9064
1  3.16e-01  0.5962180149  5.030316e-01 0.9064
1  3.31e-01  0.5957146397  5.030316e-01 0.9064
1  3.47e-01  0.5951849459  5.030316e-01 0.9064
1  3.63e-01  0.5946283709  5.030316e-01 0.9064
1  3.80e-01  0.5940422025  5.030316e-01 0.9064
1  3.98e-01  0.5934260678  5.030316e-01 0.9064
1  4.17e-01  0.5927784831  5.030316e-01 0.9064
1  4.37e-01  0.5920975113  5.030316e-01 0.9064
1  4.57e-01  0.5913833599  5.030316e-01 0.9064
1  4.79e-01  0.5906288448  5.030316e-01 0.9064
1  5.01e-01  0.5898375152  5.030316e-01 0.9064
1  5.25e-01  0.5890024083  5.030316e-01 0.9064
1  5.50e-01  0.5881228121  5.030316e-01 0.9064
1  5.75e-01  0.5871997907  5.030316e-01 0.9064
1  6.03e-01  0.5862235429  5.030316e-01 0.9064
1  6.31e-01  0.5851971257  5.030316e-01 0.9064
1  6.61e-01  0.5841181347  5.030316e-01 0.9064
1  6.92e-01  0.5829785535  5.030316e-01 0.9064
1  7.24e-01  0.5817754414  5.030316e-01 0.9064
1  7.59e-01  0.5805075612  5.030316e-01 0.9064
1  7.94e-01  0.5791717141  5.030316e-01 0.9064
1  8.32e-01  0.5777646127  5.030316e-01 0.9064
1  8.71e-01  0.5762756033  5.030316e-01 0.9064
1  9.12e-01  0.5747070668  5.030316e-01 0.9064
1  9.55e-01  0.573045278  5.030316e-01 0.9064
1  1.00e+00  0.5712938543  5.030316e-01 0.9064
1  1.05e+00  0.569448761  5.030316e-01 0.9064
1  1.10e+00  0.567494085  5.030316e-01 0.9064
1  1.15e+00  0.5654334227  5.030316e-01 0.9064
1  1.20e+00  0.5632440074  5.030316e-01 0.9064
1  1.26e+00  0.5609359075  5.030316e-01 0.9064
1  1.32e+00  0.5584994045  5.030316e-01 0.9064
1  1.38e+00  0.5559127801  5.030316e-01 0.9064
1  1.45e+00  0.5531829653  5.030316e-01 0.9064
1  1.51e+00  0.5502985061  5.030316e-01 0.9064
1  1.58e+00  0.5472443148  5.030316e-01 0.9064
1  1.66e+00  0.5440138458  5.030316e-01 0.9064
1  1.74e+00  0.5405891045  5.030316e-01 0.9064
1  1.82e+00  0.5369781991  5.030316e-01 0.9064
1  1.91e+00  0.5331524438  5.030316e-01 0.9064
1  2.00e+00  0.5290999926  5.030316e-01 0.9064
1  2.09e+00  0.5248359818  5.030316e-01 0.9064
1  2.19e+00  0.5203209575  5.030316e-01 0.9064
1  2.29e+00  0.5155444391  5.030316e-01 0.9064
1  2.40e+00  0.5105258742  5.030316e-01 0.9064
1  2.51e+00  0.5052256157  5.030316e-01 0.9064
1  2.63e+00  0.4996383617  5.030316e-01 0.9064
1  2.75e+00  0.4937776235  5.030316e-01 0.9064
1  2.88e+00  0.4876300773  5.030316e-01 0.9064
1  3.02e+00  0.4811715751  5.030316e-01 0.9064
1  3.16e+00  0.4744345078  5.030316e-01 0.9064
1  3.31e+00  0.4674070121  5.030316e-01 0.9064
1  3.47e+00  0.4601054722  5.030316e-01 0.9064
1  3.63e+00  0.4525166552  5.030316e-01 0.9064
1  3.80e+00  0.4446727615  5.030316e-01 0.9064
1  3.98e+00  0.4366157071  5.030316e-01 0.9064
1  4.17e+00  0.4283431978  5.030316e-01 0.9064
1  4.37e+00  0.4198890819  5.030316e-01 0.9064
1  4.57e+00  0.4113278201  5.030316e-01 0.9064
1  4.79e+00  0.4026694388  5.030316e-01 0.9064
1  5.01e+00  0.3939556225  5.030316e-01 0.9064
1  5.25e+00  0.3852421198  5.030316e-01 0.9064
1  5.50e+00  0.3766139123  5.030316e-01 0.9064
1  5.75e+00  0.3680782491  5.030316e-01 0.9064
1  6.03e+00  0.3597031187  5.030316e-01 0.9064
1  6.31e+00  0.3515358095  5.030316e-01 0.9064
1  6.61e+00  0.3435919545  5.030316e-01 0.9064
1  6.92e+00  0.3359777738  5.030316e-01 0.9064
1  7.24e+00  0.3286950439  5.030316e-01 0.9064
1  7.59e+00  0.3217275361  5.030316e-01 0.9064
1  7.94e+00  0.3151519067  5.030316e-01 0.9064
1  8.32e+00  0.3089772185  5.030316e-01 0.9064
1  8.71e+00  0.303158155  5.030316e-01 0.9064
1  9.12e+00  0.2977364344  5.030316e-01 0.9064
1  9.55e+00  0.2927152061  5.030316e-01 0.9064
1  1.00e+01  0.2880515517  5.030316e-01 0.9064
1  1.05e+01  0.2837600168  5.030316e-01 0.9064
1  1.10e+01  0.279807776  5.030316e-01 0.9064
1  1.15e+01  0.2761714018  5.030316e-01 0.9064
1  1.20e+01  0.2728798888  5.030316e-01 0.9064
1  1.26e+01  0.2697921305  5.030316e-01 0.9064
1  1.32e+01  0.2670455657  5.030316e-01 0.9064
1  1.38e+01  0.2644909922  5.030316e-01 0.9064
1  1.45e+01  0.2622307027  5.030316e-01 0.9064
1  1.51e+01  0.2601500017  5.030316e-01 0.9064
1  1.58e+01  0.2582356291  5.030316e-01 0.9064
1  1.66e+01  0.256534679  5.030316e-01 0.9064
1  1.74e+01  0.2549481379  5.030316e-01 0.9064
1  1.82e+01  0.2535262205  5.030316e-01 0.9064
1  1.91e+01  0.2522521685  5.030316e-01 0.9064
1  2.00e+01  0.2510732219  5.030316e-01 0.9064
1  2.09e+01  0.2499742139  5.030316e-01 0.9064
1  2.19e+01  0.2490054705  5.030316e-01 0.9064
1  2.29e+01  0.2481092614  5.030316e-01 0.9064
1  2.40e+01  0.2472682701  5.030316e-01 0.9064
1  2.51e+01  0.2465351843  5.030316e-01 0.9064
1  2.63e+01  0.2458273114  5.030316e-01 0.9064
1  2.75e+01  0.2451868586  5.030316e-01 0.9064
1  2.88e+01  0.244587218  5.030316e-01 0.9064
1  3.02e+01  0.2440263596  5.030316e-01 0.9064
1  3.16e+01  0.2434739668  5.030316e-01 0.9064
1  3.31e+01  0.2429925737  5.030316e-01 0.9064
1  3.47e+01  0.2424916478  5.030316e-01 0.9064
1  3.63e+01  0.2420478869  5.030316e-01 0.9064
1  3.80e+01  0.2416244826  5.030316e-01 0.9064
1  3.98e+01  0.2411810539  5.030316e-01 0.9064
1  4.17e+01  0.2407485999  5.030316e-01 0.9064
1  4.37e+01  0.2403532145  5.030316e-01 0.9064
1  4.57e+01  0.2399267954  5.030316e-01 0.9064
1  4.79e+01  0.2394945669  5.030316e-01 0.9064
1  5.01e+01  0.2390763363  5.030316e-01 0.9064
1  5.25e+01  0.2386202051  5.030316e-01 0.9064
1  5.50e+01  0.2381736566  5.030316e-01 0.9064
1  5.75e+01  0.2376746648  5.030316e-01 0.9064
1  6.03e+01  0.2371636684  5.030316e-01 0.9064
1  6.31e+01  0.236612391  5.030316e-01 0.9064
1  6.61e+01  0.2360060378  5.030316e-01 0.9064
1  6.92e+01  0.2353596747  5.030316e-01 0.9064
1  7.24e+01  0.2346510504  5.030316e-01 0.9064
1  7.59e+01  0.2338681208  5.030316e-01 0.9064
1  7.94e+01  0.2329726986  5.030316e-01 0.9064
1  8.32e+01  0.2319923123  5.030316e-01 0.9064
1  8.71e+01  0.2308697857  5.030316e-01 0.9064
1  9.12e+01  0.2296241305  5.030316e-01 0.9064
1  9.55e+01  0.2281505235  5.030316e-01 0.9064
1  1.00e+02  0.2264565227  5.030316e-01 0.9064
1  1.05e+02  0.2244411485  5.030316e-01 0.9064
1  1.10e+02  0.2221151287  5.030316e-01 0.9064
1  1.15e+02  0.219323402  5.030316e-01 0.9064
1  1.20e+02  0.2159574913  5.030316e-01 0.9064
1  1.26e+02  0.2118955963  5.030316e-01 0.9064
1  1.32e+02  0.2069584553  5.030316e-01 0.9064
1  1.38e+02  0.2009192366  5.030316e-01 0.9064
1  1.45e+02  0.19349102  5.030316e-01 0.9064
1  1.51e+02  0.1844169429  5.030316e-01 0.9064
1  1.58e+02  0.1734539344  5.030316e-01 0.9064
1  1.66e+02  0.1604849722  5.030316e-01 0.9064
1  1.74e+02  0.145673685  5.030316e-01 0.9064
1  1.82e+02  0.1295767149  5.030316e-01 0.9064
1  1.91e+02  0.113119555  5.030316e-01 0.9064
1  2.00e+02  0.09737368927  5.030316e-01 0.9064
1  2.09e+02  0.08323640739  5.030316e-01 0.9064
1  2.19e+02  0.07119716076  5.030316e-01 0.9064
1  2.29e+02  0.0613717276  5.030316e-01 0.9064
1  2.40e+02  0.05354560529  5.030316e-01 0.9064
1  2.51e+02  0.04741967575  5.030316e-01 0.9064
1  2.63e+02  0.04264886128  5.030316e-01 0.9064
1  2.75e+02  0.0389408344  5.030316e-01 0.9064
1  2.88e+02  0.0360395748  5.030316e-01 0.9064
1  3.02e+02  0.0337552319  5.030316e-01 0.9064
1  3.16e+02  0.03194757592  5.030316e-01 0.9064
1  3.31e+02  0.03050799104  5.030316e-01 0.9064
1  3.47e+02  0.02935059564  5.030316e-01 0.9064
1  3.63e+02  0.02840834364  5.030316e-01 0.9064
1  3.80e+02  0.02764145497  5.030316e-01 0.9064
1  3.98e+02  0.02700989638  5.030316e-01 0.9064
1  4.17e+02  0.02648600127  5.030316e-01 0.9064
1  4.37e+02  0.02605169543  5.030316e-01 0.9064
1  4.57e+02  0.02568521122  5.030316e-01 0.9064
1  4.79e+02  0.02537903283  5.030316e-01 0.9064
1  5.01e+02  0.0251173256  5.030316e-01 0.9064
1  5.25e+02  0.02489623302  5.030316e-01 0.9064
1  5.50e+02  0.02470761577  5.030316e-01 0.9064
1  5.75e+02  0.02454472269  5.030316e-01 0.9064
1  6.03e+02  0.0244047286  5.030316e-01 0.9064
1  6.31e+02  0.0242834185  5.030316e-01 0.9064
1  6.61e+02  0.02417946095  5.030316e-01 0.9064
1  6.92e+02  0.02409012431  5.030316e-01 0.9064
1  7.24e+02  0.02401003867  5.030316e-01 0.9064
1  7.59e+02  0.02394216575  5.030316e-01 0.9064
1  7.94e+02  0.02388042889  5.030316e-01 0.9064
1  8.32e+02  0.02382738788  5.030316e-01 0.9064
1  8.71e+02  0.02378134608  5.030316e-01 0.9064
1  9.12e+02  0.02373949205  5.030316e-01 0.9064
1  9.55e+02  0.02370371074  5.030316e-01 0.9064
1  1.00e+03  0.02367093742  5.030316e-01 0.9064
1  1.05e+03  0.02364344222  5.030316e-01 0.9064
1  1.10e+03  0.0236182351  5.030316e-01 0.9064
1  1.15e+03  0.02359484659  5.030316e-01 0.9064
1  1.20e+03  0.02357503013  5.030316e-01 0.9064
1  1.26e+03  0.02355690961  5.030316e-01 0.9064
1  1.32e+03  0.02354193148  5.030316e-01 0.9064
1  1.38e+03  0.02352799223  5.030316e-01 0.9064
1  1.45e+03  0.02351491928  5.030316e-01 0.9064
1  1.51e+03  0.02350372841  5.030316e-01 0.9064
1  1.58e+03  0.02349251299  5.030316e-01 0.9064
1  1.66e+03  0.0234836613  5.030316e-01 0.9064
1  1.74e+03  0.0234754091  5.030316e-01 0.9064
1  1.82e+03  0.02346792632  5.030316e-01 0.9064
1  1.91e+03  0.02346132843  5.030316e-01 0.9064
1  2.00e+03  0.02345553377  5.030316e-01 0.9064
1  2.09e+03  0.02345023307  5.030316e-01 0.9064
1  2.19e+03  0.02344596202  5.030316e-01 0.9064
1  2.29e+03  0.02344116708  5.030316e-01 0.9064
1  2.40e+03  0.02343719427  5.030316e-01 0.9064
1  2.51e+03  0.02343407199  5.030316e-01 0.9064
1  2.63e+03  0.02343027493  5.030316e-01 0.9064
1  2.75e+03  0.02342811147  5.030316e-01 0.9064
1  2.88e+03  0.02342560692  5.030316e-01 0.9064
1  3.02e+03  0.02342301181  5.030316e-01 0.9064
1  3.16e+03  0.02342197399  5.030316e-01 0.9064
1  3.31e+03  0.02341868438  5.030316e-01 0.9064
1  3.47e+03  0.02341860535  5.030316e-01 0.9064
1  3.63e+03  0.02341645904  5.030316e-01 0.9064
1  3.80e+03  0.02341472826  5.030316e-01 0.9064
1  3.98e+03  0.02341306102  5.030316e-01 0.9064
1  4.17e+03  0.02341369428  5.030316e-01 0.9064
1  4.37e+03  0.02341475947  5.030316e-01 0.9064
1  4.57e+03  0.02341210733  5.030316e-01 0.9064
1  4.79e+03  0.02341596119  5.030316e-01 0.9064
1  5.01e+03  0.0234130204  5.030316e-01 0.9064
1  5.25e+03  0.02340334044  5.030316e-01 0.9064
1  5.50e+03  0.02340304662  5.030316e-01 0.9064
1  5.75e+03  0.02342668209  5.030316e-01 0.9064
1  6.03e+03  0.02341648758  5.030316e-01 0.9064
1  6.31e+03  0.02341353414  5.030316e-01 0.9064
1  6.61e+03  0.02344940221  5.030316e-01 0.9064
1  6.92e+03  0.02342693514  5.030316e-01 0.9064
1  7.24e+03  0.02347627027  5.030316e-01 0.9064
1  7.59e+03  0.02351028597  5.030316e-01 0.9064
1  7.94e+03  0.02349428712  5.030316e-01 0.9064
1  8.32e+03  0.02361575609  5.030316e-01 0.9064
1  8.71e+03  0.02371280899  5.030316e-01 0.9064
1  9.12e+03  0.02375198708  5.030316e-01 0.9064
1  9.55e+03  0.02384920561  5.030316e-01 0.9064
1  1.00e+04  0.02405501949  5.030316e-01 0.9064
1  1.05e+04  0.02432526589  5.030316e-01 0.9064
1  1.10e+04  0.02471555014  5.030316e-01 0.9064
1  1.15e+04  0.02510015921  5.030316e-01 0.9064
1  1.20e+04  0.02567893007  5.030316e-01 0.9064
1  1.26e+04  0.02628337627  5.030316e-01 0.9064
1  1.32e+04  0.02692920036  5.030316e-01 0.9064
1  1.38e+04  0.0277697958  5.030316e-01 0.9064
1  1.45e+04  0.02891606169  5.030316e-01 0.9064
1  1.51e+04  0.03046473222  5.030316e-01 0.9064
1  1.58e+04  0.03227492996  5.030316e-01 0.9064
1  1.66e+04  0.03405639688  5.030316e-01 0.9064
1  1.74e+04  0.035839088  5.030316e-01 0.9064
1  1.82e+04  0.0381776974  5.030316e-01 0.9064
1  1.91e+04  0.04139914661  5.030316e-01 0.9064
1  2.00e+04  0.04458129109  5.030316e-01 0.9064
1  2.09e+04  0.04779294616  5.030316e-01 0.9064
1  2.19e+04  0.05178521003  5.030316e-01 0.9064
1  2.29e+04  0.05597740572  5.030316e-01 0.9064
1  2.40e+04  0.06087158241  5.030316e-01 0.9064
1  2.51e+04  0.0654931416  5.030316e-01 0.9064
1  2.63e+04  0.07155326517  5.030316e-01 0.9064
1  2.75e+04  0.07673853393  5.030316e-01 0.9064
1  2.88e+04  0.08372858519  5.030316e-01 0.9064
1  3.02e+04  0.08971658358  5.030316e-01 0.9064
1  3.16e+04  0.09716659941  5.030316e-01 0.9064
1  3.31e+04  0.1046908352  5.030316e-01 0.9064
1  3.47e+04  0.1115932513  5.030316e-01 0.9064
1  3.63e+04  0.1209252083  5.030316e-01 0.9064
1  3.80e+04  0.128680917  5.030316e-01 0.9064
1  3.98e+04  0.1363396027  5.030316e-01 0.9064
1  4.17e+04  0.1473929212  5.030316e-01 0.9064
1  4.37e+04  0.1558966203  5.030316e-01 0.9064
1  4.57e+04  0.1631954957  5.030316e-01 0.9064
1  4.79e+04  0.1746861333  5.030316e-01 0.9064
1  5.01e+04  0.1860237819  5.030316e-01 0.9064
1  5.25e+04  0.1938919465  5.030316e-01 0.9064
1  5.50e+04  0.202292696  5.030316e-01 0.9064
1  5.75e+04  0.2135985384  5.030316e-01 0.9064
1  6.03e+04  0.22567842  5.030316e-01 0.9064
1  6.31e+04  0.2362917666  5.030316e-01 0.9064
1  6.61e+04  0.2451030039  5.030316e-01 0.9064
1  6.92e+04  0.2532917624  5.030316e-01 0.9064
1  7.24e+04  0.2626604057  5.030316e-01 0.9064
1  7.59e+04  0.2741181767  5.030316e-01 0.9064
1  7.94e+04  0.2866593142  5.030316e-01 0.9064
1  8.32e+04  0.2982883532  5.030316e-01 0.9064
1  8.71e+04  0.3078310178  5.030316e-01 0.9064
1  9.12e+04  0.3156445822  5.030316e-01 0.9064
1  9.55e+04  0.3229470589  5.030316e-01 0.9064
1  1.00e+05  0.3308175667  5.030316e-01 0.9064
1  1.05e+05  0.3397204385  5.030316e-01 0.9064
1  1.10e+05  0.3495953836  5.030316e-01 0.9064
1  1.15e+05  0.3601179445  5.030316e-01 0.9064
1  1.20e+05  0.3708619524  5.030316e-01 0.9064
1  1.26e+05  0.3813715626  5.030316e-01 0.9064
1  1.32e+05  0.3912321933  5.030316e-01 0.9064
1  1.38e+05  0.4001563044  5.030316e-01 0.9064
1  1.45e+05  0.4080410654  5.030316e-01 0.9064
1  1.51e+05  0.4149663917  5.030316e-01 0.9064
1  1.58e+05  0.42114078  5.030316e-01 0.9064
1  1.66e+05  0.4268258067  5.030316e-01 0.9064
1  1.74e+05  0.4322696612  5.030316e-01 0.9064
1  1.82e+05  0.4376664392  5.030316e-01 0.9064
1  1.91e+05  0.4431429448  5.030316e-01 0.9064
1  2.00e+05  0.4487651092  5.030316e-01 0.9064
1  2.09e+05  0.4545533378  5.030316e-01 0.9064
1  2.19e+05  0.4604983207  5.030316e-01 0.9064
1  2.29e+05  0.4665730261  5.030316e-01 0.9064
1  2.40e+05  0.4727402108  5.030316e-01 0.9064
1  2.51e+05  0.4789567215  5.030316e-01 0.9064
1  2.63e+05  0.4851762252  5.030316e-01 0.9064
1  2.75e+05  0.4913514933  5.030316e-01 0.9064
1  2.88e+05  0.4974366626  5.030316e-01 0.9064
1  3.02e+05  0.5033893975  5.030316e-01 0.9064
1  3.16e+05  0.5091726907  5.030316e-01 0.9064
1  3.31e+05  0.514756075  5.030316e-01 0.9064
1  3.47e+05  0.5201161605  5.030316e-01 0.9064
1  3.63e+05  0.5252365526  5.030316e-01 0.9064
1  3.80e+05  0.5301072966  5.030316e-01 0.9064
1  3.98e+05  0.5347240269  5.030316e-01 0.9064
1  4.17e+05  0.5390869873  5.030316e-01 0.9064
1  4.37e+05  0.5432000487  5.030316e-01 0.9064
1  4.57e+05  0.5470698086  5.030316e-01 0.9064
1  4.79e+05  0.5507048151  5.030316e-01 0.9064
1  5.01e+05  0.5541149302  5.030316e-01 0.9064
1  5.25e+05  0.5573108256  5.030316e-01 0.9064
1  5.50e+05  0.5603035961  5.030316e-01 0.9064
1  5.75e+05  0.5631044697  5.030316e-01 0.9064
1  6.03e+05  0.5657245958  5.030316e-01 0.9064
1  6.31e+05  0.5681748931  5.030316e-01 0.9064
1  6.61e+05  0.5704659431  5.030316e-01 0.9064
1  6.92e+05  0.5726079174  5.030316e-01 0.9064
1  7.24e+05  0.5746105312  5.030316e-01 0.9064
1  7.59e+05  0.5764830151  5.030316e-01 0.9064
1  7.94e+05  0.5782341013  5.030316e-01 0.9064
1  8.32e+05  0.5798720206  5.030316e-01 0.9064
1  8.71e+05  0.581404507  5.030316e-01 0.9064
1  9.12e+05  0.582838809  5.030316e-01 0.9064
1  9.55e+05  0.5841817041  5.030316e-01 0.9064
1  1.00e+06  0.5854395173  5.030316e-01 0.9064
1  1.05e+06  0.5866181418  5.030316e-01 0.9064
1  1.10e+06  0.5877230607  5.030316e-01 0.9064
1  1.15e+06  0.5887593695  5.030316e-01 0.9064
1  1.20e+06  0.5897317995  5.030316e-01 0.9064
1  1.26e+06  0.5906447397  5.030316e-01 0.9064
1  1.32e+06  0.5915022603  5.030316e-01 0.9064
1  1.38e+06  0.5923081333  5.030316e-01 0.9064
1  1.45e+06  0.5930658538  5.030316e-01 0.9064
1  1.51e+06  0.59377866  5.030316e-01 0.9064
1  1.58e+06  0.5944495517  5.030316e-01 0.9064
1  1.66e+06  0.5950813081  5.030316e-01 0.9064
1  1.74e+06  0.5956765046  5.030316e-01 0.9064
1  1.82e+06  0.5962375285  5.030316e-01 0.9064
1  1.91e+06  0.5967665952  5.030316e-01 0.9064
1  2.00e+06  0.5972657537  5.030316e-01 0.9064
1  2.09e+06  0.5977369085  5.030316e-01 0.9064
1  2.19e+06  0.5981818273  5.030316e-01 0.9064
1  2.29e+06  0.5986021527  5.030316e-01 0.9064
1  2.40e+06  0.5989994102  5.030316e-01 0.9064
1  2.51e+06  0.5993750185  5.030316e-01 0.9064
1  2.63e+06  0.5997302974  5.030316e-01 0.9064
1  2.75e+06  0.600066476  5.030316e-01 0.9064
1  2.88e+06  0.6003846984  5.030316e-01 0.9064
1  3.02e+06  0.6006860315  5.030316e-01 0.9064
1  3.16e+06  0.6009714701  5.030316e-01 0.9064
1  3.31e+06  0.6012419427  5.030316e-01 0.9064
1  3.47e+06  0.6014983165  5.030316e-01 0.9064
1  3.63e+06  0.6017414014  5.030316e-01 0.9064
1  3.80e+06  0.6019719552  5.030316e-01 0.9064
1  3.98e+06  0.6021906866  5.030316e-01 0.9064
1  4.17e+06  0.6023982592  5.030316e-01 0.9064
1  4.37e+06  0.6025952946  5.030316e-01 0.9064
1  4.57e+06  0.6027823756  5.030316e-01 0.9064
1  4.79e+06  0.6029600488  5.030316e-01 0.9064
1  5.01e+06  0.6031288269  5.030316e-01 0.9064
1  5.25e+06  0.6032891917  5.030316e-01 0.9064
1  5.50e+06  0.6034415957  5.030316e-01 0.9064
1  5.75e+06  0.6035864644  5.030316e-01 0.9064
1  6.03e+06  0.6037241979  5.030316e-01 0.9064
1  6.31e+06  0.6038551727  5.030316e-01 0.9064
1  6.61e+06  0.6039797436  5.030316e-01 0.9064
1  6.92e+06  0.6040982445  5.030316e-01 0.9064
1  7.24e+06  0.6042109903  5.030316e-01 0.9064
1  7.59e+06  0.6043182779  5.030316e-01 0.9064
1  7.94e+06  0.6044203875  5.030316e-01 0.9064
1  8.32e+06  0.6045175834  5.030316e-01 0.9064
1  8.71e+06  0.6046101154  5.030316e-01 0.9064
1  9.12e+06  0.6046982191  5.030316e-01 0.9064
1  9.55e+06  0.6047821176  5.030316e-01 0.9064
1  1.00e+07  0.6048620216  5.030316e-01 0.9064
