1  1.00e-03  0.6021353306  5.074714e-01 0.9144
1  1.05e-03  0.6021339429  5.074714e-01 0.9144
1  1.10e-03  0.6021323534  5.074714e-01 0.9144
1  1.15e-03  0.6021307381  5.074714e-01 0.9144
1  1.20e-03  0.6021291011  5.074714e-01 0.9144
1  1.26e-03  0.6021273105  5.074714e-01 0.9144
1  1.32e-03  0.6021253676  5.074714e-01 0.9144
1  1.38e-03  0.6021234488  5.074714e-01 0.9144
1  1.45e-03  0.6021214235  5.074714e-01 0.9144
1  1.51e-03  0.6021193463  5.074714e-01 0.9144
1  1.58e-03  0.6021171201  5.074714e-01 0.9144
1  1.66e-03  0.6021147616  5.074714e-01 0.9144
1  1.74e-03  0.6021123385  5.074714e-01 0.9144
1  1.82e-03  0.6021097794  5.074714e-01 0.9144
1  1.91e-03  0.6021071727  5.074714e-01 0.9144
1  2.00e-03  0.6021043778  5.074714e-01 0.9144
1  2.09e-03  0.6021013876  5.074714e-01 0.9144
1  2.19e-03  0.6020983319  5.074714e-01 0.9144
1  2.29e-03  0.6020951309  5.074714e-01 0.9144
1  2.40e-03  0.6020917919  5.074714e-01 0.9144
1  2.51e-03  0.6020882659  5.074714e-01 0.9144
1  2.63e-03  0.6020845789  5.074714e-01 0.9144
1  2.75e-03  0.6020807186  5.074714e-01 0.9144
1  2.88e-03  0.6020766812  5.074714e-01 0.9144
1  3.02e-03  0.6020724573  5.074714e-01 0.9144
1  3.16e-03  0.6020680462  5.074714e-01 0.9144
1  3.31e-03  0.6020633974  5.074714e-01 0.9144
1  3.47e-03  0.6020585491  5.074714e-01 0.9144
1  3.63e-03  0.6020534811  5.074714e-01 0.9144
1  3.80e-03  0.6020481462  5.074714e-01 0.9144
1  3.98e-03  0.6020425696  5.074714e-01 0.9144
1  4.17e-03  0.6020367403  5.074714e-01 0.9144
1  4.37e-03  0.6020306329  5.074714e-01 0.9144
1  4.57e-03  0.602024229  5.074714e-01 0.9144
1  4.79e-03  0.6020175019  5.074714e-01 0.9144
1  5.01e-03  0.6020105056  5.074714e-01 0.9144
1  5.25e-03  0.6020031589  5.074714e-01 0.9144
1  5.50e-03  0.6019954393  5.074714e-01 0.9144
1  5.75e-03  0.601987374  5.074714e-01 0.9144
1  6.03e-03  0.6019789489  5.074714e-01 0.9144
1  6.31e-03  0.6019700771  5.074714e-01 0.9144
1  6.61e-03  0.6019608465  5.074714e-01 0.9144
1  6.92e-03  0.6019511379  5.074714e-01 0.9144
1  7.24e-03  0.6019409888  5.074714e-01 0.9144
1  7.59e-03  0.6019303567  5.074714e-01 0.9144
1  7.94e-03  0.6019191933  5.074714e-01 0.9144
1  8.32e-03  0.601907558  5.074714e-01 0.9144
1  8.71e-03  0.60189532  5.074714e-01 0.9144
1  9.12e-03  0.6018825593  5.074714e-01 0.9144
1  9.55e-03  0.6018691613  5.074714e-01 0.9144
1  1.00e-02  0.6018550927  5.074714e-01 0.9144
1  1.05e-02  0.6018404314  5.074714e-01 0.9144
1  1.10e-02  0.6018250534  5.074714e-01 0.9144
1  1.15e-02  0.6018089287  5.074714e-01 0.9144
1  1.20e-02  0.6017920535  5.074714e-01 0.9144
1  1.26e-02  0.6017743372  5.074714e-01 0.9144
1  1.32e-02  0.6017558883  5.074714e-01 0.9144
1  1.38e-02  0.6017365029  5.074714e-01 0.9144
1  1.45e-02  0.6017162038  5.074714e-01 0.9144
1  1.51e-02  0.6016949203  5.074714e-01 0.9144
1  1.58e-02  0.6016726683  5.074714e-01 0.9144
1  1.66e-02  0.6016493559  5.074714e-01 0.9144
1  1.74e-02  0.601624859  5.074714e-01 0.9144
1  1.82e-02  0.6015993431  5.074714e-01 0.9144
1  1.91e-02  0.6015724947  5.074714e-01 0.9144
1  2.00e-02  0.6015445025  5.074714e-01 0.9144
1  2.09e-02  0.6015150191  5.074714e-01 0.9144
1  2.19e-02  0.6014842804  5.074714e-01 0.9144
1  2.29e-02  0.6014519944  5.074714e-01 0.9144
1  2.40e-02  0.6014183235  5.074714e-01 0.9144
1  2.51e-02  0.6013828421  5.074714e-01 0.9144
1  2.63e-02  0.6013458126  5.074714e-01 0.9144
1  2.75e-02  0.6013070587  5.074714e-01 0.9144
1  2.88e-02  0.6012664588  5.074714e-01 0.9144
1  3.02e-02  0.6012237496  5.074714e-01 0.9144
1  3.16e-02  0.6011792296  5.074714e-01 0.9144
1  3.31e-02  0.6011324558  5.074714e-01 0.9144
1  3.47e-02  0.6010834982  5.074714e-01 0.9144
1  3.63e-02  0.601032275  5.074714e-01 0.9144
1  3.80e-02  0.6009785098  5.074714e-01 0.9144
1  3.98e-02  0.600922436  5.074714e-01 0.9144
1  4.17e-02  0.600863418  5.074714e-01 0.9144
1  4.37e-02  0.6008015989  5.074714e-01 0.9144
1  4.57e-02  0.6007368835  5.074714e-01 0.9144
1  4.79e-02  0.6006691747  5.074714e-01 0.9144
1  5.01e-02  0.6005982788  5.074714e-01 0.9144
1  5.25e-02  0.6005239315  5.074714e-01 0.9144
1  5.50e-02  0.600446007  5.074714e-01 0.9144
1  5.75e-02  0.6003643016  5.074714e-01 0.9144
1  6.03e-02  0.6002787437  5.074714e-01 0.9144
1  6.31e-02  0.6001890042  5.074714e-01 0.9144
1  6.61e-02  0.6000952376  5.074714e-01 0.9144
1  6.92e-02  0.5999965714  5.074714e-01 0.9144
1  7.24e-02  0.5998933316  5.074714e-01 0.9144
1  7.59e-02  0.5997852053  5.074714e-01 0.9144
1  7.94e-02  0.59967226  5.074714e-01 0.9144
1  8.32e-02  0.5995535223  5.074714e-01 0.9144
1  8.71e-02  0.5994290197  5.074714e-01 0.9144
1  9.12e-02  0.5992982265  5.074714e-01 0.9144
1  9.55e-02  0.5991617698  5.074714e-01 0.9144
1  1.00e-01  0.5990185695  5.074714e-01 0.9144
1  1.05e-01  0.5988679381  5.074714e-01 0.9144
1  1.10e-01  0.5987107856  5.074714e-01 0.9144
1  1.15e-01  0.5985456818  5.074714e-01 0.9144
1  1.20e-01  0.5983726388  5.074714e-01 0.9144
1  1.26e-01  0.5981910428  5.074714e-01 0.9144
1  1.32e-01  0.5980003613  5.074714e-01 0.9144
1  1.38e-01  0.5978011911  5.074714e-01 0.9144
1  1.45e-01  0.5975918468  5.074714e-01 0.9144
1  1.51e-01  0.5973717221  5.074714e-01 0.9144
1  1.58e-01  0.5971417893  5.074714e-01 0.9144
1  1.66e-01  0.5969005464  5.074714e-01 0.9144
1  1.74e-01  0.5966469738  5.074714e-01 0.9144
1  1.82e-01  0.5963814197  5.074714e-01 0.9144
1  1.91e-01  0.5961020307  5.074714e-01 0.9144
1  2.00e-01  0.5958090002  5.074714e-01 0.9144
1  2.09e-01  0.5955022098  5.074714e-01 0.9144
1  2.19e-01  0.5951796025  5.074714e-01 0.9144
1  2.29e-01  0.5948418791  5.074714e-01 0.9144
1  2.40e-01  0.5944862816  5.074714e-01 0.9144
1  2.51e-01  0.5941145111  5.074714e-01 0.9144
1  2.63e-01  0.5937220621  5.074714e-01 0.9144
1  2.75e-01  0.5933109888  5.074714e-01 0.9144
1  2.88e-01  0.5928804157  5.074714e-01 0.9144
1  3.02e-01  0.592427234  5.074714e-01 0.9144
1  3.16e-01  0.5919495968  5.074714e-01 0.9144
1  3.31e-01  0.5914505903  5.074714e-01 0.9144
1  3.47e-01  0.5909243341  5.074714e-01 0.9144
1  3.63e-01  0.5903723659  5.074714e-01 0.9144
1  3.80e-01  0.5897907258  5.074714e-01 0.9144
1  3.98e-01  0.5891806686  5.074714e-01 0.9144
1  4.17e-01  0.5885384052  5.074714e-01 0.9144
1  4.37e-01  0.5878627119  5.074714e-01 0.9144
1  4.57e-01  0.5871548245  5.074714e-01 0.9144
1  4.79e-01  0.5864072542  5.074714e-01 0.9144
1  5.01e-01  0.5856220768  5.074714e-01 0.9144
1  5.25e-01  0.5847950015  5.074714e-01 0.9144
1  5.50e-01  0.5839235499  5.074714e-01 0.9144
1  5.75e-01  0.5830073732  5.074714e-01 0.9144
1  6.03e-01  0.5820418211  5.074714e-01 0.9144
1  6.31e-01  0.5810233427  5.074714e-01 0.9144
1  6.61e-01  0.579954436  5.074714e-01 0.9144
1  6.92e-01  0.5788266737  5.074714e-01 0.9144
1  7.24e-01  0.5776342536  5.074714e-01 0.9144
1  7.59e-01  0.5763795365  5.074714e-01 0.9144
1  7.94e-01  0.5750599286  5.074714e-01 0.9144
1  8.32e-01  0.5736656625  5.074714e-01 0.9144
1  8.71e-01  0.5721908895  5.074714e-01 0.9144
1  9.12e-01  0.5706399501  5.074714e-01 0.9144
1  9.55e-01  0.5690002462  5.074714e-01 0.9144
1  1.00e+00  0.5672681187  5.074714e-01 0.9144
1  1.05e+00  0.5654440163  5.074714e-01 0.9144
1  1.10e+00  0.5635136144  5.074714e-01 0.9144
1  1.15e+00  0.5614722196  5.074714e-01 0.9144
1  1.20e+00  0.559317826  5.074714e-01 0.9144
1  1.26e+00  0.5570349329  5.074714e-01 0.9144
1  1.32e+00  0.5546280343  5.074714e-01 0.9144
1  1.38e+00  0.5520866014  5.074714e-01 0.9144
1  1.45e+00  0.5493907736  5.074714e-01 0.9144
1  1.51e+00  0.5465424892  5.074714e-01 0.9144
1  1.58e+00  0.5435406253  5.074714e-01 0.9144
1  1.66e+00  0.5403573225  5.074714e-01 0.9144
1  1.74e+00  0.5369843188  5.074714e-01 0.9144
1  1.82e+00  0.5334275811  5.074714e-01 0.9144
1  1.91e+00  0.5296658188  5.074714e-01 0.9144
1  2.00e+00  0.525694377  5.074714e-01 0.9144
1  2.09e+00  0.5214965603  5.074714e-01 0.9144
1  2.19e+00  0.5170690417  5.074714e-01 0.9144
1  2.29e+00  0.5123982931  5.074714e-01 0.9144
1  2.40e+00  0.5074686915  5.074714e-01 0.9144
1  2.51e+00  0.5022839316  5.074714e-01 0.9144
1  2.63e+00  0.4968175925  5.074714e-01 0.9144
1  2.75e+00  0.4910773965  5.074714e-01 0.9144
1  2.88e+00  0.4850761422  5.074714e-01 0.9144
1  3.02e+00  0.4787796904  5.074714e-01 0.9144
1  3.16e+00  0.4722087174  5.074714e-01 0.9144
1  3.31e+00  0.4653559506  5.074714e-01 0.9144
1  3.47e+00  0.45821745  5.074714e-01 0.9144
1  3.63e+00  0.4508386703  5.074714e-01 0.9144
1  3.80e+00  0.4432376457  5.074714e-01 0.9144
1  3.98e+00  0.4353951367  5.074714e-01 0.9144
1  4.17e+00  0.4273494856  5.074714e-01 0.9144
1  4.37e+00  0.4191751192  5.074714e-01 0.9144
1  4.57e+00  0.41084037  5.074714e-01 0.9144
1  4.79e+00  0.4024510279  5.074714e-01 0.9144
1  5.01e+00  0.3940021598  5.074714e-01 0.9144
1  5.25e+00  0.3855983625  5.074714e-01 0.9144
1  5.50e+00  0.377205133  5.074714e-01 0.9144
1  5.75e+00  0.3689506236  5.074714e-01 0.9144
1  6.03e+00  0.3608380788  5.074714e-01 0.9144
1  6.31e+00  0.3529371839  5.074714e-01 0.9144
1  6.61e+00  0.3452789891  5.074714e-01 0.9144
1  6.92e+00  0.3378803619  5.074714e-01 0.9144
1  7.24e+00  0.3308144819  5.074714e-01 0.9144
1  7.59e+00  0.3240990695  5.074714e-01 0.9144
1  7.94e+00  0.3177203762  5.074714e-01 0.9144
1  8.32e+00  0.3117113489  5.074714e-01 0.9144
1  8.71e+00  0.3060535082  5.074714e-01 0.9144
1  9.12e+00  0.3007890001  5.074714e-01 0.9144
1  9.55e+00  0.2959147237  5.074714e-01 0.9144
1  1.00e+01  0.2913728445  5.074714e-01 0.9144
1  1.05e+01  0.2871906125  5.074714e-01 0.9144
1  1.10e+01  0.2833370141  5.074714e-01 0.9144
1  1.15e+01  0.2797786504  5.074714e-01 0.9144
1  1.20e+01  0.2765693723  5.074714e-01 0.9144
1  1.26e+01  0.2736217829  5.074714e-01 0.9144
1  1.32e+01  0.27088441  5.074714e-01 0.9144
1  1.38e+01  0.2683942181  5.074714e-01 0.9144
1  1.45e+01  0.2661513603  5.074714e-01 0.9144
1  1.51e+01  0.2641074797  5.074714e-01 0.9144
1  1.58e+01  0.2622698003  5.074714e-01 0.9144
1  1.66e+01  0.260563615  5.074714e-01 0.9144
1  1.74e+01  0.2590362801  5.074714e-01 0.9144
1  1.82e+01  0.2576349575  5.074714e-01 0.9144
1  1.91e+01  0.2563606255  5.074714e-01 0.9144
1  2.00e+01  0.2551738242  5.074714e-01 0.9144
1  2.09e+01  0.2541150568  5.074714e-01 0.9144
1  2.19e+01  0.2531612026  5.074714e-01 0.9144
1  2.29e+01  0.2522706389  5.074714e-01 0.9144
1  2.40e+01  0.2514348305  5.074714e-01 0.9144
1  2.51e+01  0.2507038168  5.074714e-01 0.9144
1  2.63e+01  0.2499971373  5.074714e-01 0.9144
1  2.75e+01  0.2493778981  5.074714e-01 0.9144
1  2.88e+01  0.2487587002  5.074714e-01 0.9144
1  3.02e+01  0.2482022042  5.074714e-01 0.9144
1  3.16e+01  0.2476923133  5.074714e-01 0.9144
1  3.31e+01  0.2471640777  5.074714e-01 0.9144
1  3.47e+01  0.2467146584  5.074714e-01 0.9144
1  3.63e+01  0.2462542673  5.074714e-01 0.9144
1  3.80e+01  0.2457930148  5.074714e-01 0.9144
1  3.98e+01  0.24538256  5.074714e-01 0.9144
1  4.17e+01  0.2449585048  5.074714e-01 0.9144
1  4.37e+01  0.2445348476  5.074714e-01 0.9144
1  4.57e+01  0.2440991034  5.074714e-01 0.9144
1  4.79e+01  0.2436751512  5.074714e-01 0.9144
1  5.01e+01  0.2432392925  5.074714e-01 0.9144
1  5.25e+01  0.2428135103  5.074714e-01 0.9144
1  5.50e+01  0.2423449199  5.074714e-01 0.9144
1  5.75e+01  0.2418494069  5.074714e-01 0.9144
1  6.03e+01  0.2413138536  5.074714e-01 0.9144
1  6.31e+01  0.2407568272  5.074714e-01 0.9144
1  6.61e+01  0.2401470779  5.074714e-01 0.9144
1  6.92e+01  0.2394877715  5.074714e-01 0.9144
1  7.24e+01  0.2387724004  5.074714e-01 0.9144
1  7.59e+01  0.2379770913  5.074714e-01 0.9144
1  7.94e+01  0.237059097  5.074714e-01 0.9144
1  8.32e+01  0.2360730993  5.074714e-01 0.9144
1  8.71e+01  0.2349248756  5.074714e-01 0.9144
1  9.12e+01  0.2336371151  5.074714e-01 0.9144
1  9.55e+01  0.2321282034  5.074714e-01 0.9144
1  1.00e+02  0.2304035547  5.074714e-01 0.9144
1  1.05e+02  0.2283850905  5.074714e-01 0.9144
1  1.10e+02  0.2259884507  5.074714e-01 0.9144
1  1.15e+02  0.2231334212  5.074714e-01 0.9144
1  1.20e+02  0.2197235533  5.074714e-01 0.9144
1  1.26e+02  0.2155700679  5.074714e-01 0.9144
1  1.32e+02  0.2105402264  5.074714e-01 0.9144
1  1.38e+02  0.2043455771  5.074714e-01 0.9144
1  1.45e+02  0.196772941  5.074714e-01 0.9144
1  1.51e+02  0.1875178599  5.074714e-01 0.9144
1  1.58e+02  0.1763276333  5.074714e-01 0.9144
1  1.66e+02  0.1631011462  5.074714e-01 0.9144
1  1.74e+02  0.1480086459  5.074714e-01 0.9144
1  1.82e+02  0.1316061993  5.074714e-01 0.9144
1  1.91e+02  0.1148327585  5.074714e-01 0.9144
1  2.00e+02  0.09877134114  5.074714e-01 0.9144
1  2.09e+02  0.08435297551  5.074714e-01 0.9144
1  2.19e+02  0.07210376804  5.074714e-01 0.9144
1  2.29e+02  0.06207698631  5.074714e-01 0.9144
1  2.40e+02  0.05411849153  5.074714e-01 0.9144
1  2.51e+02  0.04787920457  5.074714e-01 0.9144
1  2.63e+02  0.04301666957  5.074714e-01 0.9144
1  2.75e+02  0.03922845383  5.074714e-01 0.9144
1  2.88e+02  0.03627963151  5.074714e-01 0.9144
1  3.02e+02  0.03394948495  5.074714e-01 0.9144
1  3.16e+02  0.03211427183  5.074714e-01 0.9144
1  3.31e+02  0.03064255041  5.074714e-01 0.9144
1  3.47e+02  0.02946030091  5.074714e-01 0.9144
1  3.63e+02  0.02850009164  5.074714e-01 0.9144
1  3.80e+02  0.02771881122  5.074714e-01 0.9144
1  3.98e+02  0.02707552529  5.074714e-01 0.9144
1  4.17e+02  0.02654280237  5.074714e-01 0.9144
1  4.37e+02  0.02610010282  5.074714e-01 0.9144
1  4.57e+02  0.02572763882  5.074714e-01 0.9144
1  4.79e+02  0.02541618757  5.074714e-01 0.9144
1  5.01e+02  0.02514985946  5.074714e-01 0.9144
1  5.25e+02  0.02492461162  5.074714e-01 0.9144
1  5.50e+02  0.02473193547  5.074714e-01 0.9144
1  5.75e+02  0.02456581247  5.074714e-01 0.9144
1  6.03e+02  0.0244231659  5.074714e-01 0.9144
1  6.31e+02  0.02430033451  5.074714e-01 0.9144
1  6.61e+02  0.02419507569  5.074714e-01 0.9144
1  6.92e+02  0.02410295292  5.074714e-01 0.9144
1  7.24e+02  0.02402145072  5.074714e-01 0.9144
1  7.59e+02  0.02395251752  5.074714e-01 0.9144
1  7.94e+02  0.02388995863  5.074714e-01 0.9144
1  8.32e+02  0.02383515438  5.074714e-01 0.9144
1  8.71e+02  0.02378860009  5.074714e-01 0.9144
1  9.12e+02  0.02374618444  5.074714e-01 0.9144
1  9.55e+02  0.0237098064  5.074714e-01 0.9144
1  1.00e+03  0.02367627116  5.074714e-01 0.9144
1  1.05e+03  0.02364807299  5.074714e-01 0.9144
1  1.10e+03  0.02362205073  5.074714e-01 0.9144
1  1.15e+03  0.02359858035  5.074714e-01 0.9144
1  1.20e+03  0.0235783254  5.074714e-01 0.9144
1  1.26e+03  0.02356011038  5.074714e-01 0.9144
1  1.32e+03  0.02354437612  5.074714e-01 0.9144
1  1.38e+03  0.02353044641  5.074714e-01 0.9144
1  1.45e+03  0.02351725915  5.074714e-01 0.9144
1  1.51e+03  0.02350587606  5.074714e-01 0.9144
1  1.58e+03  0.02349432002  5.074714e-01 0.9144
1  1.66e+03  0.02348527778  5.074714e-01 0.9144
1  1.74e+03  0.02347678375  5.074714e-01 0.9144
1  1.82e+03  0.02346919106  5.074714e-01 0.9144
1  1.91e+03  0.02346250745  5.074714e-01 0.9144
1  2.00e+03  0.0234564938  5.074714e-01 0.9144
1  2.09e+03  0.02345111987  5.074714e-01 0.9144
1  2.19e+03  0.02344685671  5.074714e-01 0.9144
1  2.29e+03  0.02344195035  5.074714e-01 0.9144
1  2.40e+03  0.02343785548  5.074714e-01 0.9144
1  2.51e+03  0.02343470316  5.074714e-01 0.9144
1  2.63e+03  0.02343083172  5.074714e-01 0.9144
1  2.75e+03  0.02342874886  5.074714e-01 0.9144
1  2.88e+03  0.02342600711  5.074714e-01 0.9144
1  3.02e+03  0.02342345043  5.074714e-01 0.9144
1  3.16e+03  0.02342238484  5.074714e-01 0.9144
1  3.31e+03  0.02341911407  5.074714e-01 0.9144
1  3.47e+03  0.02341891897  5.074714e-01 0.9144
1  3.63e+03  0.02341666864  5.074714e-01 0.9144
1  3.80e+03  0.02341509352  5.074714e-01 0.9144
1  3.98e+03  0.02341340906  5.074714e-01 0.9144
1  4.17e+03  0.02341403746  5.074714e-01 0.9144
1  4.37e+03  0.02341498827  5.074714e-01 0.9144
1  4.57e+03  0.02341235086  5.074714e-01 0.9144
1  4.79e+03  0.02341638961  5.074714e-01 0.9144
1  5.01e+03  0.0234135053  5.074714e-01 0.9144
1  5.25e+03  0.02340358124  5.074714e-01 0.9144
1  5.50e+03  0.02340288323  5.074714e-01 0.9144
1  5.75e+03  0.02342693354  5.074714e-01 0.9144
1  6.03e+03  0.02341728584  5.074714e-01 0.9144
1  6.31e+03  0.02341329403  5.074714e-01 0.9144
1  6.61e+03  0.02345062067  5.074714e-01 0.9144
1  6.92e+03  0.02342680216  5.074714e-01 0.9144
1  7.24e+03  0.02347813389  5.074714e-01 0.9144
1  7.59e+03  0.0235106941  5.074714e-01 0.9144
1  7.94e+03  0.02349530636  5.074714e-01 0.9144
1  8.32e+03  0.02361843115  5.074714e-01 0.9144
1  8.71e+03  0.02371416165  5.074714e-01 0.9144
1  9.12e+03  0.02375246624  5.074714e-01 0.9144
1  9.55e+03  0.02385108694  5.074714e-01 0.9144
1  1.00e+04  0.02405933503  5.074714e-01 0.9144
1  1.05e+04  0.0243300811  5.074714e-01 0.9144
1  1.10e+04  0.02471901884  5.074714e-01 0.9144
1  1.15e+04  0.0251037963  5.074714e-01 0.9144
1  1.20e+04  0.02568091208  5.074714e-01 0.9144
1  1.26e+04  0.02628166103  5.074714e-01 0.9144
1  1.32e+04  0.02692694847  5.074714e-01 0.9144
1  1.38e+04  0.02776434983  5.074714e-01 0.9144
1  1.45e+04  0.02890238817  5.074714e-01 0.9144
1  1.51e+04  0.03044078469  5.074714e-01 0.9144
1  1.58e+04  0.03224281669  5.074714e-01 0.9144
1  1.66e+04  0.03401788886  5.074714e-01 0.9144
1  1.74e+04  0.03578955644  5.074714e-01 0.9144
1  1.82e+04  0.03810704998  5.074714e-01 0.9144
1  1.91e+04  0.04130445262  5.074714e-01 0.9144
1  2.00e+04  0.04446941743  5.074714e-01 0.9144
1  2.09e+04  0.04765980812  5.074714e-01 0.9144
1  2.19e+04  0.05162425337  5.074714e-01 0.9144
1  2.29e+04  0.05578305884  5.074714e-01 0.9144
1  2.40e+04  0.06064718914  5.074714e-01 0.9144
1  2.51e+04  0.06523180165  5.074714e-01 0.9144
1  2.63e+04  0.07124939706  5.074714e-01 0.9144
1  2.75e+04  0.07639582311  5.074714e-01 0.9144
1  2.88e+04  0.08333577643  5.074714e-01 0.9144
1  3.02e+04  0.08927556773  5.074714e-01 0.9144
1  3.16e+04  0.09667674109  5.074714e-01 0.9144
1  3.31e+04  0.1041362476  5.074714e-01 0.9144
1  3.47e+04  0.1109931637  5.074714e-01 0.9144
1  3.63e+04  0.1202559433  5.074714e-01 0.9144
1  3.80e+04  0.1279435029  5.074714e-01 0.9144
1  3.98e+04  0.1355550205  5.074714e-01 0.9144
1  4.17e+04  0.1465257463  5.074714e-01 0.9144
1  4.37e+04  0.1549512239  5.074714e-01 0.9144
1  4.57e+04  0.1622035345  5.074714e-01 0.9144
1  4.79e+04  0.173616878  5.074714e-01 0.9144
1  5.01e+04  0.184857081  5.074714e-01 0.9144
1  5.25e+04  0.1926585867  5.074714e-01 0.9144
1  5.50e+04  0.2010042173  5.074714e-01 0.9144
1  5.75e+04  0.2122313596  5.074714e-01 0.9144
1  6.03e+04  0.2242169808  5.074714e-01 0.9144
1  6.31e+04  0.2347431087  5.074714e-01 0.9144
1  6.61e+04  0.2434831141  5.074714e-01 0.9144
1  6.92e+04  0.251611047  5.074714e-01 0.9144
1  7.24e+04  0.2609149269  5.074714e-01 0.9144
1  7.59e+04  0.2722918049  5.074714e-01 0.9144
1  7.94e+04  0.2847382017  5.074714e-01 0.9144
1  8.32e+04  0.296273809  5.074714e-01 0.9144
1  8.71e+04  0.3057377643  5.074714e-01 0.9144
1  9.12e+04  0.3134888101  5.074714e-01 0.9144
1  9.55e+04  0.3207367227  5.074714e-01 0.9144
1  1.00e+05  0.3285509228  5.074714e-01 0.9144
1  1.05e+05  0.3373902419  5.074714e-01 0.9144
1  1.10e+05  0.3471936093  5.074714e-01 0.9144
1  1.15e+05  0.3576385147  5.074714e-01 0.9144
1  1.20e+05  0.3683018374  5.074714e-01 0.9144
1  1.26e+05  0.3787311942  5.074714e-01 0.9144
1  1.32e+05  0.3885153956  5.074714e-01 0.9144
1  1.38e+05  0.3973695649  5.074714e-01 0.9144
1  1.45e+05  0.4051922257  5.074714e-01 0.9144
1  1.51e+05  0.4120631731  5.074714e-01 0.9144
1  1.58e+05  0.4181896052  5.074714e-01 0.9144
1  1.66e+05  0.4238311765  5.074714e-01 0.9144
1  1.74e+05  0.4292340916  5.074714e-01 0.9144
1  1.82e+05  0.4345907899  5.074714e-01 0.9144
1  1.91e+05  0.4400269205  5.074714e-01 0.9144
1  2.00e+05  0.4456077554  5.074714e-01 0.9144
1  2.09e+05  0.4513534327  5.074714e-01 0.9144
1  2.19e+05  0.457254642  5.074714e-01 0.9144
1  2.29e+05  0.4632845129  5.074714e-01 0.9144
1  2.40e+05  0.4694060577  5.074714e-01 0.9144
1  2.51e+05  0.4755764322  5.074714e-01 0.9144
1  2.63e+05  0.4817496437  5.074714e-01 0.9144
1  2.75e+05  0.487878817  5.074714e-01 0.9144
1  2.88e+05  0.4939184386  5.074714e-01 0.9144
1  3.02e+05  0.4998265019  5.074714e-01 0.9144
1  3.16e+05  0.5055662933  5.074714e-01 0.9144
1  3.31e+05  0.5111075929  5.074714e-01 0.9144
1  3.47e+05  0.5164272057  5.074714e-01 0.9144
1  3.63e+05  0.5215088787  5.074714e-01 0.9144
1  3.80e+05  0.5263427484  5.074714e-01 0.9144
1  3.98e+05  0.5309244961  5.074714e-01 0.9144
1  4.17e+05  0.5352543749  5.074714e-01 0.9144
1  4.37e+05  0.5393362354  5.074714e-01 0.9144
1  4.57e+05  0.5431766318  5.074714e-01 0.9144
1  4.79e+05  0.5467840526  5.074714e-01 0.9144
1  5.01e+05  0.5501682884  5.074714e-01 0.9144
1  5.25e+05  0.5533399326  5.074714e-01 0.9144
1  5.50e+05  0.5563099973  5.074714e-01 0.9144
1  5.75e+05  0.5590896264  5.074714e-01 0.9144
1  6.03e+05  0.5616898852  5.074714e-01 0.9144
1  6.31e+05  0.5641216099  5.074714e-01 0.9144
1  6.61e+05  0.5663953014  5.074714e-01 0.9144
1  6.92e+05  0.5685210542  5.074714e-01 0.9144
1  7.24e+05  0.5705085092  5.074714e-01 0.9144
1  7.59e+05  0.5723668267  5.074714e-01 0.9144
1  7.94e+05  0.5741046721  5.074714e-01 0.9144
1  8.32e+05  0.5757302133  5.074714e-01 0.9144
1  8.71e+05  0.5772511252  5.074714e-01 0.9144
1  9.12e+05  0.5786746008  5.074714e-01 0.9144
1  9.55e+05  0.5800073655  5.074714e-01 0.9144
1  1.00e+06  0.5812556962  5.074714e-01 0.9144
1  1.05e+06  0.5824254407  5.074714e-01 0.9144
1  1.10e+06  0.5835220401  5.074714e-01 0.9144
1  1.15e+06  0.5845505511  5.074714e-01 0.9144
1  1.20e+06  0.5855156684  5.074714e-01 0.9144
1  1.26e+06  0.5864217478  5.074714e-01 0.9144
1  1.32e+06  0.5872728279  5.074714e-01 0.9144
1  1.38e+06  0.5880726521  5.074714e-01 0.9144
1  1.45e+06  0.5888246888  5.074714e-01 0.9144
1  1.51e+06  0.5895321512  5.074714e-01 0.9144
1  1.58e+06  0.5901980164  5.074714e-01 0.9144
1  1.66e+06  0.5908250423  5.074714e-01 0.9144
1  1.74e+06  0.5914157845  5.074714e-01 0.9144
1  1.82e+06  0.5919726122  5.074714e-01 0.9144
1  1.91e+06  0.592497724  5.074714e-01 0.9144
1  2.00e+06  0.5929931531  5.074714e-01 0.9144
1  2.09e+06  0.5934607895  5.074714e-01 0.9144
1  2.19e+06  0.5939023876  5.074714e-01 0.9144
1  2.29e+06  0.5943195773  5.074714e-01 0.9144
1  2.40e+06  0.5947138727  5.074714e-01 0.9144
1  2.51e+06  0.5950866816  5.074714e-01 0.9144
1  2.63e+06  0.5954393138  5.074714e-01 0.9144
1  2.75e+06  0.595772989  5.074714e-01 0.9144
1  2.88e+06  0.5960888428  5.074714e-01 0.9144
1  3.02e+06  0.5963879339  5.074714e-01 0.9144
1  3.16e+06  0.5966712496  5.074714e-01 0.9144
1  3.31e+06  0.5969397114  5.074714e-01 0.9144
1  3.47e+06  0.5971941799  5.074714e-01 0.9144
1  3.63e+06  0.5974354589  5.074714e-01 0.9144
1  3.80e+06  0.5976643005  5.074714e-01 0.9144
1  3.98e+06  0.597881408  5.074714e-01 0.9144
1  4.17e+06  0.5980874401  5.074714e-01 0.9144
1  4.37e+06  0.5982830136  5.074714e-01 0.9144
1  4.57e+06  0.598468707  5.074714e-01 0.9144
1  4.79e+06  0.5986450627  5.074714e-01 0.9144
1  5.01e+06  0.5988125897  5.074714e-01 0.9144
1  5.25e+06  0.598971766  5.074714e-01 0.9144
1  5.50e+06  0.5991230408  5.074714e-01 0.9144
1  5.75e+06  0.5992668364  5.074714e-01 0.9144
1  6.03e+06  0.5994035498  5.074714e-01 0.9144
1  6.31e+06  0.5995335549  5.074714e-01 0.9144
1  6.61e+06  0.5996572037  5.074714e-01 0.9144
1  6.92e+06  0.5997748276  5.074714e-01 0.9144
1  7.24e+06  0.5998867391  5.074714e-01 0.9144
1  7.59e+06  0.5999932331  5.074714e-01 0.9144
1  7.94e+06  0.6000945874  5.074714e-01 0.9144
1  8.32e+06  0.6001910645  5.074714e-01 0.9144
1  8.71e+06  0.6002829123  5.074714e-01 0.9144
1  9.12e+06  0.6003703647  5.074714e-01 0.9144
1  9.55e+06  0.600453643  5.074714e-01 0.9144
1  1.00e+07  0.6005329564  5.074714e-01 0.9144
