1  1.00e-03  0.5582784739  5.554215e-01 1.0008000000000001
1  1.05e-03  0.5582772644  5.554215e-01 1.0008000000000001
1  1.10e-03  0.5582758259  5.554215e-01 1.0008000000000001
1  1.15e-03  0.5582745189  5.554215e-01 1.0008000000000001
1  1.20e-03  0.5582729493  5.554215e-01 1.0008000000000001
1  1.26e-03  0.558271445  5.554215e-01 1.0008000000000001
1  1.32e-03  0.5582697311  5.554215e-01 1.0008000000000001
1  1.38e-03  0.5582679623  5.554215e-01 1.0008000000000001
1  1.45e-03  0.5582661672  5.554215e-01 1.0008000000000001
1  1.51e-03  0.5582644084  5.554215e-01 1.0008000000000001
1  1.58e-03  0.5582623342  5.554215e-01 1.0008000000000001
1  1.66e-03  0.5582603304  5.554215e-01 1.0008000000000001
1  1.74e-03  0.5582581868  5.554215e-01 1.0008000000000001
1  1.82e-03  0.5582559042  5.554215e-01 1.0008000000000001
1  1.91e-03  0.5582535483  5.554215e-01 1.0008000000000001
1  2.00e-03  0.5582510458  5.554215e-01 1.0008000000000001
1  2.09e-03  0.5582484044  5.554215e-01 1.0008000000000001
1  2.19e-03  0.5582457111  5.554215e-01 1.0008000000000001
1  2.29e-03  0.5582429062  5.554215e-01 1.0008000000000001
1  2.40e-03  0.5582399526  5.554215e-01 1.0008000000000001
1  2.51e-03  0.5582367767  5.554215e-01 1.0008000000000001
1  2.63e-03  0.5582335298  5.554215e-01 1.0008000000000001
1  2.75e-03  0.5582301074  5.554215e-01 1.0008000000000001
1  2.88e-03  0.5582265395  5.554215e-01 1.0008000000000001
1  3.02e-03  0.5582227644  5.554215e-01 1.0008000000000001
1  3.16e-03  0.5582188768  5.554215e-01 1.0008000000000001
1  3.31e-03  0.5582147313  5.554215e-01 1.0008000000000001
1  3.47e-03  0.5582104311  5.554215e-01 1.0008000000000001
1  3.63e-03  0.558205935  5.554215e-01 1.0008000000000001
1  3.80e-03  0.5582012302  5.554215e-01 1.0008000000000001
1  3.98e-03  0.5581962516  5.554215e-01 1.0008000000000001
1  4.17e-03  0.5581910903  5.554215e-01 1.0008000000000001
1  4.37e-03  0.5581856713  5.554215e-01 1.0008000000000001
1  4.57e-03  0.5581799821  5.554215e-01 1.0008000000000001
1  4.79e-03  0.55817405  5.554215e-01 1.0008000000000001
1  5.01e-03  0.558167817  5.554215e-01 1.0008000000000001
1  5.25e-03  0.5581612935  5.554215e-01 1.0008000000000001
1  5.50e-03  0.5581544794  5.554215e-01 1.0008000000000001
1  5.75e-03  0.5581473269  5.554215e-01 1.0008000000000001
1  6.03e-03  0.558139828  5.554215e-01 1.0008000000000001
1  6.31e-03  0.5581320086  5.554215e-01 1.0008000000000001
1  6.61e-03  0.5581237669  5.554215e-01 1.0008000000000001
1  6.92e-03  0.5581151947  5.554215e-01 1.0008000000000001
1  7.24e-03  0.5581061821  5.554215e-01 1.0008000000000001
1  7.59e-03  0.5580967365  5.554215e-01 1.0008000000000001
1  7.94e-03  0.5580868933  5.554215e-01 1.0008000000000001
1  8.32e-03  0.5580765198  5.554215e-01 1.0008000000000001
1  8.71e-03  0.5580657115  5.554215e-01 1.0008000000000001
1  9.12e-03  0.5580543513  5.554215e-01 1.0008000000000001
1  9.55e-03  0.5580424798  5.554215e-01 1.0008000000000001
1  1.00e-02  0.5580300659  5.554215e-01 1.0008000000000001
1  1.05e-02  0.5580170259  5.554215e-01 1.0008000000000001
1  1.10e-02  0.5580033689  5.554215e-01 1.0008000000000001
1  1.15e-02  0.557989107  5.554215e-01 1.0008000000000001
1  1.20e-02  0.5579741464  5.554215e-01 1.0008000000000001
1  1.26e-02  0.557958504  5.554215e-01 1.0008000000000001
1  1.32e-02  0.5579420488  5.554215e-01 1.0008000000000001
1  1.38e-02  0.5579248799  5.554215e-01 1.0008000000000001
1  1.45e-02  0.5579068714  5.554215e-01 1.0008000000000001
1  1.51e-02  0.5578880346  5.554215e-01 1.0008000000000001
1  1.58e-02  0.5578682916  5.554215e-01 1.0008000000000001
1  1.66e-02  0.5578476298  5.554215e-01 1.0008000000000001
1  1.74e-02  0.5578260352  5.554215e-01 1.0008000000000001
1  1.82e-02  0.5578033076  5.554215e-01 1.0008000000000001
1  1.91e-02  0.5577796359  5.554215e-01 1.0008000000000001
1  2.00e-02  0.5577547065  5.554215e-01 1.0008000000000001
1  2.09e-02  0.5577287269  5.554215e-01 1.0008000000000001
1  2.19e-02  0.5577014081  5.554215e-01 1.0008000000000001
1  2.29e-02  0.55767289  5.554215e-01 1.0008000000000001
1  2.40e-02  0.557642894  5.554215e-01 1.0008000000000001
1  2.51e-02  0.5576116615  5.554215e-01 1.0008000000000001
1  2.63e-02  0.5575788451  5.554215e-01 1.0008000000000001
1  2.75e-02  0.5575444438  5.554215e-01 1.0008000000000001
1  2.88e-02  0.5575083653  5.554215e-01 1.0008000000000001
1  3.02e-02  0.5574707779  5.554215e-01 1.0008000000000001
1  3.16e-02  0.5574311815  5.554215e-01 1.0008000000000001
1  3.31e-02  0.5573898606  5.554215e-01 1.0008000000000001
1  3.47e-02  0.557346554  5.554215e-01 1.0008000000000001
1  3.63e-02  0.5573011222  5.554215e-01 1.0008000000000001
1  3.80e-02  0.5572536635  5.554215e-01 1.0008000000000001
1  3.98e-02  0.5572037369  5.554215e-01 1.0008000000000001
1  4.17e-02  0.557151697  5.554215e-01 1.0008000000000001
1  4.37e-02  0.5570970165  5.554215e-01 1.0008000000000001
1  4.57e-02  0.5570398288  5.554215e-01 1.0008000000000001
1  4.79e-02  0.5569799079  5.554215e-01 1.0008000000000001
1  5.01e-02  0.5569170349  5.554215e-01 1.0008000000000001
1  5.25e-02  0.5568512056  5.554215e-01 1.0008000000000001
1  5.50e-02  0.5567821653  5.554215e-01 1.0008000000000001
1  5.75e-02  0.5567099557  5.554215e-01 1.0008000000000001
1  6.03e-02  0.5566342941  5.554215e-01 1.0008000000000001
1  6.31e-02  0.556555264  5.554215e-01 1.0008000000000001
1  6.61e-02  0.5564720635  5.554215e-01 1.0008000000000001
1  6.92e-02  0.5563852407  5.554215e-01 1.0008000000000001
1  7.24e-02  0.5562939791  5.554215e-01 1.0008000000000001
1  7.59e-02  0.5561985364  5.554215e-01 1.0008000000000001
1  7.94e-02  0.5560981998  5.554215e-01 1.0008000000000001
1  8.32e-02  0.5559934103  5.554215e-01 1.0008000000000001
1  8.71e-02  0.5558833804  5.554215e-01 1.0008000000000001
1  9.12e-02  0.5557684443  5.554215e-01 1.0008000000000001
1  9.55e-02  0.555647856  5.554215e-01 1.0008000000000001
1  1.00e-01  0.5555210572  5.554215e-01 1.0008000000000001
1  1.05e-01  0.5553886291  5.554215e-01 1.0008000000000001
1  1.10e-01  0.5552498786  5.554215e-01 1.0008000000000001
1  1.15e-01  0.5551042662  5.554215e-01 1.0008000000000001
1  1.20e-01  0.5549514497  5.554215e-01 1.0008000000000001
1  1.26e-01  0.5547913517  5.554215e-01 1.0008000000000001
1  1.32e-01  0.5546236508  5.554215e-01 1.0008000000000001
1  1.38e-01  0.5544479942  5.554215e-01 1.0008000000000001
1  1.45e-01  0.5542636362  5.554215e-01 1.0008000000000001
1  1.51e-01  0.554070807  5.554215e-01 1.0008000000000001
1  1.58e-01  0.5538676813  5.554215e-01 1.0008000000000001
1  1.66e-01  0.5536557789  5.554215e-01 1.0008000000000001
1  1.74e-01  0.5534325581  5.554215e-01 1.0008000000000001
1  1.82e-01  0.5531994623  5.554215e-01 1.0008000000000001
1  1.91e-01  0.5529547384  5.554215e-01 1.0008000000000001
1  2.00e-01  0.5526972389  5.554215e-01 1.0008000000000001
1  2.09e-01  0.5524283686  5.554215e-01 1.0008000000000001
1  2.19e-01  0.5521453947  5.554215e-01 1.0008000000000001
1  2.29e-01  0.5518493689  5.554215e-01 1.0008000000000001
1  2.40e-01  0.5515379331  5.554215e-01 1.0008000000000001
1  2.51e-01  0.5512117864  5.554215e-01 1.0008000000000001
1  2.63e-01  0.55086909  5.554215e-01 1.0008000000000001
1  2.75e-01  0.5505096239  5.554215e-01 1.0008000000000001
1  2.88e-01  0.550133324  5.554215e-01 1.0008000000000001
1  3.02e-01  0.549737343  5.554215e-01 1.0008000000000001
1  3.16e-01  0.5493208757  5.554215e-01 1.0008000000000001
1  3.31e-01  0.5488858011  5.554215e-01 1.0008000000000001
1  3.47e-01  0.5484277054  5.554215e-01 1.0008000000000001
1  3.63e-01  0.5479473722  5.554215e-01 1.0008000000000001
1  3.80e-01  0.5474416593  5.554215e-01 1.0008000000000001
1  3.98e-01  0.546912224  5.554215e-01 1.0008000000000001
1  4.17e-01  0.5463551979  5.554215e-01 1.0008000000000001
1  4.37e-01  0.5457696581  5.554215e-01 1.0008000000000001
1  4.57e-01  0.5451564672  5.554215e-01 1.0008000000000001
1  4.79e-01  0.5445110025  5.554215e-01 1.0008000000000001
1  5.01e-01  0.5438317222  5.554215e-01 1.0008000000000001
1  5.25e-01  0.5431192891  5.554215e-01 1.0008000000000001
1  5.50e-01  0.5423700924  5.554215e-01 1.0008000000000001
1  5.75e-01  0.5415798592  5.554215e-01 1.0008000000000001
1  6.03e-01  0.5407536988  5.554215e-01 1.0008000000000001
1  6.31e-01  0.5398816122  5.554215e-01 1.0008000000000001
1  6.61e-01  0.5389638118  5.554215e-01 1.0008000000000001
1  6.92e-01  0.5380000993  5.554215e-01 1.0008000000000001
1  7.24e-01  0.5369883396  5.554215e-01 1.0008000000000001
1  7.59e-01  0.5359227934  5.554215e-01 1.0008000000000001
1  7.94e-01  0.5347981111  5.554215e-01 1.0008000000000001
1  8.32e-01  0.5336168192  5.554215e-01 1.0008000000000001
1  8.71e-01  0.5323731184  5.554215e-01 1.0008000000000001
1  9.12e-01  0.5310675059  5.554215e-01 1.0008000000000001
1  9.55e-01  0.5296871851  5.554215e-01 1.0008000000000001
1  1.00e+00  0.5282371602  5.554215e-01 1.0008000000000001
1  1.05e+00  0.5267128719  5.554215e-01 1.0008000000000001
1  1.10e+00  0.5251052066  5.554215e-01 1.0008000000000001
1  1.15e+00  0.5234103946  5.554215e-01 1.0008000000000001
1  1.20e+00  0.5216292409  5.554215e-01 1.0008000000000001
1  1.26e+00  0.5197484919  5.554215e-01 1.0008000000000001
1  1.32e+00  0.517771878  5.554215e-01 1.0008000000000001
1  1.38e+00  0.5156957409  5.554215e-01 1.0008000000000001
1  1.45e+00  0.5135028175  5.554215e-01 1.0008000000000001
1  1.51e+00  0.5111931258  5.554215e-01 1.0008000000000001
1  1.58e+00  0.5087645614  5.554215e-01 1.0008000000000001
1  1.66e+00  0.5062073698  5.554215e-01 1.0008000000000001
1  1.74e+00  0.5035273706  5.554215e-01 1.0008000000000001
1  1.82e+00  0.5007001422  5.554215e-01 1.0008000000000001
1  1.91e+00  0.4977319803  5.554215e-01 1.0008000000000001
1  2.00e+00  0.49460605  5.554215e-01 1.0008000000000001
1  2.09e+00  0.4913385739  5.554215e-01 1.0008000000000001
1  2.19e+00  0.4879032726  5.554215e-01 1.0008000000000001
1  2.29e+00  0.4843004618  5.554215e-01 1.0008000000000001
1  2.40e+00  0.4805380969  5.554215e-01 1.0008000000000001
1  2.51e+00  0.4765914525  5.554215e-01 1.0008000000000001
1  2.63e+00  0.4724830327  5.554215e-01 1.0008000000000001
1  2.75e+00  0.4681913197  5.554215e-01 1.0008000000000001
1  2.88e+00  0.4637321889  5.554215e-01 1.0008000000000001
1  3.02e+00  0.4591065248  5.554215e-01 1.0008000000000001
1  3.16e+00  0.454298223  5.554215e-01 1.0008000000000001
1  3.31e+00  0.449329333  5.554215e-01 1.0008000000000001
1  3.47e+00  0.4442136127  5.554215e-01 1.0008000000000001
1  3.63e+00  0.4389579799  5.554215e-01 1.0008000000000001
1  3.80e+00  0.4335541685  5.554215e-01 1.0008000000000001
1  3.98e+00  0.4280413973  5.554215e-01 1.0008000000000001
1  4.17e+00  0.4224520771  5.554215e-01 1.0008000000000001
1  4.37e+00  0.4167681019  5.554215e-01 1.0008000000000001
1  4.57e+00  0.4110331426  5.554215e-01 1.0008000000000001
1  4.79e+00  0.4052597636  5.554215e-01 1.0008000000000001
1  5.01e+00  0.399497297  5.554215e-01 1.0008000000000001
1  5.25e+00  0.3937786446  5.554215e-01 1.0008000000000001
1  5.50e+00  0.3880871212  5.554215e-01 1.0008000000000001
1  5.75e+00  0.3824939575  5.554215e-01 1.0008000000000001
1  6.03e+00  0.3769954966  5.554215e-01 1.0008000000000001
1  6.31e+00  0.3716205263  5.554215e-01 1.0008000000000001
1  6.61e+00  0.3664337493  5.554215e-01 1.0008000000000001
1  6.92e+00  0.3613986074  5.554215e-01 1.0008000000000001
1  7.24e+00  0.3565810816  5.554215e-01 1.0008000000000001
1  7.59e+00  0.3519679594  5.554215e-01 1.0008000000000001
1  7.94e+00  0.3475525887  5.554215e-01 1.0008000000000001
1  8.32e+00  0.343375901  5.554215e-01 1.0008000000000001
1  8.71e+00  0.339442142  5.554215e-01 1.0008000000000001
1  9.12e+00  0.3357622405  5.554215e-01 1.0008000000000001
1  9.55e+00  0.3322922099  5.554215e-01 1.0008000000000001
1  1.00e+01  0.3290289631  5.554215e-01 1.0008000000000001
1  1.05e+01  0.3260365389  5.554215e-01 1.0008000000000001
1  1.10e+01  0.3232156683  5.554215e-01 1.0008000000000001
1  1.15e+01  0.3206441818  5.554215e-01 1.0008000000000001
1  1.20e+01  0.3182067702  5.554215e-01 1.0008000000000001
1  1.26e+01  0.3160675766  5.554215e-01 1.0008000000000001
1  1.32e+01  0.3139742873  5.554215e-01 1.0008000000000001
1  1.38e+01  0.3121095446  5.554215e-01 1.0008000000000001
1  1.45e+01  0.3103913898  5.554215e-01 1.0008000000000001
1  1.51e+01  0.3088201218  5.554215e-01 1.0008000000000001
1  1.58e+01  0.3073625683  5.554215e-01 1.0008000000000001
1  1.66e+01  0.3060369773  5.554215e-01 1.0008000000000001
1  1.74e+01  0.3048177481  5.554215e-01 1.0008000000000001
1  1.82e+01  0.3036763088  5.554215e-01 1.0008000000000001
1  1.91e+01  0.3026610358  5.554215e-01 1.0008000000000001
1  2.00e+01  0.3016887666  5.554215e-01 1.0008000000000001
1  2.09e+01  0.3008200467  5.554215e-01 1.0008000000000001
1  2.19e+01  0.3000229087  5.554215e-01 1.0008000000000001
1  2.29e+01  0.2992643032  5.554215e-01 1.0008000000000001
1  2.40e+01  0.2985606927  5.554215e-01 1.0008000000000001
1  2.51e+01  0.2979316322  5.554215e-01 1.0008000000000001
1  2.63e+01  0.2973049161  5.554215e-01 1.0008000000000001
1  2.75e+01  0.296753293  5.554215e-01 1.0008000000000001
1  2.88e+01  0.296203076  5.554215e-01 1.0008000000000001
1  3.02e+01  0.2956985513  5.554215e-01 1.0008000000000001
1  3.16e+01  0.295195145  5.554215e-01 1.0008000000000001
1  3.31e+01  0.2947251823  5.554215e-01 1.0008000000000001
1  3.47e+01  0.2942725032  5.554215e-01 1.0008000000000001
1  3.63e+01  0.293841108  5.554215e-01 1.0008000000000001
1  3.80e+01  0.2934145448  5.554215e-01 1.0008000000000001
1  3.98e+01  0.2929741135  5.554215e-01 1.0008000000000001
1  4.17e+01  0.2925304568  5.554215e-01 1.0008000000000001
1  4.37e+01  0.2920915461  5.554215e-01 1.0008000000000001
1  4.57e+01  0.2916553192  5.554215e-01 1.0008000000000001
1  4.79e+01  0.291180313  5.554215e-01 1.0008000000000001
1  5.01e+01  0.2907163293  5.554215e-01 1.0008000000000001
1  5.25e+01  0.2902107964  5.554215e-01 1.0008000000000001
1  5.50e+01  0.2896851791  5.554215e-01 1.0008000000000001
1  5.75e+01  0.2891074594  5.554215e-01 1.0008000000000001
1  6.03e+01  0.2885035932  5.554215e-01 1.0008000000000001
1  6.31e+01  0.2878623703  5.554215e-01 1.0008000000000001
1  6.61e+01  0.287155779  5.554215e-01 1.0008000000000001
1  6.92e+01  0.2863534498  5.554215e-01 1.0008000000000001
1  7.24e+01  0.2855001624  5.554215e-01 1.0008000000000001
1  7.59e+01  0.2845401289  5.554215e-01 1.0008000000000001
1  7.94e+01  0.2834662018  5.554215e-01 1.0008000000000001
1  8.32e+01  0.282258216  5.554215e-01 1.0008000000000001
1  8.71e+01  0.2808716376  5.554215e-01 1.0008000000000001
1  9.12e+01  0.2793048966  5.554215e-01 1.0008000000000001
1  9.55e+01  0.2774955324  5.554215e-01 1.0008000000000001
1  1.00e+02  0.2753927357  5.554215e-01 1.0008000000000001
1  1.05e+02  0.2729122156  5.554215e-01 1.0008000000000001
1  1.10e+02  0.2699705705  5.554215e-01 1.0008000000000001
1  1.15e+02  0.2664974937  5.554215e-01 1.0008000000000001
1  1.20e+02  0.2623198429  5.554215e-01 1.0008000000000001
1  1.26e+02  0.2572424173  5.554215e-01 1.0008000000000001
1  1.32e+02  0.251055087  5.554215e-01 1.0008000000000001
1  1.38e+02  0.2435069275  5.554215e-01 1.0008000000000001
1  1.45e+02  0.2342086802  5.554215e-01 1.0008000000000001
1  1.51e+02  0.2228531031  5.554215e-01 1.0008000000000001
1  1.58e+02  0.2091504797  5.554215e-01 1.0008000000000001
1  1.66e+02  0.1929633044  5.554215e-01 1.0008000000000001
1  1.74e+02  0.1745082177  5.554215e-01 1.0008000000000001
1  1.82e+02  0.1544892516  5.554215e-01 1.0008000000000001
1  1.91e+02  0.1340538815  5.554215e-01 1.0008000000000001
1  2.00e+02  0.1145437852  5.554215e-01 1.0008000000000001
1  2.09e+02  0.09708428552  5.554215e-01 1.0008000000000001
1  2.19e+02  0.08223227809  5.554215e-01 1.0008000000000001
1  2.29e+02  0.07013262886  5.554215e-01 1.0008000000000001
1  2.40e+02  0.06051285362  5.554215e-01 1.0008000000000001
1  2.51e+02  0.0529756707  5.554215e-01 1.0008000000000001
1  2.63e+02  0.0471010669  5.554215e-01 1.0008000000000001
1  2.75e+02  0.04253906434  5.554215e-01 1.0008000000000001
1  2.88e+02  0.03896282101  5.554215e-01 1.0008000000000001
1  3.02e+02  0.03615969525  5.554215e-01 1.0008000000000001
1  3.16e+02  0.03393511449  5.554215e-01 1.0008000000000001
1  3.31e+02  0.03215988622  5.554215e-01 1.0008000000000001
1  3.47e+02  0.03073042987  5.554215e-01 1.0008000000000001
1  3.63e+02  0.02957211503  5.554215e-01 1.0008000000000001
1  3.80e+02  0.0286281296  5.554215e-01 1.0008000000000001
1  3.98e+02  0.02785039523  5.554215e-01 1.0008000000000001
1  4.17e+02  0.02720531329  5.554215e-01 1.0008000000000001
1  4.37e+02  0.02666725194  5.554215e-01 1.0008000000000001
1  4.57e+02  0.02621560537  5.554215e-01 1.0008000000000001
1  4.79e+02  0.02583769001  5.554215e-01 1.0008000000000001
1  5.01e+02  0.02551696342  5.554215e-01 1.0008000000000001
1  5.25e+02  0.02524443157  5.554215e-01 1.0008000000000001
1  5.50e+02  0.02501330622  5.554215e-01 1.0008000000000001
1  5.75e+02  0.02481241976  5.554215e-01 1.0008000000000001
1  6.03e+02  0.02463993917  5.554215e-01 1.0008000000000001
1  6.31e+02  0.02449102896  5.554215e-01 1.0008000000000001
1  6.61e+02  0.02436168981  5.554215e-01 1.0008000000000001
1  6.92e+02  0.02424993151  5.554215e-01 1.0008000000000001
1  7.24e+02  0.02415279425  5.554215e-01 1.0008000000000001
1  7.59e+02  0.02406686182  5.554215e-01 1.0008000000000001
1  7.94e+02  0.02399302239  5.554215e-01 1.0008000000000001
1  8.32e+02  0.02392789283  5.554215e-01 1.0008000000000001
1  8.71e+02  0.02387015456  5.554215e-01 1.0008000000000001
1  9.12e+02  0.02382014958  5.554215e-01 1.0008000000000001
1  9.55e+02  0.02377391756  5.554215e-01 1.0008000000000001
1  1.00e+03  0.02373565908  5.554215e-01 1.0008000000000001
1  1.05e+03  0.02370047576  5.554215e-01 1.0008000000000001
1  1.10e+03  0.02366816612  5.554215e-01 1.0008000000000001
1  1.15e+03  0.02363982751  5.554215e-01 1.0008000000000001
1  1.20e+03  0.02361582639  5.554215e-01 1.0008000000000001
1  1.26e+03  0.02359418457  5.554215e-01 1.0008000000000001
1  1.32e+03  0.02357397636  5.554215e-01 1.0008000000000001
1  1.38e+03  0.02355768126  5.554215e-01 1.0008000000000001
1  1.45e+03  0.02354172982  5.554215e-01 1.0008000000000001
1  1.51e+03  0.02352713494  5.554215e-01 1.0008000000000001
1  1.58e+03  0.02351450272  5.554215e-01 1.0008000000000001
1  1.66e+03  0.02350295248  5.554215e-01 1.0008000000000001
1  1.74e+03  0.02349414054  5.554215e-01 1.0008000000000001
1  1.82e+03  0.02348366754  5.554215e-01 1.0008000000000001
1  1.91e+03  0.0234762256  5.554215e-01 1.0008000000000001
1  2.00e+03  0.02346847693  5.554215e-01 1.0008000000000001
1  2.09e+03  0.02346184337  5.554215e-01 1.0008000000000001
1  2.19e+03  0.0234558312  5.554215e-01 1.0008000000000001
1  2.29e+03  0.02345052356  5.554215e-01 1.0008000000000001
1  2.40e+03  0.02344556897  5.554215e-01 1.0008000000000001
1  2.51e+03  0.02344241425  5.554215e-01 1.0008000000000001
1  2.63e+03  0.02343773299  5.554215e-01 1.0008000000000001
1  2.75e+03  0.02343454169  5.554215e-01 1.0008000000000001
1  2.88e+03  0.0234311425  5.554215e-01 1.0008000000000001
1  3.02e+03  0.02342933875  5.554215e-01 1.0008000000000001
1  3.16e+03  0.02342625292  5.554215e-01 1.0008000000000001
1  3.31e+03  0.02342422182  5.554215e-01 1.0008000000000001
1  3.47e+03  0.02342259762  5.554215e-01 1.0008000000000001
1  3.63e+03  0.02341914487  5.554215e-01 1.0008000000000001
1  3.80e+03  0.0234187156  5.554215e-01 1.0008000000000001
1  3.98e+03  0.02341681836  5.554215e-01 1.0008000000000001
1  4.17e+03  0.02341744009  5.554215e-01 1.0008000000000001
1  4.37e+03  0.02341752019  5.554215e-01 1.0008000000000001
1  4.57e+03  0.02341463538  5.554215e-01 1.0008000000000001
1  4.79e+03  0.02342035216  5.554215e-01 1.0008000000000001
1  5.01e+03  0.02341865125  5.554215e-01 1.0008000000000001
1  5.25e+03  0.02340713822  5.554215e-01 1.0008000000000001
1  5.50e+03  0.02340126617  5.554215e-01 1.0008000000000001
1  5.75e+03  0.023428591  5.554215e-01 1.0008000000000001
1  6.03e+03  0.02342720646  5.554215e-01 1.0008000000000001
1  6.31e+03  0.02341037181  5.554215e-01 1.0008000000000001
1  6.61e+03  0.02346482712  5.554215e-01 1.0008000000000001
1  6.92e+03  0.02342499377  5.554215e-01 1.0008000000000001
1  7.24e+03  0.02350153273  5.554215e-01 1.0008000000000001
1  7.59e+03  0.02351460488  5.554215e-01 1.0008000000000001
1  7.94e+03  0.02351128588  5.554215e-01 1.0008000000000001
1  8.32e+03  0.02365526808  5.554215e-01 1.0008000000000001
1  8.71e+03  0.02373653634  5.554215e-01 1.0008000000000001
1  9.12e+03  0.02376919986  5.554215e-01 1.0008000000000001
1  9.55e+03  0.02388920286  5.554215e-01 1.0008000000000001
1  1.00e+04  0.0241310509  5.554215e-01 1.0008000000000001
1  1.05e+04  0.02441903787  5.554215e-01 1.0008000000000001
1  1.10e+04  0.02480076546  5.554215e-01 1.0008000000000001
1  1.15e+04  0.02520310132  5.554215e-01 1.0008000000000001
1  1.20e+04  0.02577401961  5.554215e-01 1.0008000000000001
1  1.26e+04  0.02635573472  5.554215e-01 1.0008000000000001
1  1.32e+04  0.02701735399  5.554215e-01 1.0008000000000001
1  1.38e+04  0.02784071235  5.554215e-01 1.0008000000000001
1  1.45e+04  0.02891400595  5.554215e-01 1.0008000000000001
1  1.51e+04  0.03037300608  5.554215e-01 1.0008000000000001
1  1.58e+04  0.03212422209  5.554215e-01 1.0008000000000001
1  1.66e+04  0.03386897478  5.554215e-01 1.0008000000000001
1  1.74e+04  0.03556119848  5.554215e-01 1.0008000000000001
1  1.82e+04  0.03769584093  5.554215e-01 1.0008000000000001
1  1.91e+04  0.04068505086  5.554215e-01 1.0008000000000001
1  2.00e+04  0.04371077855  5.554215e-01 1.0008000000000001
1  2.09e+04  0.0467229559  5.554215e-01 1.0008000000000001
1  2.19e+04  0.05045031077  5.554215e-01 1.0008000000000001
1  2.29e+04  0.05429934177  5.554215e-01 1.0008000000000001
1  2.40e+04  0.0589051558  5.554215e-01 1.0008000000000001
1  2.51e+04  0.06314913457  5.554215e-01 1.0008000000000001
1  2.63e+04  0.06877399879  5.554215e-01 1.0008000000000001
1  2.75e+04  0.07356317368  5.554215e-01 1.0008000000000001
1  2.88e+04  0.08003102302  5.554215e-01 1.0008000000000001
1  3.02e+04  0.08551278378  5.554215e-01 1.0008000000000001
1  3.16e+04  0.09245729827  5.554215e-01 1.0008000000000001
1  3.31e+04  0.09928192769  5.554215e-01 1.0008000000000001
1  3.47e+04  0.1057136234  5.554215e-01 1.0008000000000001
1  3.63e+04  0.1142995922  5.554215e-01 1.0008000000000001
1  3.80e+04  0.1213139544  5.554215e-01 1.0008000000000001
1  3.98e+04  0.1284765367  5.554215e-01 1.0008000000000001
1  4.17e+04  0.1386309096  5.554215e-01 1.0008000000000001
1  4.37e+04  0.1462697059  5.554215e-01 1.0008000000000001
1  4.57e+04  0.1530682955  5.554215e-01 1.0008000000000001
1  4.79e+04  0.1637211846  5.554215e-01 1.0008000000000001
1  5.01e+04  0.1739769922  5.554215e-01 1.0008000000000001
1  5.25e+04  0.1811001018  5.554215e-01 1.0008000000000001
1  5.50e+04  0.1888973983  5.554215e-01 1.0008000000000001
1  5.75e+04  0.1993402878  5.554215e-01 1.0008000000000001
1  6.03e+04  0.2103724739  5.554215e-01 1.0008000000000001
1  6.31e+04  0.2200066808  5.554215e-01 1.0008000000000001
1  6.61e+04  0.2280159412  5.554215e-01 1.0008000000000001
1  6.92e+04  0.2355229886  5.554215e-01 1.0008000000000001
1  7.24e+04  0.2441703467  5.554215e-01 1.0008000000000001
1  7.59e+04  0.2547274254  5.554215e-01 1.0008000000000001
1  7.94e+04  0.2662086541  5.554215e-01 1.0008000000000001
1  8.32e+04  0.2767850375  5.554215e-01 1.0008000000000001
1  8.71e+04  0.2854338534  5.554215e-01 1.0008000000000001
1  9.12e+04  0.2925331873  5.554215e-01 1.0008000000000001
1  9.55e+04  0.2992126866  5.554215e-01 1.0008000000000001
1  1.00e+05  0.3064441453  5.554215e-01 1.0008000000000001
1  1.05e+05  0.3146293246  5.554215e-01 1.0008000000000001
1  1.10e+05  0.3236974444  5.554215e-01 1.0008000000000001
1  1.15e+05  0.3333443409  5.554215e-01 1.0008000000000001
1  1.20e+05  0.343177018  5.554215e-01 1.0008000000000001
1  1.26e+05  0.3527779216  5.554215e-01 1.0008000000000001
1  1.32e+05  0.3617703774  5.554215e-01 1.0008000000000001
1  1.38e+05  0.3698969317  5.554215e-01 1.0008000000000001
1  1.45e+05  0.3770704526  5.554215e-01 1.0008000000000001
1  1.51e+05  0.3833701908  5.554215e-01 1.0008000000000001
1  1.58e+05  0.3889907798  5.554215e-01 1.0008000000000001
1  1.66e+05  0.3941728287  5.554215e-01 1.0008000000000001
1  1.74e+05  0.3991426592  5.554215e-01 1.0008000000000001
1  1.82e+05  0.4040759844  5.554215e-01 1.0008000000000001
1  1.91e+05  0.4090866855  5.554215e-01 1.0008000000000001
1  2.00e+05  0.4142332254  5.554215e-01 1.0008000000000001
1  2.09e+05  0.4195328913  5.554215e-01 1.0008000000000001
1  2.19e+05  0.4249762318  5.554215e-01 1.0008000000000001
1  2.29e+05  0.4305379017  5.554215e-01 1.0008000000000001
1  2.40e+05  0.4361834109  5.554215e-01 1.0008000000000001
1  2.51e+05  0.4418729835  5.554215e-01 1.0008000000000001
1  2.63e+05  0.4475640249  5.554215e-01 1.0008000000000001
1  2.75e+05  0.4532132084  5.554215e-01 1.0008000000000001
1  2.88e+05  0.4587785439  5.554215e-01 1.0008000000000001
1  3.02e+05  0.464221352  5.554215e-01 1.0008000000000001
1  3.16e+05  0.469507896  5.554215e-01 1.0008000000000001
1  3.31e+05  0.4746104704  5.554215e-01 1.0008000000000001
1  3.47e+05  0.4795078691  5.554215e-01 1.0008000000000001
1  3.63e+05  0.4841852908  5.554215e-01 1.0008000000000001
1  3.80e+05  0.4886338156  5.554215e-01 1.0008000000000001
1  3.98e+05  0.4928496172  5.554215e-01 1.0008000000000001
1  4.17e+05  0.4968330618  5.554215e-01 1.0008000000000001
1  4.37e+05  0.5005878086  5.554215e-01 1.0008000000000001
1  4.57e+05  0.5041199874  5.554215e-01 1.0008000000000001
1  4.79e+05  0.5074374917  5.554215e-01 1.0008000000000001
1  5.01e+05  0.5105493994  5.554215e-01 1.0008000000000001
1  5.25e+05  0.5134655145  5.554215e-01 1.0008000000000001
1  5.50e+05  0.5161960166  5.554215e-01 1.0008000000000001
1  5.75e+05  0.5187511984  5.554215e-01 1.0008000000000001
1  6.03e+05  0.5211412735  5.554215e-01 1.0008000000000001
1  6.31e+05  0.5233762387  5.554215e-01 1.0008000000000001
1  6.61e+05  0.5254657783  5.554215e-01 1.0008000000000001
1  6.92e+05  0.5274191983  5.554215e-01 1.0008000000000001
1  7.24e+05  0.5292453846  5.554215e-01 1.0008000000000001
1  7.59e+05  0.5309527778  5.554215e-01 1.0008000000000001
1  7.94e+05  0.5325493609  5.554215e-01 1.0008000000000001
1  8.32e+05  0.5340426572  5.554215e-01 1.0008000000000001
1  8.71e+05  0.5354397349  5.554215e-01 1.0008000000000001
1  9.12e+05  0.536747217  5.554215e-01 1.0008000000000001
1  9.55e+05  0.5379712956  5.554215e-01 1.0008000000000001
1  1.00e+06  0.5391177484  5.554215e-01 1.0008000000000001
1  1.05e+06  0.5401919581  5.554215e-01 1.0008000000000001
1  1.10e+06  0.5411989321  5.554215e-01 1.0008000000000001
1  1.15e+06  0.5421433237  5.554215e-01 1.0008000000000001
1  1.20e+06  0.5430294525  5.554215e-01 1.0008000000000001
1  1.26e+06  0.5438613258  5.554215e-01 1.0008000000000001
1  1.32e+06  0.5446426591  5.554215e-01 1.0008000000000001
1  1.38e+06  0.5453768955  5.554215e-01 1.0008000000000001
1  1.45e+06  0.5460672252  5.554215e-01 1.0008000000000001
1  1.51e+06  0.5467166035  5.554215e-01 1.0008000000000001
1  1.58e+06  0.5473277679  5.554215e-01 1.0008000000000001
1  1.66e+06  0.5479032546  5.554215e-01 1.0008000000000001
1  1.74e+06  0.5484454133  5.554215e-01 1.0008000000000001
1  1.82e+06  0.5489564222  5.554215e-01 1.0008000000000001
1  1.91e+06  0.5494383025  5.554215e-01 1.0008000000000001
1  2.00e+06  0.5498929233  5.554215e-01 1.0008000000000001
1  2.09e+06  0.5503220218  5.554215e-01 1.0008000000000001
1  2.19e+06  0.5507272109  5.554215e-01 1.0008000000000001
1  2.29e+06  0.5511099882  5.554215e-01 1.0008000000000001
1  2.40e+06  0.5514717451  5.554215e-01 1.0008000000000001
1  2.51e+06  0.5518137754  5.554215e-01 1.0008000000000001
1  2.63e+06  0.552137283  5.554215e-01 1.0008000000000001
1  2.75e+06  0.552443388  5.554215e-01 1.0008000000000001
1  2.88e+06  0.5527331339  5.554215e-01 1.0008000000000001
1  3.02e+06  0.5530074935  5.554215e-01 1.0008000000000001
1  3.16e+06  0.5532673737  5.554215e-01 1.0008000000000001
1  3.31e+06  0.5535136209  5.554215e-01 1.0008000000000001
1  3.47e+06  0.5537470254  5.554215e-01 1.0008000000000001
1  3.63e+06  0.553968326  5.554215e-01 1.0008000000000001
1  3.80e+06  0.554178213  5.554215e-01 1.0008000000000001
1  3.98e+06  0.5543773324  5.554215e-01 1.0008000000000001
1  4.17e+06  0.5545662889  5.554215e-01 1.0008000000000001
1  4.37e+06  0.5547456492  5.554215e-01 1.0008000000000001
1  4.57e+06  0.5549159443  5.554215e-01 1.0008000000000001
1  4.79e+06  0.5550776722  5.554215e-01 1.0008000000000001
1  5.01e+06  0.5552313001  5.554215e-01 1.0008000000000001
1  5.25e+06  0.5553772671  5.554215e-01 1.0008000000000001
1  5.50e+06  0.5555159854  5.554215e-01 1.0008000000000001
1  5.75e+06  0.5556478426  5.554215e-01 1.0008000000000001
1  6.03e+06  0.5557732032  5.554215e-01 1.0008000000000001
1  6.31e+06  0.5558924104  5.554215e-01 1.0008000000000001
1  6.61e+06  0.5560057871  5.554215e-01 1.0008000000000001
1  6.92e+06  0.5561136376  5.554215e-01 1.0008000000000001
1  7.24e+06  0.5562162487  5.554215e-01 1.0008000000000001
1  7.59e+06  0.5563138909  5.554215e-01 1.0008000000000001
1  7.94e+06  0.5564068193  5.554215e-01 1.0008000000000001
1  8.32e+06  0.5564952746  5.554215e-01 1.0008000000000001
1  8.71e+06  0.5565794844  5.554215e-01 1.0008000000000001
1  9.12e+06  0.5566596632  5.554215e-01 1.0008000000000001
1  9.55e+06  0.5567360141  5.554215e-01 1.0008000000000001
1  1.00e+07  0.5568087291  5.554215e-01 1.0008000000000001
