1  1.00e-03  0.5611021766  1.395092e-01 0.912
1  1.05e-03  0.5611009608  1.395092e-01 0.912
1  1.10e-03  0.5610995132  1.395092e-01 0.912
1  1.15e-03  0.5610981844  1.395092e-01 0.912
1  1.20e-03  0.5610966203  1.395092e-01 0.912
1  1.26e-03  0.5610950991  1.395092e-01 0.912
1  1.32e-03  0.5610933672  1.395092e-01 0.912
1  1.38e-03  0.5610915941  1.395092e-01 0.912
1  1.45e-03  0.5610897914  1.395092e-01 0.912
1  1.51e-03  0.5610880173  1.395092e-01 0.912
1  1.58e-03  0.5610859331  1.395092e-01 0.912
1  1.66e-03  0.5610839152  1.395092e-01 0.912
1  1.74e-03  0.5610817601  1.395092e-01 0.912
1  1.82e-03  0.5610794629  1.395092e-01 0.912
1  1.91e-03  0.5610770982  1.395092e-01 0.912
1  2.00e-03  0.5610745794  1.395092e-01 0.912
1  2.09e-03  0.5610719157  1.395092e-01 0.912
1  2.19e-03  0.5610692041  1.395092e-01 0.912
1  2.29e-03  0.5610663808  1.395092e-01 0.912
1  2.40e-03  0.5610634196  1.395092e-01 0.912
1  2.51e-03  0.561060218  1.395092e-01 0.912
1  2.63e-03  0.5610569571  1.395092e-01 0.912
1  2.75e-03  0.5610535046  1.395092e-01 0.912
1  2.88e-03  0.5610499163  1.395092e-01 0.912
1  3.02e-03  0.561046121  1.395092e-01 0.912
1  3.16e-03  0.5610422137  1.395092e-01 0.912
1  3.31e-03  0.5610380436  1.395092e-01 0.912
1  3.47e-03  0.5610337123  1.395092e-01 0.912
1  3.63e-03  0.5610291928  1.395092e-01 0.912
1  3.80e-03  0.5610244615  1.395092e-01 0.912
1  3.98e-03  0.5610194574  1.395092e-01 0.912
1  4.17e-03  0.5610142712  1.395092e-01 0.912
1  4.37e-03  0.5610088226  1.395092e-01 0.912
1  4.57e-03  0.5610030969  1.395092e-01 0.912
1  4.79e-03  0.5609971199  1.395092e-01 0.912
1  5.01e-03  0.5609908543  1.395092e-01 0.912
1  5.25e-03  0.5609843044  1.395092e-01 0.912
1  5.50e-03  0.5609774433  1.395092e-01 0.912
1  5.75e-03  0.5609702519  1.395092e-01 0.912
1  6.03e-03  0.5609627138  1.395092e-01 0.912
1  6.31e-03  0.5609548329  1.395092e-01 0.912
1  6.61e-03  0.5609465575  1.395092e-01 0.912
1  6.92e-03  0.560937936  1.395092e-01 0.912
1  7.24e-03  0.5609288756  1.395092e-01 0.912
1  7.59e-03  0.5609193643  1.395092e-01 0.912
1  7.94e-03  0.5609094646  1.395092e-01 0.912
1  8.32e-03  0.5608990358  1.395092e-01 0.912
1  8.71e-03  0.560888143  1.395092e-01 0.912
1  9.12e-03  0.5608767434  1.395092e-01 0.912
1  9.55e-03  0.5608648092  1.395092e-01 0.912
1  1.00e-02  0.5608522882  1.395092e-01 0.912
1  1.05e-02  0.5608392088  1.395092e-01 0.912
1  1.10e-02  0.5608254588  1.395092e-01 0.912
1  1.15e-02  0.5608111281  1.395092e-01 0.912
1  1.20e-02  0.5607960828  1.395092e-01 0.912
1  1.26e-02  0.5607803101  1.395092e-01 0.912
1  1.32e-02  0.5607637939  1.395092e-01 0.912
1  1.38e-02  0.5607465351  1.395092e-01 0.912
1  1.45e-02  0.5607284097  1.395092e-01 0.912
1  1.51e-02  0.5607094418  1.395092e-01 0.912
1  1.58e-02  0.5606895977  1.395092e-01 0.912
1  1.66e-02  0.5606688399  1.395092e-01 0.912
1  1.74e-02  0.5606470617  1.395092e-01 0.912
1  1.82e-02  0.5606242365  1.395092e-01 0.912
1  1.91e-02  0.5606004254  1.395092e-01 0.912
1  2.00e-02  0.5605753826  1.395092e-01 0.912
1  2.09e-02  0.5605491823  1.395092e-01 0.912
1  2.19e-02  0.5605217142  1.395092e-01 0.912
1  2.29e-02  0.5604930155  1.395092e-01 0.912
1  2.40e-02  0.5604629093  1.395092e-01 0.912
1  2.51e-02  0.560431441  1.395092e-01 0.912
1  2.63e-02  0.5603984621  1.395092e-01 0.912
1  2.75e-02  0.5603638981  1.395092e-01 0.912
1  2.88e-02  0.5603276021  1.395092e-01 0.912
1  3.02e-02  0.5602897303  1.395092e-01 0.912
1  3.16e-02  0.5602499186  1.395092e-01 0.912
1  3.31e-02  0.5602083232  1.395092e-01 0.912
1  3.47e-02  0.5601647563  1.395092e-01 0.912
1  3.63e-02  0.5601190748  1.395092e-01 0.912
1  3.80e-02  0.5600713224  1.395092e-01 0.912
1  3.98e-02  0.5600212289  1.395092e-01 0.912
1  4.17e-02  0.5599688652  1.395092e-01 0.912
1  4.37e-02  0.5599137512  1.395092e-01 0.912
1  4.57e-02  0.5598562188  1.395092e-01 0.912
1  4.79e-02  0.559796029  1.395092e-01 0.912
1  5.01e-02  0.5597328605  1.395092e-01 0.912
1  5.25e-02  0.5596666651  1.395092e-01 0.912
1  5.50e-02  0.5595971786  1.395092e-01 0.912
1  5.75e-02  0.5595245009  1.395092e-01 0.912
1  6.03e-02  0.5594483983  1.395092e-01 0.912
1  6.31e-02  0.5593689012  1.395092e-01 0.912
1  6.61e-02  0.5592853305  1.395092e-01 0.912
1  6.92e-02  0.5591978355  1.395092e-01 0.912
1  7.24e-02  0.5591059394  1.395092e-01 0.912
1  7.59e-02  0.559009937  1.395092e-01 0.912
1  7.94e-02  0.5589092765  1.395092e-01 0.912
1  8.32e-02  0.5588038879  1.395092e-01 0.912
1  8.71e-02  0.558693155  1.395092e-01 0.912
1  9.12e-02  0.5585772669  1.395092e-01 0.912
1  9.55e-02  0.5584561908  1.395092e-01 0.912
1  1.00e-01  0.5583287419  1.395092e-01 0.912
1  1.05e-01  0.5581952212  1.395092e-01 0.912
1  1.10e-01  0.5580559126  1.395092e-01 0.912
1  1.15e-01  0.5579094508  1.395092e-01 0.912
1  1.20e-01  0.5577558187  1.395092e-01 0.912
1  1.26e-01  0.5575947446  1.395092e-01 0.912
1  1.32e-01  0.557425806  1.395092e-01 0.912
1  1.38e-01  0.5572493894  1.395092e-01 0.912
1  1.45e-01  0.5570639448  1.395092e-01 0.912
1  1.51e-01  0.5568693834  1.395092e-01 0.912
1  1.58e-01  0.5566655165  1.395092e-01 0.912
1  1.66e-01  0.5564523227  1.395092e-01 0.912
1  1.74e-01  0.5562278718  1.395092e-01 0.912
1  1.82e-01  0.5559933023  1.395092e-01 0.912
1  1.91e-01  0.5557465655  1.395092e-01 0.912
1  2.00e-01  0.5554876206  1.395092e-01 0.912
1  2.09e-01  0.5552168976  1.395092e-01 0.912
1  2.19e-01  0.5549322076  1.395092e-01 0.912
1  2.29e-01  0.5546343837  1.395092e-01 0.912
1  2.40e-01  0.554320956  1.395092e-01 0.912
1  2.51e-01  0.5539935514  1.395092e-01 0.912
1  2.63e-01  0.553647988  1.395092e-01 0.912
1  2.75e-01  0.553286378  1.395092e-01 0.912
1  2.88e-01  0.5529077173  1.395092e-01 0.912
1  3.02e-01  0.5525099351  1.395092e-01 0.912
1  3.16e-01  0.5520908238  1.395092e-01 0.912
1  3.31e-01  0.5516531644  1.395092e-01 0.912
1  3.47e-01  0.5511911495  1.395092e-01 0.912
1  3.63e-01  0.5507076889  1.395092e-01 0.912
1  3.80e-01  0.5501991904  1.395092e-01 0.912
1  3.98e-01  0.5496673425  1.395092e-01 0.912
1  4.17e-01  0.5491069666  1.395092e-01 0.912
1  4.37e-01  0.5485179231  1.395092e-01 0.912
1  4.57e-01  0.5478987937  1.395092e-01 0.912
1  4.79e-01  0.5472498528  1.395092e-01 0.912
1  5.01e-01  0.5465653758  1.395092e-01 0.912
1  5.25e-01  0.5458481873  1.395092e-01 0.912
1  5.50e-01  0.5450945292  1.395092e-01 0.912
1  5.75e-01  0.5443000683  1.395092e-01 0.912
1  6.03e-01  0.5434669366  1.395092e-01 0.912
1  6.31e-01  0.5425914929  1.395092e-01 0.912
1  6.61e-01  0.5416677349  1.395092e-01 0.912
1  6.92e-01  0.5406969696  1.395092e-01 0.912
1  7.24e-01  0.5396787453  1.395092e-01 0.912
1  7.59e-01  0.5386044243  1.395092e-01 0.912
1  7.94e-01  0.537471831  1.395092e-01 0.912
1  8.32e-01  0.5362854449  1.395092e-01 0.912
1  8.71e-01  0.5350326945  1.395092e-01 0.912
1  9.12e-01  0.5337171111  1.395092e-01 0.912
1  9.55e-01  0.5323273074  1.395092e-01 0.912
1  1.00e+00  0.5308664799  1.395092e-01 0.912
1  1.05e+00  0.5293323839  1.395092e-01 0.912
1  1.10e+00  0.5277132388  1.395092e-01 0.912
1  1.15e+00  0.5260081231  1.395092e-01 0.912
1  1.20e+00  0.5242126878  1.395092e-01 0.912
1  1.26e+00  0.5223198709  1.395092e-01 0.912
1  1.32e+00  0.5203264123  1.395092e-01 0.912
1  1.38e+00  0.5182310726  1.395092e-01 0.912
1  1.45e+00  0.516025528  1.395092e-01 0.912
1  1.51e+00  0.5137023754  1.395092e-01 0.912
1  1.58e+00  0.5112499647  1.395092e-01 0.912
1  1.66e+00  0.5086790249  1.395092e-01 0.912
1  1.74e+00  0.5059693416  1.395092e-01 0.912
1  1.82e+00  0.5031257048  1.395092e-01 0.912
1  1.91e+00  0.5001303611  1.395092e-01 0.912
1  2.00e+00  0.4969865191  1.395092e-01 0.912
1  2.09e+00  0.493685949  1.395092e-01 0.912
1  2.19e+00  0.490224022  1.395092e-01 0.912
1  2.29e+00  0.4866066935  1.395092e-01 0.912
1  2.40e+00  0.4828019267  1.395092e-01 0.912
1  2.51e+00  0.478838909  1.395092e-01 0.912
1  2.63e+00  0.4746981657  1.395092e-01 0.912
1  2.75e+00  0.4703827139  1.395092e-01 0.912
1  2.88e+00  0.4658825602  1.395092e-01 0.912
1  3.02e+00  0.4612096524  1.395092e-01 0.912
1  3.16e+00  0.4563791176  1.395092e-01 0.912
1  3.31e+00  0.451385294  1.395092e-01 0.912
1  3.47e+00  0.4462277553  1.395092e-01 0.912
1  3.63e+00  0.440923493  1.395092e-01 0.912
1  3.80e+00  0.4355098137  1.395092e-01 0.912
1  3.98e+00  0.4299700252  1.395092e-01 0.912
1  4.17e+00  0.4243159639  1.395092e-01 0.912
1  4.37e+00  0.4186156629  1.395092e-01 0.912
1  4.57e+00  0.4128407998  1.395092e-01 0.912
1  4.79e+00  0.4070692925  1.395092e-01 0.912
1  5.01e+00  0.4012692364  1.395092e-01 0.912
1  5.25e+00  0.3955123231  1.395092e-01 0.912
1  5.50e+00  0.3898215316  1.395092e-01 0.912
1  5.75e+00  0.3841914649  1.395092e-01 0.912
1  6.03e+00  0.3786787628  1.395092e-01 0.912
1  6.31e+00  0.3733061049  1.395092e-01 0.912
1  6.61e+00  0.3681018221  1.395092e-01 0.912
1  6.92e+00  0.3630752069  1.395092e-01 0.912
1  7.24e+00  0.3582465926  1.395092e-01 0.912
1  7.59e+00  0.3536370877  1.395092e-01 0.912
1  7.94e+00  0.3492257839  1.395092e-01 0.912
1  8.32e+00  0.3450540641  1.395092e-01 0.912
1  8.71e+00  0.3411215247  1.395092e-01 0.912
1  9.12e+00  0.3374511062  1.395092e-01 0.912
1  9.55e+00  0.3339814645  1.395092e-01 0.912
1  1.00e+01  0.3307506679  1.395092e-01 0.912
1  1.05e+01  0.3277416225  1.395092e-01 0.912
1  1.10e+01  0.3249700441  1.395092e-01 0.912
1  1.15e+01  0.3223849872  1.395092e-01 0.912
1  1.20e+01  0.3200081944  1.395092e-01 0.912
1  1.26e+01  0.3177979932  1.395092e-01 0.912
1  1.32e+01  0.3157583439  1.395092e-01 0.912
1  1.38e+01  0.3138943529  1.395092e-01 0.912
1  1.45e+01  0.3122135158  1.395092e-01 0.912
1  1.51e+01  0.3106294235  1.395092e-01 0.912
1  1.58e+01  0.3092091581  1.395092e-01 0.912
1  1.66e+01  0.3078787876  1.395092e-01 0.912
1  1.74e+01  0.3066708333  1.395092e-01 0.912
1  1.82e+01  0.3055892086  1.395092e-01 0.912
1  1.91e+01  0.3045483352  1.395092e-01 0.912
1  2.00e+01  0.3036218577  1.395092e-01 0.912
1  2.09e+01  0.302780144  1.395092e-01 0.912
1  2.19e+01  0.3019657311  1.395092e-01 0.912
1  2.29e+01  0.3012567351  1.395092e-01 0.912
1  2.40e+01  0.3005732618  1.395092e-01 0.912
1  2.51e+01  0.2999500569  1.395092e-01 0.912
1  2.63e+01  0.2993528145  1.395092e-01 0.912
1  2.75e+01  0.2988168119  1.395092e-01 0.912
1  2.88e+01  0.2982914112  1.395092e-01 0.912
1  3.02e+01  0.2978000887  1.395092e-01 0.912
1  3.16e+01  0.2973257299  1.395092e-01 0.912
1  3.31e+01  0.2968830585  1.395092e-01 0.912
1  3.47e+01  0.2964601059  1.395092e-01 0.912
1  3.63e+01  0.296061668  1.395092e-01 0.912
1  3.80e+01  0.2956629441  1.395092e-01 0.912
1  3.98e+01  0.2952502575  1.395092e-01 0.912
1  4.17e+01  0.2948432295  1.395092e-01 0.912
1  4.37e+01  0.2944432853  1.395092e-01 0.912
1  4.57e+01  0.2940480699  1.395092e-01 0.912
1  4.79e+01  0.2936460677  1.395092e-01 0.912
1  5.01e+01  0.2932037609  1.395092e-01 0.912
1  5.25e+01  0.2927512546  1.395092e-01 0.912
1  5.50e+01  0.2922984493  1.395092e-01 0.912
1  5.75e+01  0.2917856653  1.395092e-01 0.912
1  6.03e+01  0.2912549086  1.395092e-01 0.912
1  6.31e+01  0.2906922609  1.395092e-01 0.912
1  6.61e+01  0.2900583534  1.395092e-01 0.912
1  6.92e+01  0.2893959691  1.395092e-01 0.912
1  7.24e+01  0.2886350935  1.395092e-01 0.912
1  7.59e+01  0.2877915181  1.395092e-01 0.912
1  7.94e+01  0.2868534982  1.395092e-01 0.912
1  8.32e+01  0.2857841157  1.395092e-01 0.912
1  8.71e+01  0.2845844435  1.395092e-01 0.912
1  9.12e+01  0.2831802677  1.395092e-01 0.912
1  9.55e+01  0.2815840495  1.395092e-01 0.912
1  1.00e+02  0.2796959133  1.395092e-01 0.912
1  1.05e+02  0.2774934771  1.395092e-01 0.912
1  1.10e+02  0.2748409808  1.395092e-01 0.912
1  1.15e+02  0.2716951392  1.395092e-01 0.912
1  1.20e+02  0.2678575897  1.395092e-01 0.912
1  1.26e+02  0.2631418199  1.395092e-01 0.912
1  1.32e+02  0.2573076954  1.395092e-01 0.912
1  1.38e+02  0.2500656653  1.395092e-01 0.912
1  1.45e+02  0.2409742824  1.395092e-01 0.912
1  1.51e+02  0.229579016  1.395092e-01 0.912
1  1.58e+02  0.2154465579  1.395092e-01 0.912
1  1.66e+02  0.1982796679  1.395092e-01 0.912
1  1.74e+02  0.1781999729  1.395092e-01 0.912
1  1.82e+02  0.1559931505  1.395092e-01 0.912
1  1.91e+02  0.133146048  1.395092e-01 0.912
1  2.00e+02  0.1114322512  1.395092e-01 0.912
1  2.09e+02  0.09230710328  1.395092e-01 0.912
1  2.19e+02  0.07643127024  1.395092e-01 0.912
1  2.29e+02  0.0638514873  1.395092e-01 0.912
1  2.40e+02  0.05412206535  1.395092e-01 0.912
1  2.51e+02  0.04668856358  1.395092e-01 0.912
1  2.63e+02  0.04102140007  1.395092e-01 0.912
1  2.75e+02  0.03670233949  1.395092e-01 0.912
1  2.88e+02  0.03336589055  1.395092e-01 0.912
1  3.02e+02  0.03078638265  1.395092e-01 0.912
1  3.16e+02  0.02876326081  1.395092e-01 0.912
1  3.31e+02  0.02715889713  1.395092e-01 0.912
1  3.47e+02  0.02588067991  1.395092e-01 0.912
1  3.63e+02  0.024849706  1.395092e-01 0.912
1  3.80e+02  0.02400873976  1.395092e-01 0.912
1  3.98e+02  0.02332204007  1.395092e-01 0.912
1  4.17e+02  0.02275757423  1.395092e-01 0.912
1  4.37e+02  0.02229018429  1.395092e-01 0.912
1  4.57e+02  0.02189670898  1.395092e-01 0.912
1  4.79e+02  0.02156434585  1.395092e-01 0.912
1  5.01e+02  0.02128630221  1.395092e-01 0.912
1  5.25e+02  0.0210499632  1.395092e-01 0.912
1  5.50e+02  0.0208489923  1.395092e-01 0.912
1  5.75e+02  0.02067585078  1.395092e-01 0.912
1  6.03e+02  0.02052773645  1.395092e-01 0.912
1  6.31e+02  0.02039993471  1.395092e-01 0.912
1  6.61e+02  0.02028815891  1.395092e-01 0.912
1  6.92e+02  0.02019142689  1.395092e-01 0.912
1  7.24e+02  0.02010844169  1.395092e-01 0.912
1  7.59e+02  0.02003431634  1.395092e-01 0.912
1  7.94e+02  0.01996988056  1.395092e-01 0.912
1  8.32e+02  0.01991510258  1.395092e-01 0.912
1  8.71e+02  0.01986546862  1.395092e-01 0.912
1  9.12e+02  0.01982133252  1.395092e-01 0.912
1  9.55e+02  0.01978236764  1.395092e-01 0.912
1  1.00e+03  0.0197482035  1.395092e-01 0.912
1  1.05e+03  0.01971840122  1.395092e-01 0.912
1  1.10e+03  0.01969209219  1.395092e-01 0.912
1  1.15e+03  0.0196691976  1.395092e-01 0.912
1  1.20e+03  0.01964802522  1.395092e-01 0.912
1  1.26e+03  0.01962824646  1.395092e-01 0.912
1  1.32e+03  0.01961128333  1.395092e-01 0.912
1  1.38e+03  0.01959714857  1.395092e-01 0.912
1  1.45e+03  0.01958377832  1.395092e-01 0.912
1  1.51e+03  0.01957141797  1.395092e-01 0.912
1  1.58e+03  0.01956023439  1.395092e-01 0.912
1  1.66e+03  0.01955053877  1.395092e-01 0.912
1  1.74e+03  0.01954221461  1.395092e-01 0.912
1  1.82e+03  0.01953501194  1.395092e-01 0.912
1  1.91e+03  0.01952743349  1.395092e-01 0.912
1  2.00e+03  0.01952238338  1.395092e-01 0.912
1  2.09e+03  0.01951596577  1.395092e-01 0.912
1  2.19e+03  0.01951102889  1.395092e-01 0.912
1  2.29e+03  0.01950718932  1.395092e-01 0.912
1  2.40e+03  0.01950305255  1.395092e-01 0.912
1  2.51e+03  0.01949818769  1.395092e-01 0.912
1  2.63e+03  0.01949508644  1.395092e-01 0.912
1  2.75e+03  0.01949140051  1.395092e-01 0.912
1  2.88e+03  0.01948965967  1.395092e-01 0.912
1  3.02e+03  0.01948878823  1.395092e-01 0.912
1  3.16e+03  0.0194844646  1.395092e-01 0.912
1  3.31e+03  0.01948658339  1.395092e-01 0.912
1  3.47e+03  0.01947936091  1.395092e-01 0.912
1  3.63e+03  0.01948064875  1.395092e-01 0.912
1  3.80e+03  0.01948014811  1.395092e-01 0.912
1  3.98e+03  0.01947583624  1.395092e-01 0.912
1  4.17e+03  0.0194672621  1.395092e-01 0.912
1  4.37e+03  0.01946674128  1.395092e-01 0.912
1  4.57e+03  0.0194640851  1.395092e-01 0.912
1  4.79e+03  0.01946339201  1.395092e-01 0.912
1  5.01e+03  0.01947070226  1.395092e-01 0.912
1  5.25e+03  0.01949813566  1.395092e-01 0.912
1  5.50e+03  0.01953227388  1.395092e-01 0.912
1  5.75e+03  0.01950403877  1.395092e-01 0.912
1  6.03e+03  0.01951889066  1.395092e-01 0.912
1  6.31e+03  0.01961399073  1.395092e-01 0.912
1  6.61e+03  0.01956704463  1.395092e-01 0.912
1  6.92e+03  0.01974086521  1.395092e-01 0.912
1  7.24e+03  0.0196925738  1.395092e-01 0.912
1  7.59e+03  0.0199105898  1.395092e-01 0.912
1  7.94e+03  0.02002251503  1.395092e-01 0.912
1  8.32e+03  0.02010319477  1.395092e-01 0.912
1  8.71e+03  0.02046500813  1.395092e-01 0.912
1  9.12e+03  0.02083199656  1.395092e-01 0.912
1  9.55e+03  0.0211179478  1.395092e-01 0.912
1  1.00e+04  0.02149504867  1.395092e-01 0.912
1  1.05e+04  0.02201472136  1.395092e-01 0.912
1  1.10e+04  0.02274984817  1.395092e-01 0.912
1  1.15e+04  0.02361646693  1.395092e-01 0.912
1  1.20e+04  0.02470323491  1.395092e-01 0.912
1  1.26e+04  0.02581958995  1.395092e-01 0.912
1  1.32e+04  0.02717992065  1.395092e-01 0.912
1  1.38e+04  0.02892611322  1.395092e-01 0.912
1  1.45e+04  0.03109565003  1.395092e-01 0.912
1  1.51e+04  0.03357280255  1.395092e-01 0.912
1  1.58e+04  0.03608908056  1.395092e-01 0.912
1  1.66e+04  0.03861927855  1.395092e-01 0.912
1  1.74e+04  0.04153513212  1.395092e-01 0.912
1  1.82e+04  0.04516307712  1.395092e-01 0.912
1  1.91e+04  0.04914549369  1.395092e-01 0.912
1  2.00e+04  0.05317830473  1.395092e-01 0.912
1  2.09e+04  0.05813469929  1.395092e-01 0.912
1  2.19e+04  0.06282596638  1.395092e-01 0.912
1  2.29e+04  0.06794836936  1.395092e-01 0.912
1  2.40e+04  0.07441163893  1.395092e-01 0.912
1  2.51e+04  0.07938497208  1.395092e-01 0.912
1  2.63e+04  0.08703062563  1.395092e-01 0.912
1  2.75e+04  0.09253513851  1.395092e-01 0.912
1  2.88e+04  0.1008893004  1.395092e-01 0.912
1  3.02e+04  0.107059153  1.395092e-01 0.912
1  3.16e+04  0.1157834383  1.395092e-01 0.912
1  3.31e+04  0.1232160644  1.395092e-01 0.912
1  3.47e+04  0.1311603655  1.395092e-01 0.912
1  3.63e+04  0.1405732856  1.395092e-01 0.912
1  3.80e+04  0.1484003702  1.395092e-01 0.912
1  3.98e+04  0.1567793786  1.395092e-01 0.912
1  4.17e+04  0.1673863228  1.395092e-01 0.912
1  4.37e+04  0.1757909916  1.395092e-01 0.912
1  4.57e+04  0.1833447811  1.395092e-01 0.912
1  4.79e+04  0.1944057567  1.395092e-01 0.912
1  5.01e+04  0.2051175429  1.395092e-01 0.912
1  5.25e+04  0.2125688395  1.395092e-01 0.912
1  5.50e+04  0.2206342225  1.395092e-01 0.912
1  5.75e+04  0.2314344565  1.395092e-01 0.912
1  6.03e+04  0.2425718315  1.395092e-01 0.912
1  6.31e+04  0.2520052094  1.395092e-01 0.912
1  6.61e+04  0.2599352172  1.395092e-01 0.912
1  6.92e+04  0.2676047748  1.395092e-01 0.912
1  7.24e+04  0.2763054702  1.395092e-01 0.912
1  7.59e+04  0.2865649782  1.395092e-01 0.912
1  7.94e+04  0.2975343157  1.395092e-01 0.912
1  8.32e+04  0.3076277527  1.395092e-01 0.912
1  8.71e+04  0.3159154448  1.395092e-01 0.912
1  9.12e+04  0.3227302741  1.395092e-01 0.912
1  9.55e+04  0.3291307642  1.395092e-01 0.912
1  1.00e+05  0.3360397983  1.395092e-01 0.912
1  1.05e+05  0.3438193023  1.395092e-01 0.912
1  1.10e+05  0.3523608644  1.395092e-01 0.912
1  1.15e+05  0.3613455699  1.395092e-01 0.912
1  1.20e+05  0.3704075071  1.395092e-01 0.912
1  1.26e+05  0.3791905512  1.395092e-01 0.912
1  1.32e+05  0.3873864959  1.395092e-01 0.912
1  1.38e+05  0.3947875997  1.395092e-01 0.912
1  1.45e+05  0.4013266938  1.395092e-01 0.912
1  1.51e+05  0.4070767203  1.395092e-01 0.912
1  1.58e+05  0.4122103615  1.395092e-01 0.912
1  1.66e+05  0.4169413908  1.395092e-01 0.912
1  1.74e+05  0.4214716457  1.395092e-01 0.912
1  1.82e+05  0.4259579192  1.395092e-01 0.912
1  1.91e+05  0.4305011164  1.395092e-01 0.912
1  2.00e+05  0.4351517427  1.395092e-01 0.912
1  2.09e+05  0.4399230214  1.395092e-01 0.912
1  2.19e+05  0.4448044838  1.395092e-01 0.912
1  2.29e+05  0.4497722768  1.395092e-01 0.912
1  2.40e+05  0.4547955109  1.395092e-01 0.912
1  2.51e+05  0.4598397003  1.395092e-01 0.912
1  2.63e+05  0.4648687256  1.395092e-01 0.912
1  2.75e+05  0.4698463568  1.395092e-01 0.912
1  2.88e+05  0.474737771  1.395092e-01 0.912
1  3.02e+05  0.4795110582  1.395092e-01 0.912
1  3.16e+05  0.4841385125  1.395092e-01 0.912
1  3.31e+05  0.4885975201  1.395092e-01 0.912
1  3.47e+05  0.492870953  1.395092e-01 0.912
1  3.63e+05  0.4969470958  1.395092e-01 0.912
1  3.80e+05  0.500819208  1.395092e-01 0.912
1  3.98e+05  0.504484857  1.395092e-01 0.912
1  4.17e+05  0.5079451475  1.395092e-01 0.912
1  4.37e+05  0.5112039504  1.395092e-01 0.912
1  4.57e+05  0.5142671953  1.395092e-01 0.912
1  4.79e+05  0.5171422619  1.395092e-01 0.912
1  5.01e+05  0.5198374827  1.395092e-01 0.912
1  5.25e+05  0.522361751  1.395092e-01 0.912
1  5.50e+05  0.5247242225  1.395092e-01 0.912
1  5.75e+05  0.5269340942  1.395092e-01 0.912
1  6.03e+05  0.5290004439  1.395092e-01 0.912
1  6.31e+05  0.5309321183  1.395092e-01 0.912
1  6.61e+05  0.5327376552  1.395092e-01 0.912
1  6.92e+05  0.5344252329  1.395092e-01 0.912
1  7.24e+05  0.5360026388  1.395092e-01 0.912
1  7.59e+05  0.5374772526  1.395092e-01 0.912
1  7.94e+05  0.5388560396  1.395092e-01 0.912
1  8.32e+05  0.5401455521  1.395092e-01 0.912
1  8.71e+05  0.5413519364  1.395092e-01 0.912
1  9.12e+05  0.5424809439  1.395092e-01 0.912
1  9.55e+05  0.5435379452  1.395092e-01 0.912
1  1.00e+06  0.5445279468  1.395092e-01 0.912
1  1.05e+06  0.5454556082  1.395092e-01 0.912
1  1.10e+06  0.546325261  1.395092e-01 0.912
1  1.15e+06  0.5471409272  1.395092e-01 0.912
1  1.20e+06  0.5479063387  1.395092e-01 0.912
1  1.26e+06  0.5486249556  1.395092e-01 0.912
1  1.32e+06  0.5492999843  1.395092e-01 0.912
1  1.38e+06  0.5499343954  1.395092e-01 0.912
1  1.45e+06  0.5505309402  1.395092e-01 0.912
1  1.51e+06  0.5510921665  1.395092e-01 0.912
1  1.58e+06  0.551620434  1.395092e-01 0.912
1  1.66e+06  0.5521179284  1.395092e-01 0.912
1  1.74e+06  0.5525866743  1.395092e-01 0.912
1  1.82e+06  0.553028548  1.395092e-01 0.912
1  1.91e+06  0.5534452917  1.395092e-01 0.912
1  2.00e+06  0.5538385146  1.395092e-01 0.912
1  2.09e+06  0.5542097133  1.395092e-01 0.912
1  2.19e+06  0.5545602764  1.395092e-01 0.912
1  2.29e+06  0.5548914945  1.395092e-01 0.912
1  2.40e+06  0.555204566  1.395092e-01 0.912
1  2.51e+06  0.5555006051  1.395092e-01 0.912
1  2.63e+06  0.5557806492  1.395092e-01 0.912
1  2.75e+06  0.5560456632  1.395092e-01 0.912
1  2.88e+06  0.5562965463  1.395092e-01 0.912
1  3.02e+06  0.5565341363  1.395092e-01 0.912
1  3.16e+06  0.5567592152  1.395092e-01 0.912
1  3.31e+06  0.5569725123  1.395092e-01 0.912
1  3.47e+06  0.5571747091  1.395092e-01 0.912
1  3.63e+06  0.5573664421  1.395092e-01 0.912
1  3.80e+06  0.5575483067  1.395092e-01 0.912
1  3.98e+06  0.5577208601  1.395092e-01 0.912
1  4.17e+06  0.5578846239  1.395092e-01 0.912
1  4.37e+06  0.5580400868  1.395092e-01 0.912
1  4.57e+06  0.5581877069  1.395092e-01 0.912
1  4.79e+06  0.5583279141  1.395092e-01 0.912
1  5.01e+06  0.5584611117  1.395092e-01 0.912
1  5.25e+06  0.5585876785  1.395092e-01 0.912
1  5.50e+06  0.5587079706  1.395092e-01 0.912
1  5.75e+06  0.5588223227  1.395092e-01 0.912
1  6.03e+06  0.5589310495  1.395092e-01 0.912
1  6.31e+06  0.5590344476  1.395092e-01 0.912
1  6.61e+06  0.5591327959  1.395092e-01 0.912
1  6.92e+06  0.5592263574  1.395092e-01 0.912
1  7.24e+06  0.55931538  1.395092e-01 0.912
1  7.59e+06  0.5594000974  1.395092e-01 0.912
1  7.94e+06  0.5594807304  1.395092e-01 0.912
1  8.32e+06  0.559557487  1.395092e-01 0.912
1  8.71e+06  0.5596305639  1.395092e-01 0.912
1  9.12e+06  0.5597001469  1.395092e-01 0.912
1  9.55e+06  0.5597664116  1.395092e-01 0.912
1  1.00e+07  0.5598295241  1.395092e-01 0.912
