1  1.00e-03  0.5591707783  1.502171e-01 0.982
1  1.05e-03  0.5591695761  1.502171e-01 0.982
1  1.10e-03  0.5591681248  1.502171e-01 0.982
1  1.15e-03  0.5591668179  1.502171e-01 0.982
1  1.20e-03  0.5591652504  1.502171e-01 0.982
1  1.26e-03  0.5591637302  1.502171e-01 0.982
1  1.32e-03  0.5591620152  1.502171e-01 0.982
1  1.38e-03  0.5591602472  1.502171e-01 0.982
1  1.45e-03  0.5591584402  1.502171e-01 0.982
1  1.51e-03  0.5591566847  1.502171e-01 0.982
1  1.58e-03  0.5591545974  1.502171e-01 0.982
1  1.66e-03  0.5591525914  1.502171e-01 0.982
1  1.74e-03  0.5591504385  1.502171e-01 0.982
1  1.82e-03  0.5591481501  1.502171e-01 0.982
1  1.91e-03  0.5591458003  1.502171e-01 0.982
1  2.00e-03  0.5591432872  1.502171e-01 0.982
1  2.09e-03  0.5591406374  1.502171e-01 0.982
1  2.19e-03  0.5591379258  1.502171e-01 0.982
1  2.29e-03  0.5591351211  1.502171e-01 0.982
1  2.40e-03  0.5591321591  1.502171e-01 0.982
1  2.51e-03  0.5591289676  1.502171e-01 0.982
1  2.63e-03  0.5591257238  1.502171e-01 0.982
1  2.75e-03  0.5591222899  1.502171e-01 0.982
1  2.88e-03  0.559118709  1.502171e-01 0.982
1  3.02e-03  0.5591149385  1.502171e-01 0.982
1  3.16e-03  0.5591110403  1.502171e-01 0.982
1  3.31e-03  0.5591068632  1.502171e-01 0.982
1  3.47e-03  0.5591025671  1.502171e-01 0.982
1  3.63e-03  0.5590980484  1.502171e-01 0.982
1  3.80e-03  0.5590933312  1.502171e-01 0.982
1  3.98e-03  0.5590883671  1.502171e-01 0.982
1  4.17e-03  0.5590831653  1.502171e-01 0.982
1  4.37e-03  0.5590777556  1.502171e-01 0.982
1  4.57e-03  0.5590720584  1.502171e-01 0.982
1  4.79e-03  0.5590660751  1.502171e-01 0.982
1  5.01e-03  0.5590598601  1.502171e-01 0.982
1  5.25e-03  0.5590533225  1.502171e-01 0.982
1  5.50e-03  0.5590464535  1.502171e-01 0.982
1  5.75e-03  0.5590392859  1.502171e-01 0.982
1  6.03e-03  0.5590318065  1.502171e-01 0.982
1  6.31e-03  0.5590239241  1.502171e-01 0.982
1  6.61e-03  0.5590157103  1.502171e-01 0.982
1  6.92e-03  0.5590070731  1.502171e-01 0.982
1  7.24e-03  0.5589980522  1.502171e-01 0.982
1  7.59e-03  0.5589886172  1.502171e-01 0.982
1  7.94e-03  0.5589786879  1.502171e-01 0.982
1  8.32e-03  0.5589683541  1.502171e-01 0.982
1  8.71e-03  0.5589574855  1.502171e-01 0.982
1  9.12e-03  0.5589461301  1.502171e-01 0.982
1  9.55e-03  0.5589342132  1.502171e-01 0.982
1  1.00e-02  0.5589217365  1.502171e-01 0.982
1  1.05e-02  0.5589086771  1.502171e-01 0.982
1  1.10e-02  0.5588950307  1.502171e-01 0.982
1  1.15e-02  0.5588806804  1.502171e-01 0.982
1  1.20e-02  0.5588656831  1.502171e-01 0.982
1  1.26e-02  0.5588499701  1.502171e-01 0.982
1  1.32e-02  0.5588335629  1.502171e-01 0.982
1  1.38e-02  0.5588163254  1.502171e-01 0.982
1  1.45e-02  0.5587983054  1.502171e-01 0.982
1  1.51e-02  0.5587794135  1.502171e-01 0.982
1  1.58e-02  0.5587596352  1.502171e-01 0.982
1  1.66e-02  0.5587388982  1.502171e-01 0.982
1  1.74e-02  0.5587171727  1.502171e-01 0.982
1  1.82e-02  0.5586944981  1.502171e-01 0.982
1  1.91e-02  0.5586706188  1.502171e-01 0.982
1  2.00e-02  0.5586457505  1.502171e-01 0.982
1  2.09e-02  0.5586196084  1.502171e-01 0.982
1  2.19e-02  0.5585923183  1.502171e-01 0.982
1  2.29e-02  0.5585636366  1.502171e-01 0.982
1  2.40e-02  0.5585337034  1.502171e-01 0.982
1  2.51e-02  0.5585022039  1.502171e-01 0.982
1  2.63e-02  0.5584692924  1.502171e-01 0.982
1  2.75e-02  0.5584348543  1.502171e-01 0.982
1  2.88e-02  0.5583988564  1.502171e-01 0.982
1  3.02e-02  0.5583609496  1.502171e-01 0.982
1  3.16e-02  0.5583214649  1.502171e-01 0.982
1  3.31e-02  0.5582799572  1.502171e-01 0.982
1  3.47e-02  0.5582364972  1.502171e-01 0.982
1  3.63e-02  0.5581910459  1.502171e-01 0.982
1  3.80e-02  0.5581433048  1.502171e-01 0.982
1  3.98e-02  0.5580934771  1.502171e-01 0.982
1  4.17e-02  0.5580410582  1.502171e-01 0.982
1  4.37e-02  0.5579863767  1.502171e-01 0.982
1  4.57e-02  0.5579289469  1.502171e-01 0.982
1  4.79e-02  0.5578687607  1.502171e-01 0.982
1  5.01e-02  0.5578058321  1.502171e-01 0.982
1  5.25e-02  0.5577398953  1.502171e-01 0.982
1  5.50e-02  0.5576709302  1.502171e-01 0.982
1  5.75e-02  0.5575985468  1.502171e-01 0.982
1  6.03e-02  0.5575227055  1.502171e-01 0.982
1  6.31e-02  0.557442985  1.502171e-01 0.982
1  6.61e-02  0.5573598524  1.502171e-01 0.982
1  6.92e-02  0.5572724904  1.502171e-01 0.982
1  7.24e-02  0.5571812471  1.502171e-01 0.982
1  7.59e-02  0.5570854006  1.502171e-01 0.982
1  7.94e-02  0.5569852238  1.502171e-01 0.982
1  8.32e-02  0.5568799785  1.502171e-01 0.982
1  8.71e-02  0.5567699754  1.502171e-01 0.982
1  9.12e-02  0.5566543812  1.502171e-01 0.982
1  9.55e-02  0.5565331869  1.502171e-01 0.982
1  1.00e-01  0.5564067065  1.502171e-01 0.982
1  1.05e-01  0.556273808  1.502171e-01 0.982
1  1.10e-01  0.5561342297  1.502171e-01 0.982
1  1.15e-01  0.5559882503  1.502171e-01 0.982
1  1.20e-01  0.5558354252  1.502171e-01 0.982
1  1.26e-01  0.555675187  1.502171e-01 0.982
1  1.32e-01  0.5555071715  1.502171e-01 0.982
1  1.38e-01  0.5553306532  1.502171e-01 0.982
1  1.45e-01  0.5551459513  1.502171e-01 0.982
1  1.51e-01  0.5549520453  1.502171e-01 0.982
1  1.58e-01  0.5547493569  1.502171e-01 0.982
1  1.66e-01  0.5545358363  1.502171e-01 0.982
1  1.74e-01  0.5543130317  1.502171e-01 0.982
1  1.82e-01  0.5540783587  1.502171e-01 0.982
1  1.91e-01  0.5538327457  1.502171e-01 0.982
1  2.00e-01  0.5535758133  1.502171e-01 0.982
1  2.09e-01  0.5533050974  1.502171e-01 0.982
1  2.19e-01  0.5530221021  1.502171e-01 0.982
1  2.29e-01  0.5527243058  1.502171e-01 0.982
1  2.40e-01  0.5524129223  1.502171e-01 0.982
1  2.51e-01  0.5520851881  1.502171e-01 0.982
1  2.63e-01  0.5517424847  1.502171e-01 0.982
1  2.75e-01  0.5513823417  1.502171e-01 0.982
1  2.88e-01  0.5510033477  1.502171e-01 0.982
1  3.02e-01  0.5506064738  1.502171e-01 0.982
1  3.16e-01  0.550191136  1.502171e-01 0.982
1  3.31e-01  0.5497526295  1.502171e-01 0.982
1  3.47e-01  0.5492942546  1.502171e-01 0.982
1  3.63e-01  0.5488118075  1.502171e-01 0.982
1  3.80e-01  0.5483065049  1.502171e-01 0.982
1  3.98e-01  0.5477736931  1.502171e-01 0.982
1  4.17e-01  0.5472154656  1.502171e-01 0.982
1  4.37e-01  0.5466295376  1.502171e-01 0.982
1  4.57e-01  0.5460125723  1.502171e-01 0.982
1  4.79e-01  0.5453645624  1.502171e-01 0.982
1  5.01e-01  0.5446853762  1.502171e-01 0.982
1  5.25e-01  0.5439695348  1.502171e-01 0.982
1  5.50e-01  0.5432172643  1.502171e-01 0.982
1  5.75e-01  0.5424293577  1.502171e-01 0.982
1  6.03e-01  0.5415963644  1.502171e-01 0.982
1  6.31e-01  0.5407228151  1.502171e-01 0.982
1  6.61e-01  0.5398058407  1.502171e-01 0.982
1  6.92e-01  0.5388408632  1.502171e-01 0.982
1  7.24e-01  0.5378203639  1.502171e-01 0.982
1  7.59e-01  0.5367499847  1.502171e-01 0.982
1  7.94e-01  0.5356273989  1.502171e-01 0.982
1  8.32e-01  0.5344418843  1.502171e-01 0.982
1  8.71e-01  0.5331960607  1.502171e-01 0.982
1  9.12e-01  0.5318803855  1.502171e-01 0.982
1  9.55e-01  0.5305022811  1.502171e-01 0.982
1  1.00e+00  0.5290476029  1.502171e-01 0.982
1  1.05e+00  0.5275120703  1.502171e-01 0.982
1  1.10e+00  0.525898975  1.502171e-01 0.982
1  1.15e+00  0.5242020552  1.502171e-01 0.982
1  1.20e+00  0.5224117074  1.502171e-01 0.982
1  1.26e+00  0.5205319401  1.502171e-01 0.982
1  1.32e+00  0.5185490155  1.502171e-01 0.982
1  1.38e+00  0.5164543807  1.502171e-01 0.982
1  1.45e+00  0.5142554383  1.502171e-01 0.982
1  1.51e+00  0.5119424038  1.502171e-01 0.982
1  1.58e+00  0.509508995  1.502171e-01 0.982
1  1.66e+00  0.5069457935  1.502171e-01 0.982
1  1.74e+00  0.5042415246  1.502171e-01 0.982
1  1.82e+00  0.5014049146  1.502171e-01 0.982
1  1.91e+00  0.4984236432  1.502171e-01 0.982
1  2.00e+00  0.4953004746  1.502171e-01 0.982
1  2.09e+00  0.4920059606  1.502171e-01 0.982
1  2.19e+00  0.4885645501  1.502171e-01 0.982
1  2.29e+00  0.4849465606  1.502171e-01 0.982
1  2.40e+00  0.4811645872  1.502171e-01 0.982
1  2.51e+00  0.4772178256  1.502171e-01 0.982
1  2.63e+00  0.4730794079  1.502171e-01 0.982
1  2.75e+00  0.4687789427  1.502171e-01 0.982
1  2.88e+00  0.4643041437  1.502171e-01 0.982
1  3.02e+00  0.4596417159  1.502171e-01 0.982
1  3.16e+00  0.4548283972  1.502171e-01 0.982
1  3.31e+00  0.4498458853  1.502171e-01 0.982
1  3.47e+00  0.4446935673  1.502171e-01 0.982
1  3.63e+00  0.4394057253  1.502171e-01 0.982
1  3.80e+00  0.4340053083  1.502171e-01 0.982
1  3.98e+00  0.4284723515  1.502171e-01 0.982
1  4.17e+00  0.4228355742  1.502171e-01 0.982
1  4.37e+00  0.417136424  1.502171e-01 0.982
1  4.57e+00  0.4113664787  1.502171e-01 0.982
1  4.79e+00  0.4055993072  1.502171e-01 0.982
1  5.01e+00  0.3998031373  1.502171e-01 0.982
1  5.25e+00  0.3940392028  1.502171e-01 0.982
1  5.50e+00  0.3883481082  1.502171e-01 0.982
1  5.75e+00  0.3827090303  1.502171e-01 0.982
1  6.03e+00  0.3771924084  1.502171e-01 0.982
1  6.31e+00  0.3718253632  1.502171e-01 0.982
1  6.61e+00  0.3665932903  1.502171e-01 0.982
1  6.92e+00  0.361574709  1.502171e-01 0.982
1  7.24e+00  0.356707394  1.502171e-01 0.982
1  7.59e+00  0.352086651  1.502171e-01 0.982
1  7.94e+00  0.3476627418  1.502171e-01 0.982
1  8.32e+00  0.3434887587  1.502171e-01 0.982
1  8.71e+00  0.3395537269  1.502171e-01 0.982
1  9.12e+00  0.335834936  1.502171e-01 0.982
1  9.55e+00  0.3323679479  1.502171e-01 0.982
1  1.00e+01  0.3291066358  1.502171e-01 0.982
1  1.05e+01  0.3261021959  1.502171e-01 0.982
1  1.10e+01  0.3232739251  1.502171e-01 0.982
1  1.15e+01  0.3206855754  1.502171e-01 0.982
1  1.20e+01  0.3183207592  1.502171e-01 0.982
1  1.26e+01  0.3160940545  1.502171e-01 0.982
1  1.32e+01  0.3140253766  1.502171e-01 0.982
1  1.38e+01  0.3121751681  1.502171e-01 0.982
1  1.45e+01  0.3104291926  1.502171e-01 0.982
1  1.51e+01  0.3088700487  1.502171e-01 0.982
1  1.58e+01  0.3074145688  1.502171e-01 0.982
1  1.66e+01  0.3060774036  1.502171e-01 0.982
1  1.74e+01  0.3048613765  1.502171e-01 0.982
1  1.82e+01  0.3037284439  1.502171e-01 0.982
1  1.91e+01  0.3027083731  1.502171e-01 0.982
1  2.00e+01  0.3017384599  1.502171e-01 0.982
1  2.09e+01  0.3008750189  1.502171e-01 0.982
1  2.19e+01  0.3000777281  1.502171e-01 0.982
1  2.29e+01  0.2993222723  1.502171e-01 0.982
1  2.40e+01  0.2986209348  1.502171e-01 0.982
1  2.51e+01  0.2979948803  1.502171e-01 0.982
1  2.63e+01  0.2973709482  1.502171e-01 0.982
1  2.75e+01  0.296821913  1.502171e-01 0.982
1  2.88e+01  0.2962748491  1.502171e-01 0.982
1  3.02e+01  0.2957831365  1.502171e-01 0.982
1  3.16e+01  0.2952825122  1.502171e-01 0.982
1  3.31e+01  0.2948169774  1.502171e-01 0.982
1  3.47e+01  0.2943739021  1.502171e-01 0.982
1  3.63e+01  0.2939500595  1.502171e-01 0.982
1  3.80e+01  0.2935217826  1.502171e-01 0.982
1  3.98e+01  0.2930811462  1.502171e-01 0.982
1  4.17e+01  0.2926459116  1.502171e-01 0.982
1  4.37e+01  0.2922149107  1.502171e-01 0.982
1  4.57e+01  0.2917874462  1.502171e-01 0.982
1  4.79e+01  0.2913425258  1.502171e-01 0.982
1  5.01e+01  0.2908679515  1.502171e-01 0.982
1  5.25e+01  0.2903717967  1.502171e-01 0.982
1  5.50e+01  0.2898718007  1.502171e-01 0.982
1  5.75e+01  0.2892991314  1.502171e-01 0.982
1  6.03e+01  0.2887106602  1.502171e-01 0.982
1  6.31e+01  0.2880988839  1.502171e-01 0.982
1  6.61e+01  0.2873993223  1.502171e-01 0.982
1  6.92e+01  0.2866417838  1.502171e-01 0.982
1  7.24e+01  0.2858091937  1.502171e-01 0.982
1  7.59e+01  0.284852182  1.502171e-01 0.982
1  7.94e+01  0.2838075049  1.502171e-01 0.982
1  8.32e+01  0.282651616  1.502171e-01 0.982
1  8.71e+01  0.2813028344  1.502171e-01 0.982
1  9.12e+01  0.2797747623  1.502171e-01 0.982
1  9.55e+01  0.2779784802  1.502171e-01 0.982
1  1.00e+02  0.2759215599  1.502171e-01 0.982
1  1.05e+02  0.2734959945  1.502171e-01 0.982
1  1.10e+02  0.2706538484  1.502171e-01 0.982
1  1.15e+02  0.2672167777  1.502171e-01 0.982
1  1.20e+02  0.2631018349  1.502171e-01 0.982
1  1.26e+02  0.2581109804  1.502171e-01 0.982
1  1.32e+02  0.2520258032  1.502171e-01 0.982
1  1.38e+02  0.2444968587  1.502171e-01 0.982
1  1.45e+02  0.2352709013  1.502171e-01 0.982
1  1.51e+02  0.2239167161  1.502171e-01 0.982
1  1.58e+02  0.2101193697  1.502171e-01 0.982
1  1.66e+02  0.1937405112  1.502171e-01 0.982
1  1.74e+02  0.1749836909  1.502171e-01 0.982
1  1.82e+02  0.1545681741  1.502171e-01 0.982
1  1.91e+02  0.1337085708  1.502171e-01 0.982
1  2.00e+02  0.113821375  1.502171e-01 0.982
1  2.09e+02  0.09603477441  1.502171e-01 0.982
1  2.19e+02  0.08101095701  1.502171e-01 0.982
1  2.29e+02  0.06880525612  1.502171e-01 0.982
1  2.40e+02  0.05916036304  1.502171e-01 0.982
1  2.51e+02  0.05164537986  1.502171e-01 0.982
1  2.63e+02  0.04582349832  1.502171e-01 0.982
1  2.75e+02  0.04130309448  1.502171e-01 0.982
1  2.88e+02  0.03778363053  1.502171e-01 0.982
1  3.02e+02  0.03501652659  1.502171e-01 0.982
1  3.16e+02  0.0328357113  1.502171e-01 0.982
1  3.31e+02  0.03109988129  1.502171e-01 0.982
1  3.47e+02  0.02970085233  1.502171e-01 0.982
1  3.63e+02  0.02857013818  1.502171e-01 0.982
1  3.80e+02  0.02764521824  1.502171e-01 0.982
1  3.98e+02  0.02688637771  1.502171e-01 0.982
1  4.17e+02  0.02625975369  1.502171e-01 0.982
1  4.37e+02  0.02573919017  1.502171e-01 0.982
1  4.57e+02  0.02530053333  1.502171e-01 0.982
1  4.79e+02  0.02493222376  1.502171e-01 0.982
1  5.01e+02  0.02461875549  1.502171e-01 0.982
1  5.25e+02  0.02435323277  1.502171e-01 0.982
1  5.50e+02  0.02412776197  1.502171e-01 0.982
1  5.75e+02  0.02393362313  1.502171e-01 0.982
1  6.03e+02  0.02376666839  1.502171e-01 0.982
1  6.31e+02  0.02362308365  1.502171e-01 0.982
1  6.61e+02  0.02349919824  1.502171e-01 0.982
1  6.92e+02  0.02339072178  1.502171e-01 0.982
1  7.24e+02  0.02329386202  1.502171e-01 0.982
1  7.59e+02  0.02321337378  1.502171e-01 0.982
1  7.94e+02  0.02314000544  1.502171e-01 0.982
1  8.32e+02  0.0230761893  1.502171e-01 0.982
1  8.71e+02  0.02302034784  1.502171e-01 0.982
1  9.12e+02  0.02297032089  1.502171e-01 0.982
1  9.55e+02  0.02292812829  1.502171e-01 0.982
1  1.00e+03  0.02288870722  1.502171e-01 0.982
1  1.05e+03  0.02285464112  1.502171e-01 0.982
1  1.10e+03  0.02282506696  1.502171e-01 0.982
1  1.15e+03  0.02279929323  1.502171e-01 0.982
1  1.20e+03  0.02277478883  1.502171e-01 0.982
1  1.26e+03  0.02275242615  1.502171e-01 0.982
1  1.32e+03  0.02273418191  1.502171e-01 0.982
1  1.38e+03  0.02271661659  1.502171e-01 0.982
1  1.45e+03  0.02270146353  1.502171e-01 0.982
1  1.51e+03  0.02268802123  1.502171e-01 0.982
1  1.58e+03  0.02267682316  1.502171e-01 0.982
1  1.66e+03  0.02266634223  1.502171e-01 0.982
1  1.74e+03  0.0226560465  1.502171e-01 0.982
1  1.82e+03  0.02264697995  1.502171e-01 0.982
1  1.91e+03  0.02263958811  1.502171e-01 0.982
1  2.00e+03  0.02263160237  1.502171e-01 0.982
1  2.09e+03  0.02262635431  1.502171e-01 0.982
1  2.19e+03  0.02261942783  1.502171e-01 0.982
1  2.29e+03  0.02261479481  1.502171e-01 0.982
1  2.40e+03  0.02261013038  1.502171e-01 0.982
1  2.51e+03  0.0226052381  1.502171e-01 0.982
1  2.63e+03  0.02260133282  1.502171e-01 0.982
1  2.75e+03  0.02259782532  1.502171e-01 0.982
1  2.88e+03  0.02259598428  1.502171e-01 0.982
1  3.02e+03  0.02259254864  1.502171e-01 0.982
1  3.16e+03  0.02259047609  1.502171e-01 0.982
1  3.31e+03  0.02258867721  1.502171e-01 0.982
1  3.47e+03  0.02258761125  1.502171e-01 0.982
1  3.63e+03  0.02258429245  1.502171e-01 0.982
1  3.80e+03  0.02258106454  1.502171e-01 0.982
1  3.98e+03  0.0225796161  1.502171e-01 0.982
1  4.17e+03  0.02258482443  1.502171e-01 0.982
1  4.37e+03  0.02258261215  1.502171e-01 0.982
1  4.57e+03  0.02258466403  1.502171e-01 0.982
1  4.79e+03  0.02258425751  1.502171e-01 0.982
1  5.01e+03  0.02258198242  1.502171e-01 0.982
1  5.25e+03  0.02256806453  1.502171e-01 0.982
1  5.50e+03  0.02257112187  1.502171e-01 0.982
1  5.75e+03  0.02260337215  1.502171e-01 0.982
1  6.03e+03  0.02258165377  1.502171e-01 0.982
1  6.31e+03  0.0225977865  1.502171e-01 0.982
1  6.61e+03  0.02263041739  1.502171e-01 0.982
1  6.92e+03  0.02262252627  1.502171e-01 0.982
1  7.24e+03  0.02266770982  1.502171e-01 0.982
1  7.59e+03  0.02273054131  1.502171e-01 0.982
1  7.94e+03  0.02271280368  1.502171e-01 0.982
1  8.32e+03  0.02287270731  1.502171e-01 0.982
1  8.71e+03  0.02301439338  1.502171e-01 0.982
1  9.12e+03  0.02306455298  1.502171e-01 0.982
1  9.55e+03  0.02318421936  1.502171e-01 0.982
1  1.00e+04  0.02344345678  1.502171e-01 0.982
1  1.05e+04  0.02377620969  1.502171e-01 0.982
1  1.10e+04  0.02422342196  1.502171e-01 0.982
1  1.15e+04  0.02470441475  1.502171e-01 0.982
1  1.20e+04  0.02536059513  1.502171e-01 0.982
1  1.26e+04  0.02602193818  1.502171e-01 0.982
1  1.32e+04  0.02678352571  1.502171e-01 0.982
1  1.38e+04  0.02774801081  1.502171e-01 0.982
1  1.45e+04  0.02901567703  1.502171e-01 0.982
1  1.51e+04  0.03068358393  1.502171e-01 0.982
1  1.58e+04  0.03259342489  1.502171e-01 0.982
1  1.66e+04  0.03446225706  1.502171e-01 0.982
1  1.74e+04  0.03634363822  1.502171e-01 0.982
1  1.82e+04  0.03876262594  1.502171e-01 0.982
1  1.91e+04  0.04197201782  1.502171e-01 0.982
1  2.00e+04  0.04515940586  1.502171e-01 0.982
1  2.09e+04  0.04853661833  1.502171e-01 0.982
1  2.19e+04  0.05248455657  1.502171e-01 0.982
1  2.29e+04  0.05654377997  1.502171e-01 0.982
1  2.40e+04  0.06154931392  1.502171e-01 0.982
1  2.51e+04  0.06592119239  1.502171e-01 0.982
1  2.63e+04  0.0719646288  1.502171e-01 0.982
1  2.75e+04  0.07689931912  1.502171e-01 0.982
1  2.88e+04  0.08375810278  1.502171e-01 0.982
1  3.02e+04  0.08938715407  1.502171e-01 0.982
1  3.16e+04  0.09670889698  1.502171e-01 0.982
1  3.31e+04  0.1036668009  1.502171e-01 0.982
1  3.47e+04  0.1104298016  1.502171e-01 0.982
1  3.63e+04  0.1191948994  1.502171e-01 0.982
1  3.80e+04  0.1264067628  1.502171e-01 0.982
1  3.98e+04  0.1338272206  1.502171e-01 0.982
1  4.17e+04  0.1441064894  1.502171e-01 0.982
1  4.37e+04  0.151930912  1.502171e-01 0.982
1  4.57e+04  0.1588937004  1.502171e-01 0.982
1  4.79e+04  0.1696674534  1.502171e-01 0.982
1  5.01e+04  0.1800529875  1.502171e-01 0.982
1  5.25e+04  0.1872567002  1.502171e-01 0.982
1  5.50e+04  0.1951326353  1.502171e-01 0.982
1  5.75e+04  0.2056871234  1.502171e-01 0.982
1  6.03e+04  0.2167716243  1.502171e-01 0.982
1  6.31e+04  0.2263870825  1.502171e-01 0.982
1  6.61e+04  0.234403975  1.502171e-01 0.982
1  6.92e+04  0.2419696248  1.502171e-01 0.982
1  7.24e+04  0.2506523861  1.502171e-01 0.982
1  7.59e+04  0.2611747928  1.502171e-01 0.982
1  7.94e+04  0.2725800661  1.502171e-01 0.982
1  8.32e+04  0.283084496  1.502171e-01 0.982
1  8.71e+04  0.2916802729  1.502171e-01 0.982
1  9.12e+04  0.2987372302  1.502171e-01 0.982
1  9.55e+04  0.305374688  1.502171e-01 0.982
1  1.00e+05  0.3125575111  1.502171e-01 0.982
1  1.05e+05  0.3206793439  1.502171e-01 0.982
1  1.10e+05  0.3296599314  1.502171e-01 0.982
1  1.15e+05  0.3391904831  1.502171e-01 0.982
1  1.20e+05  0.3488829178  1.502171e-01 0.982
1  1.26e+05  0.3583322785  1.502171e-01 0.982
1  1.32e+05  0.3671760255  1.502171e-01 0.982
1  1.38e+05  0.3751668801  1.502171e-01 0.982
1  1.45e+05  0.3822217668  1.502171e-01 0.982
1  1.51e+05  0.3884187378  1.502171e-01 0.982
1  1.58e+05  0.3939481967  1.502171e-01 0.982
1  1.66e+05  0.3990456278  1.502171e-01 0.982
1  1.74e+05  0.4039327013  1.502171e-01 0.982
1  1.82e+05  0.4087815178  1.502171e-01 0.982
1  1.91e+05  0.4137034269  1.502171e-01 0.982
1  2.00e+05  0.4187552682  1.502171e-01 0.982
1  2.09e+05  0.4239534288  1.502171e-01 0.982
1  2.19e+05  0.4292881555  1.502171e-01 0.982
1  2.29e+05  0.4347343252  1.502171e-01 0.982
1  2.40e+05  0.4402581285  1.502171e-01 0.982
1  2.51e+05  0.4458208449  1.502171e-01 0.982
1  2.63e+05  0.4513812011  1.502171e-01 0.982
1  2.75e+05  0.4568973332  1.502171e-01 0.982
1  2.88e+05  0.4623287357  1.502171e-01 0.982
1  3.02e+05  0.4676381351  1.502171e-01 0.982
1  3.16e+05  0.4727930501  1.502171e-01 0.982
1  3.31e+05  0.477766838  1.502171e-01 0.982
1  3.47e+05  0.4825391486  1.502171e-01 0.982
1  3.63e+05  0.487095834  1.502171e-01 0.982
1  3.80e+05  0.4914284425  1.502171e-01 0.982
1  3.98e+05  0.4955334561  1.502171e-01 0.982
1  4.17e+05  0.4994114151  1.502171e-01 0.982
1  4.37e+05  0.5030660445  1.502171e-01 0.982
1  4.57e+05  0.5065034551  1.502171e-01 0.982
1  4.79e+05  0.5097314559  1.502171e-01 0.982
1  5.01e+05  0.5127589912  1.502171e-01 0.982
1  5.25e+05  0.515595696  1.502171e-01 0.982
1  5.50e+05  0.5182515561  1.502171e-01 0.982
1  5.75e+05  0.5207366538  1.502171e-01 0.982
1  6.03e+05  0.5230609826  1.502171e-01 0.982
1  6.31e+05  0.5252343146  1.502171e-01 0.982
1  6.61e+05  0.5272661088  1.502171e-01 0.982
1  6.92e+05  0.5291654487  1.502171e-01 0.982
1  7.24e+05  0.5309410022  1.502171e-01 0.982
1  7.59e+05  0.5326009988  1.502171e-01 0.982
1  7.94e+05  0.5341532188  1.502171e-01 0.982
1  8.32e+05  0.5356049911  1.502171e-01 0.982
1  8.71e+05  0.536963199  1.502171e-01 0.982
1  9.12e+05  0.5382342907  1.502171e-01 0.982
1  9.55e+05  0.539424293  1.502171e-01 0.982
1  1.00e+06  0.5405388282  1.502171e-01 0.982
1  1.05e+06  0.5415831332  1.502171e-01 0.982
1  1.10e+06  0.5425620791  1.502171e-01 0.982
1  1.15e+06  0.5434801913  1.502171e-01 0.982
1  1.20e+06  0.5443416708  1.502171e-01 0.982
1  1.26e+06  0.545150414  1.502171e-01 0.982
1  1.32e+06  0.5459100333  1.502171e-01 0.982
1  1.38e+06  0.5466238759  1.502171e-01 0.982
1  1.45e+06  0.5472950431  1.502171e-01 0.982
1  1.51e+06  0.5479264073  1.502171e-01 0.982
1  1.58e+06  0.5485206294  1.502171e-01 0.982
1  1.66e+06  0.5490801743  1.502171e-01 0.982
1  1.74e+06  0.5496073257  1.502171e-01 0.982
1  1.82e+06  0.5501042004  1.502171e-01 0.982
1  1.91e+06  0.5505727626  1.502171e-01 0.982
1  2.00e+06  0.5510148284  1.502171e-01 0.982
1  2.09e+06  0.5514320867  1.502171e-01 0.982
1  2.19e+06  0.5518261042  1.502171e-01 0.982
1  2.29e+06  0.5521983362  1.502171e-01 0.982
1  2.40e+06  0.5525501348  1.502171e-01 0.982
1  2.51e+06  0.5528827577  1.502171e-01 0.982
1  2.63e+06  0.5531973742  1.502171e-01 0.982
1  2.75e+06  0.5534950731  1.502171e-01 0.982
1  2.88e+06  0.5537768683  1.502171e-01 0.982
1  3.02e+06  0.5540437052  1.502171e-01 0.982
1  3.16e+06  0.554296465  1.502171e-01 0.982
1  3.31e+06  0.5545359703  1.502171e-01 0.982
1  3.47e+06  0.5547629893  1.502171e-01 0.982
1  3.63e+06  0.5549782397  1.502171e-01 0.982
1  3.80e+06  0.5551823925  1.502171e-01 0.982
1  3.98e+06  0.5553760755  1.502171e-01 0.982
1  4.17e+06  0.5555598767  1.502171e-01 0.982
1  4.37e+06  0.5557343465  1.502171e-01 0.982
1  4.57e+06  0.5559000012  1.502171e-01 0.982
1  4.79e+06  0.5560573248  1.502171e-01 0.982
1  5.01e+06  0.5562067715  1.502171e-01 0.982
1  5.25e+06  0.5563487681  1.502171e-01 0.982
1  5.50e+06  0.5564837152  1.502171e-01 0.982
1  5.75e+06  0.5566119896  1.502171e-01 0.982
1  6.03e+06  0.5567339459  1.502171e-01 0.982
1  6.31e+06  0.5568499173  1.502171e-01 0.982
1  6.61e+06  0.5569602181  1.502171e-01 0.982
1  6.92e+06  0.5570651439  1.502171e-01 0.982
1  7.24e+06  0.5571649738  1.502171e-01 0.982
1  7.59e+06  0.5572599705  1.502171e-01 0.982
1  7.94e+06  0.5573503822  1.502171e-01 0.982
1  8.32e+06  0.557436443  1.502171e-01 0.982
1  8.71e+06  0.557518374  1.502171e-01 0.982
1  9.12e+06  0.557596384  1.502171e-01 0.982
1  9.55e+06  0.5576706703  1.502171e-01 0.982
1  1.00e+07  0.5577414197  1.502171e-01 0.982
