1  1.00e-03  0.5595667544  1.480755e-01 0.9680000000000001
1  1.05e-03  0.5595655509  1.480755e-01 0.9680000000000001
1  1.10e-03  0.5595641003  1.480755e-01 0.9680000000000001
1  1.15e-03  0.5595627896  1.480755e-01 0.9680000000000001
1  1.20e-03  0.5595612239  1.480755e-01 0.9680000000000001
1  1.26e-03  0.5595597022  1.480755e-01 0.9680000000000001
1  1.32e-03  0.5595579822  1.480755e-01 0.9680000000000001
1  1.38e-03  0.5595562142  1.480755e-01 0.9680000000000001
1  1.45e-03  0.5595544082  1.480755e-01 0.9680000000000001
1  1.51e-03  0.5595526495  1.480755e-01 0.9680000000000001
1  1.58e-03  0.5595505605  1.480755e-01 0.9680000000000001
1  1.66e-03  0.5595485547  1.480755e-01 0.9680000000000001
1  1.74e-03  0.5595464009  1.480755e-01 0.9680000000000001
1  1.82e-03  0.5595441104  1.480755e-01 0.9680000000000001
1  1.91e-03  0.559541757  1.480755e-01 0.9680000000000001
1  2.00e-03  0.5595392418  1.480755e-01 0.9680000000000001
1  2.09e-03  0.5595365892  1.480755e-01 0.9680000000000001
1  2.19e-03  0.5595338772  1.480755e-01 0.9680000000000001
1  2.29e-03  0.5595310687  1.480755e-01 0.9680000000000001
1  2.40e-03  0.5595281097  1.480755e-01 0.9680000000000001
1  2.51e-03  0.5595249141  1.480755e-01 0.9680000000000001
1  2.63e-03  0.5595216697  1.480755e-01 0.9680000000000001
1  2.75e-03  0.5595182269  1.480755e-01 0.9680000000000001
1  2.88e-03  0.5595146445  1.480755e-01 0.9680000000000001
1  3.02e-03  0.5595108711  1.480755e-01 0.9680000000000001
1  3.16e-03  0.5595069702  1.480755e-01 0.9680000000000001
1  3.31e-03  0.5595027942  1.480755e-01 0.9680000000000001
1  3.47e-03  0.5594984901  1.480755e-01 0.9680000000000001
1  3.63e-03  0.5594939704  1.480755e-01 0.9680000000000001
1  3.80e-03  0.55948925  1.480755e-01 0.9680000000000001
1  3.98e-03  0.5594842831  1.480755e-01 0.9680000000000001
1  4.17e-03  0.5594790828  1.480755e-01 0.9680000000000001
1  4.37e-03  0.5594736695  1.480755e-01 0.9680000000000001
1  4.57e-03  0.5594679658  1.480755e-01 0.9680000000000001
1  4.79e-03  0.559461976  1.480755e-01 0.9680000000000001
1  5.01e-03  0.5594557544  1.480755e-01 0.9680000000000001
1  5.25e-03  0.5594492191  1.480755e-01 0.9680000000000001
1  5.50e-03  0.5594423455  1.480755e-01 0.9680000000000001
1  5.75e-03  0.5594351741  1.480755e-01 0.9680000000000001
1  6.03e-03  0.5594276886  1.480755e-01 0.9680000000000001
1  6.31e-03  0.5594197949  1.480755e-01 0.9680000000000001
1  6.61e-03  0.5594115799  1.480755e-01 0.9680000000000001
1  6.92e-03  0.5594029414  1.480755e-01 0.9680000000000001
1  7.24e-03  0.5593939159  1.480755e-01 0.9680000000000001
1  7.59e-03  0.5593844642  1.480755e-01 0.9680000000000001
1  7.94e-03  0.5593745345  1.480755e-01 0.9680000000000001
1  8.32e-03  0.5593641897  1.480755e-01 0.9680000000000001
1  8.71e-03  0.5593533044  1.480755e-01 0.9680000000000001
1  9.12e-03  0.5593419539  1.480755e-01 0.9680000000000001
1  9.55e-03  0.5593300345  1.480755e-01 0.9680000000000001
1  1.00e-02  0.5593175305  1.480755e-01 0.9680000000000001
1  1.05e-02  0.5593044838  1.480755e-01 0.9680000000000001
1  1.10e-02  0.5592908148  1.480755e-01 0.9680000000000001
1  1.15e-02  0.559276469  1.480755e-01 0.9680000000000001
1  1.20e-02  0.5592614621  1.480755e-01 0.9680000000000001
1  1.26e-02  0.5592457169  1.480755e-01 0.9680000000000001
1  1.32e-02  0.5592293109  1.480755e-01 0.9680000000000001
1  1.38e-02  0.5592120707  1.480755e-01 0.9680000000000001
1  1.45e-02  0.5591940272  1.480755e-01 0.9680000000000001
1  1.51e-02  0.5591751093  1.480755e-01 0.9680000000000001
1  1.58e-02  0.5591553256  1.480755e-01 0.9680000000000001
1  1.66e-02  0.5591345914  1.480755e-01 0.9680000000000001
1  1.74e-02  0.5591128218  1.480755e-01 0.9680000000000001
1  1.82e-02  0.5590901425  1.480755e-01 0.9680000000000001
1  1.91e-02  0.5590662611  1.480755e-01 0.9680000000000001
1  2.00e-02  0.5590413832  1.480755e-01 0.9680000000000001
1  2.09e-02  0.5590151889  1.480755e-01 0.9680000000000001
1  2.19e-02  0.5589878769  1.480755e-01 0.9680000000000001
1  2.29e-02  0.5589591759  1.480755e-01 0.9680000000000001
1  2.40e-02  0.5589292477  1.480755e-01 0.9680000000000001
1  2.51e-02  0.5588977128  1.480755e-01 0.9680000000000001
1  2.63e-02  0.5588647972  1.480755e-01 0.9680000000000001
1  2.75e-02  0.5588303549  1.480755e-01 0.9680000000000001
1  2.88e-02  0.5587943097  1.480755e-01 0.9680000000000001
1  3.02e-02  0.5587563589  1.480755e-01 0.9680000000000001
1  3.16e-02  0.5587168353  1.480755e-01 0.9680000000000001
1  3.31e-02  0.5586752882  1.480755e-01 0.9680000000000001
1  3.47e-02  0.5586317982  1.480755e-01 0.9680000000000001
1  3.63e-02  0.5585863158  1.480755e-01 0.9680000000000001
1  3.80e-02  0.5585385472  1.480755e-01 0.9680000000000001
1  3.98e-02  0.5584887395  1.480755e-01 0.9680000000000001
1  4.17e-02  0.5584362991  1.480755e-01 0.9680000000000001
1  4.37e-02  0.5583814945  1.480755e-01 0.9680000000000001
1  4.57e-02  0.5583240308  1.480755e-01 0.9680000000000001
1  4.79e-02  0.5582638637  1.480755e-01 0.9680000000000001
1  5.01e-02  0.5582009258  1.480755e-01 0.9680000000000001
1  5.25e-02  0.5581349506  1.480755e-01 0.9680000000000001
1  5.50e-02  0.5580658888  1.480755e-01 0.9680000000000001
1  5.75e-02  0.5579934273  1.480755e-01 0.9680000000000001
1  6.03e-02  0.5579175348  1.480755e-01 0.9680000000000001
1  6.31e-02  0.5578378077  1.480755e-01 0.9680000000000001
1  6.61e-02  0.5577546592  1.480755e-01 0.9680000000000001
1  6.92e-02  0.5576671743  1.480755e-01 0.9680000000000001
1  7.24e-02  0.557575784  1.480755e-01 0.9680000000000001
1  7.59e-02  0.5574798889  1.480755e-01 0.9680000000000001
1  7.94e-02  0.5573797628  1.480755e-01 0.9680000000000001
1  8.32e-02  0.5572744743  1.480755e-01 0.9680000000000001
1  8.71e-02  0.55716433  1.480755e-01 0.9680000000000001
1  9.12e-02  0.5570485333  1.480755e-01 0.9680000000000001
1  9.55e-02  0.5569274213  1.480755e-01 0.9680000000000001
1  1.00e-01  0.5568008463  1.480755e-01 0.9680000000000001
1  1.05e-01  0.5566676888  1.480755e-01 0.9680000000000001
1  1.10e-01  0.5565282178  1.480755e-01 0.9680000000000001
1  1.15e-01  0.5563821439  1.480755e-01 0.9680000000000001
1  1.20e-01  0.5562292304  1.480755e-01 0.9680000000000001
1  1.26e-01  0.5560688418  1.480755e-01 0.9680000000000001
1  1.32e-01  0.5559005546  1.480755e-01 0.9680000000000001
1  1.38e-01  0.5557241287  1.480755e-01 0.9680000000000001
1  1.45e-01  0.5555392878  1.480755e-01 0.9680000000000001
1  1.51e-01  0.5553449803  1.480755e-01 0.9680000000000001
1  1.58e-01  0.5551423214  1.480755e-01 0.9680000000000001
1  1.66e-01  0.554928751  1.480755e-01 0.9680000000000001
1  1.74e-01  0.5547057547  1.480755e-01 0.9680000000000001
1  1.82e-01  0.5544709778  1.480755e-01 0.9680000000000001
1  1.91e-01  0.5542249178  1.480755e-01 0.9680000000000001
1  2.00e-01  0.5539677382  1.480755e-01 0.9680000000000001
1  2.09e-01  0.5536968328  1.480755e-01 0.9680000000000001
1  2.19e-01  0.5534135647  1.480755e-01 0.9680000000000001
1  2.29e-01  0.5531156774  1.480755e-01 0.9680000000000001
1  2.40e-01  0.5528039268  1.480755e-01 0.9680000000000001
1  2.51e-01  0.552476444  1.480755e-01 0.9680000000000001
1  2.63e-01  0.5521329944  1.480755e-01 0.9680000000000001
1  2.75e-01  0.5517725953  1.480755e-01 0.9680000000000001
1  2.88e-01  0.5513935062  1.480755e-01 0.9680000000000001
1  3.02e-01  0.5509966662  1.480755e-01 0.9680000000000001
1  3.16e-01  0.550580765  1.480755e-01 0.9680000000000001
1  3.31e-01  0.5501422552  1.480755e-01 0.9680000000000001
1  3.47e-01  0.549682897  1.480755e-01 0.9680000000000001
1  3.63e-01  0.5492001479  1.480755e-01 0.9680000000000001
1  3.80e-01  0.5486944719  1.480755e-01 0.9680000000000001
1  3.98e-01  0.5481619566  1.480755e-01 0.9680000000000001
1  4.17e-01  0.5476033704  1.480755e-01 0.9680000000000001
1  4.37e-01  0.5470169944  1.480755e-01 0.9680000000000001
1  4.57e-01  0.5463988262  1.480755e-01 0.9680000000000001
1  4.79e-01  0.5457507622  1.480755e-01 0.9680000000000001
1  5.01e-01  0.5450704624  1.480755e-01 0.9680000000000001
1  5.25e-01  0.5443541808  1.480755e-01 0.9680000000000001
1  5.50e-01  0.5436016644  1.480755e-01 0.9680000000000001
1  5.75e-01  0.5428130661  1.480755e-01 0.9680000000000001
1  6.03e-01  0.5419792992  1.480755e-01 0.9680000000000001
1  6.31e-01  0.5411060194  1.480755e-01 0.9680000000000001
1  6.61e-01  0.5401879976  1.480755e-01 0.9680000000000001
1  6.92e-01  0.5392207467  1.480755e-01 0.9680000000000001
1  7.24e-01  0.5382013554  1.480755e-01 0.9680000000000001
1  7.59e-01  0.5371297145  1.480755e-01 0.9680000000000001
1  7.94e-01  0.5360055063  1.480755e-01 0.9680000000000001
1  8.32e-01  0.5348203123  1.480755e-01 0.9680000000000001
1  8.71e-01  0.5335730944  1.480755e-01 0.9680000000000001
1  9.12e-01  0.5322567869  1.480755e-01 0.9680000000000001
1  9.55e-01  0.5308768252  1.480755e-01 0.9680000000000001
1  1.00e+00  0.5294207527  1.480755e-01 0.9680000000000001
1  1.05e+00  0.5278851733  1.480755e-01 0.9680000000000001
1  1.10e+00  0.5262708257  1.480755e-01 0.9680000000000001
1  1.15e+00  0.5245726904  1.480755e-01 0.9680000000000001
1  1.20e+00  0.5227808668  1.480755e-01 0.9680000000000001
1  1.26e+00  0.5208991183  1.480755e-01 0.9680000000000001
1  1.32e+00  0.5189136962  1.480755e-01 0.9680000000000001
1  1.38e+00  0.516817732  1.480755e-01 0.9680000000000001
1  1.45e+00  0.5146178878  1.480755e-01 0.9680000000000001
1  1.51e+00  0.5123034055  1.480755e-01 0.9680000000000001
1  1.58e+00  0.5098658078  1.480755e-01 0.9680000000000001
1  1.66e+00  0.5073016163  1.480755e-01 0.9680000000000001
1  1.74e+00  0.5045946506  1.480755e-01 0.9680000000000001
1  1.82e+00  0.501757031  1.480755e-01 0.9680000000000001
1  1.91e+00  0.4987724824  1.480755e-01 0.9680000000000001
1  2.00e+00  0.4956462029  1.480755e-01 0.9680000000000001
1  2.09e+00  0.492349268  1.480755e-01 0.9680000000000001
1  2.19e+00  0.4889006256  1.480755e-01 0.9680000000000001
1  2.29e+00  0.4852830836  1.480755e-01 0.9680000000000001
1  2.40e+00  0.4814992901  1.480755e-01 0.9680000000000001
1  2.51e+00  0.477550166  1.480755e-01 0.9680000000000001
1  2.63e+00  0.4734107022  1.480755e-01 0.9680000000000001
1  2.75e+00  0.4691075599  1.480755e-01 0.9680000000000001
1  2.88e+00  0.4646274605  1.480755e-01 0.9680000000000001
1  3.02e+00  0.4599622682  1.480755e-01 0.9680000000000001
1  3.16e+00  0.455145944  1.480755e-01 0.9680000000000001
1  3.31e+00  0.4501612212  1.480755e-01 0.9680000000000001
1  3.47e+00  0.4450074559  1.480755e-01 0.9680000000000001
1  3.63e+00  0.4397161098  1.480755e-01 0.9680000000000001
1  3.80e+00  0.4343132077  1.480755e-01 0.9680000000000001
1  3.98e+00  0.4287787633  1.480755e-01 0.9680000000000001
1  4.17e+00  0.423140258  1.480755e-01 0.9680000000000001
1  4.37e+00  0.417438932  1.480755e-01 0.9680000000000001
1  4.57e+00  0.4116679846  1.480755e-01 0.9680000000000001
1  4.79e+00  0.4058999327  1.480755e-01 0.9680000000000001
1  5.01e+00  0.4001029439  1.480755e-01 0.9680000000000001
1  5.25e+00  0.3943403634  1.480755e-01 0.9680000000000001
1  5.50e+00  0.3886495353  1.480755e-01 0.9680000000000001
1  5.75e+00  0.3830118902  1.480755e-01 0.9680000000000001
1  6.03e+00  0.3774956599  1.480755e-01 0.9680000000000001
1  6.31e+00  0.3721277665  1.480755e-01 0.9680000000000001
1  6.61e+00  0.366900669  1.480755e-01 0.9680000000000001
1  6.92e+00  0.3618824434  1.480755e-01 0.9680000000000001
1  7.24e+00  0.3570208624  1.480755e-01 0.9680000000000001
1  7.59e+00  0.3524051247  1.480755e-01 0.9680000000000001
1  7.94e+00  0.3479794994  1.480755e-01 0.9680000000000001
1  8.32e+00  0.3438056869  1.480755e-01 0.9680000000000001
1  8.71e+00  0.3398735232  1.480755e-01 0.9680000000000001
1  9.12e+00  0.3361686861  1.480755e-01 0.9680000000000001
1  9.55e+00  0.3327028064  1.480755e-01 0.9680000000000001
1  1.00e+01  0.3294370335  1.480755e-01 0.9680000000000001
1  1.05e+01  0.326442986  1.480755e-01 0.9680000000000001
1  1.10e+01  0.3236153281  1.480755e-01 0.9680000000000001
1  1.15e+01  0.3210391948  1.480755e-01 0.9680000000000001
1  1.20e+01  0.3186679054  1.480755e-01 0.9680000000000001
1  1.26e+01  0.3164322618  1.480755e-01 0.9680000000000001
1  1.32e+01  0.3143772742  1.480755e-01 0.9680000000000001
1  1.38e+01  0.3125281756  1.480755e-01 0.9680000000000001
1  1.45e+01  0.3107952243  1.480755e-01 0.9680000000000001
1  1.51e+01  0.3092293876  1.480755e-01 0.9680000000000001
1  1.58e+01  0.3077730974  1.480755e-01 0.9680000000000001
1  1.66e+01  0.306457632  1.480755e-01 0.9680000000000001
1  1.74e+01  0.3052400561  1.480755e-01 0.9680000000000001
1  1.82e+01  0.3040962551  1.480755e-01 0.9680000000000001
1  1.91e+01  0.3030927131  1.480755e-01 0.9680000000000001
1  2.00e+01  0.3021315217  1.480755e-01 0.9680000000000001
1  2.09e+01  0.3012511619  1.480755e-01 0.9680000000000001
1  2.19e+01  0.3004722715  1.480755e-01 0.9680000000000001
1  2.29e+01  0.2997040768  1.480755e-01 0.9680000000000001
1  2.40e+01  0.2990128967  1.480755e-01 0.9680000000000001
1  2.51e+01  0.2983815432  1.480755e-01 0.9680000000000001
1  2.63e+01  0.2977730193  1.480755e-01 0.9680000000000001
1  2.75e+01  0.2972146105  1.480755e-01 0.9680000000000001
1  2.88e+01  0.2966793354  1.480755e-01 0.9680000000000001
1  3.02e+01  0.2962026703  1.480755e-01 0.9680000000000001
1  3.16e+01  0.295714493  1.480755e-01 0.9680000000000001
1  3.31e+01  0.2952519297  1.480755e-01 0.9680000000000001
1  3.47e+01  0.2948153509  1.480755e-01 0.9680000000000001
1  3.63e+01  0.2943851741  1.480755e-01 0.9680000000000001
1  3.80e+01  0.2939446731  1.480755e-01 0.9680000000000001
1  3.98e+01  0.2935133769  1.480755e-01 0.9680000000000001
1  4.17e+01  0.2930949537  1.480755e-01 0.9680000000000001
1  4.37e+01  0.292670156  1.480755e-01 0.9680000000000001
1  4.57e+01  0.2922358212  1.480755e-01 0.9680000000000001
1  4.79e+01  0.2918156226  1.480755e-01 0.9680000000000001
1  5.01e+01  0.2913321154  1.480755e-01 0.9680000000000001
1  5.25e+01  0.2908513457  1.480755e-01 0.9680000000000001
1  5.50e+01  0.2903524993  1.480755e-01 0.9680000000000001
1  5.75e+01  0.2898152368  1.480755e-01 0.9680000000000001
1  6.03e+01  0.2892383845  1.480755e-01 0.9680000000000001
1  6.31e+01  0.2886127086  1.480755e-01 0.9680000000000001
1  6.61e+01  0.287927138  1.480755e-01 0.9680000000000001
1  6.92e+01  0.2872056369  1.480755e-01 0.9680000000000001
1  7.24e+01  0.2863763643  1.480755e-01 0.9680000000000001
1  7.59e+01  0.2854616856  1.480755e-01 0.9680000000000001
1  7.94e+01  0.2844388583  1.480755e-01 0.9680000000000001
1  8.32e+01  0.2832783492  1.480755e-01 0.9680000000000001
1  8.71e+01  0.2819736238  1.480755e-01 0.9680000000000001
1  9.12e+01  0.2804562582  1.480755e-01 0.9680000000000001
1  9.55e+01  0.2787167995  1.480755e-01 0.9680000000000001
1  1.00e+02  0.2766795947  1.480755e-01 0.9680000000000001
1  1.05e+02  0.2743099876  1.480755e-01 0.9680000000000001
1  1.10e+02  0.2714943002  1.480755e-01 0.9680000000000001
1  1.15e+02  0.2681303562  1.480755e-01 0.9680000000000001
1  1.20e+02  0.2640621285  1.480755e-01 0.9680000000000001
1  1.26e+02  0.2591289838  1.480755e-01 0.9680000000000001
1  1.32e+02  0.2530604414  1.480755e-01 0.9680000000000001
1  1.38e+02  0.2456035781  1.480755e-01 0.9680000000000001
1  1.45e+02  0.2363642362  1.480755e-01 0.9680000000000001
1  1.51e+02  0.2250049974  1.480755e-01 0.9680000000000001
1  1.58e+02  0.211150534  1.480755e-01 0.9680000000000001
1  1.66e+02  0.1946172547  1.480755e-01 0.9680000000000001
1  1.74e+02  0.1756028582  1.480755e-01 0.9680000000000001
1  1.82e+02  0.1548452573  1.480755e-01 0.9680000000000001
1  1.91e+02  0.1335979477  1.480755e-01 0.9680000000000001
1  2.00e+02  0.1133454794  1.480755e-01 0.9680000000000001
1  2.09e+02  0.09531522369  1.480755e-01 0.9680000000000001
1  2.19e+02  0.08011005214  1.480755e-01 0.9680000000000001
1  2.29e+02  0.06783728871  1.480755e-01 0.9680000000000001
1  2.40e+02  0.05816780823  1.480755e-01 0.9680000000000001
1  2.51e+02  0.05066081868  1.480755e-01 0.9680000000000001
1  2.63e+02  0.04485603173  1.480755e-01 0.9680000000000001
1  2.75e+02  0.04037419339  1.480755e-01 0.9680000000000001
1  2.88e+02  0.03688707819  1.480755e-01 0.9680000000000001
1  3.02e+02  0.03416061697  1.480755e-01 0.9680000000000001
1  3.16e+02  0.03200684328  1.480755e-01 0.9680000000000001
1  3.31e+02  0.03029495375  1.480755e-01 0.9680000000000001
1  3.47e+02  0.02891933849  1.480755e-01 0.9680000000000001
1  3.63e+02  0.02780766668  1.480755e-01 0.9680000000000001
1  3.80e+02  0.02690356727  1.480755e-01 0.9680000000000001
1  3.98e+02  0.02615923716  1.480755e-01 0.9680000000000001
1  4.17e+02  0.02554099773  1.480755e-01 0.9680000000000001
1  4.37e+02  0.02502881929  1.480755e-01 0.9680000000000001
1  4.57e+02  0.02460037917  1.480755e-01 0.9680000000000001
1  4.79e+02  0.02423936788  1.480755e-01 0.9680000000000001
1  5.01e+02  0.02393650796  1.480755e-01 0.9680000000000001
1  5.25e+02  0.02367694149  1.480755e-01 0.9680000000000001
1  5.50e+02  0.02345356899  1.480755e-01 0.9680000000000001
1  5.75e+02  0.02326458513  1.480755e-01 0.9680000000000001
1  6.03e+02  0.02310128028  1.480755e-01 0.9680000000000001
1  6.31e+02  0.02295980335  1.480755e-01 0.9680000000000001
1  6.61e+02  0.02283705176  1.480755e-01 0.9680000000000001
1  6.92e+02  0.0227303517  1.480755e-01 0.9680000000000001
1  7.24e+02  0.02263945367  1.480755e-01 0.9680000000000001
1  7.59e+02  0.0225577725  1.480755e-01 0.9680000000000001
1  7.94e+02  0.02248665596  1.480755e-01 0.9680000000000001
1  8.32e+02  0.02242620843  1.480755e-01 0.9680000000000001
1  8.71e+02  0.02237126972  1.480755e-01 0.9680000000000001
1  9.12e+02  0.02232317264  1.480755e-01 0.9680000000000001
1  9.55e+02  0.02227952941  1.480755e-01 0.9680000000000001
1  1.00e+03  0.02224281586  1.480755e-01 0.9680000000000001
1  1.05e+03  0.02220966427  1.480755e-01 0.9680000000000001
1  1.10e+03  0.0221801434  1.480755e-01 0.9680000000000001
1  1.15e+03  0.02215379966  1.480755e-01 0.9680000000000001
1  1.20e+03  0.02212978137  1.480755e-01 0.9680000000000001
1  1.26e+03  0.02211040815  1.480755e-01 0.9680000000000001
1  1.32e+03  0.02209089495  1.480755e-01 0.9680000000000001
1  1.38e+03  0.02207499007  1.480755e-01 0.9680000000000001
1  1.45e+03  0.02206008491  1.480755e-01 0.9680000000000001
1  1.51e+03  0.02204756884  1.480755e-01 0.9680000000000001
1  1.58e+03  0.02203436686  1.480755e-01 0.9680000000000001
1  1.66e+03  0.02202446301  1.480755e-01 0.9680000000000001
1  1.74e+03  0.02201402717  1.480755e-01 0.9680000000000001
1  1.82e+03  0.02200594504  1.480755e-01 0.9680000000000001
1  1.91e+03  0.02199808268  1.480755e-01 0.9680000000000001
1  2.00e+03  0.02199167115  1.480755e-01 0.9680000000000001
1  2.09e+03  0.02198585412  1.480755e-01 0.9680000000000001
1  2.19e+03  0.02198016871  1.480755e-01 0.9680000000000001
1  2.29e+03  0.02197442826  1.480755e-01 0.9680000000000001
1  2.40e+03  0.02197022402  1.480755e-01 0.9680000000000001
1  2.51e+03  0.0219653812  1.480755e-01 0.9680000000000001
1  2.63e+03  0.02196209822  1.480755e-01 0.9680000000000001
1  2.75e+03  0.02195853904  1.480755e-01 0.9680000000000001
1  2.88e+03  0.02195609809  1.480755e-01 0.9680000000000001
1  3.02e+03  0.02195226108  1.480755e-01 0.9680000000000001
1  3.16e+03  0.02195103303  1.480755e-01 0.9680000000000001
1  3.31e+03  0.02194863685  1.480755e-01 0.9680000000000001
1  3.47e+03  0.02194883434  1.480755e-01 0.9680000000000001
1  3.63e+03  0.02194658975  1.480755e-01 0.9680000000000001
1  3.80e+03  0.02194043763  1.480755e-01 0.9680000000000001
1  3.98e+03  0.02193888928  1.480755e-01 0.9680000000000001
1  4.17e+03  0.0219450667  1.480755e-01 0.9680000000000001
1  4.37e+03  0.02194222975  1.480755e-01 0.9680000000000001
1  4.57e+03  0.02194765758  1.480755e-01 0.9680000000000001
1  4.79e+03  0.02194278386  1.480755e-01 0.9680000000000001
1  5.01e+03  0.02193648106  1.480755e-01 0.9680000000000001
1  5.25e+03  0.02192686478  1.480755e-01 0.9680000000000001
1  5.50e+03  0.02194049464  1.480755e-01 0.9680000000000001
1  5.75e+03  0.02196963784  1.480755e-01 0.9680000000000001
1  6.03e+03  0.02193975256  1.480755e-01 0.9680000000000001
1  6.31e+03  0.02197754245  1.480755e-01 0.9680000000000001
1  6.61e+03  0.02199140652  1.480755e-01 0.9680000000000001
1  6.92e+03  0.02201132463  1.480755e-01 0.9680000000000001
1  7.24e+03  0.02204278874  1.480755e-01 0.9680000000000001
1  7.59e+03  0.02214614428  1.480755e-01 0.9680000000000001
1  7.94e+03  0.02211350595  1.480755e-01 0.9680000000000001
1  8.32e+03  0.02226568516  1.480755e-01 0.9680000000000001
1  8.71e+03  0.02246292316  1.480755e-01 0.9680000000000001
1  9.12e+03  0.02254946129  1.480755e-01 0.9680000000000001
1  9.55e+03  0.02267955839  1.480755e-01 0.9680000000000001
1  1.00e+04  0.02295210027  1.480755e-01 0.9680000000000001
1  1.05e+04  0.02331922097  1.480755e-01 0.9680000000000001
1  1.10e+04  0.02381973064  1.480755e-01 0.9680000000000001
1  1.15e+04  0.024367854  1.480755e-01 0.9680000000000001
1  1.20e+04  0.0250970761  1.480755e-01 0.9680000000000001
1  1.26e+04  0.02582981742  1.480755e-01 0.9680000000000001
1  1.32e+04  0.0266837114  1.480755e-01 0.9680000000000001
1  1.38e+04  0.02777586995  1.480755e-01 0.9680000000000001
1  1.45e+04  0.02920817779  1.480755e-01 0.9680000000000001
1  1.51e+04  0.03104015426  1.480755e-01 0.9680000000000001
1  1.58e+04  0.03307063826  1.480755e-01 0.9680000000000001
1  1.66e+04  0.03504554094  1.480755e-01 0.9680000000000001
1  1.74e+04  0.03709582686  1.480755e-01 0.9680000000000001
1  1.82e+04  0.0397463129  1.480755e-01 0.9680000000000001
1  1.91e+04  0.04311941738  1.480755e-01 0.9680000000000001
1  2.00e+04  0.04644554794  1.480755e-01 0.9680000000000001
1  2.09e+04  0.05012178783  1.480755e-01 0.9680000000000001
1  2.19e+04  0.05423100374  1.480755e-01 0.9680000000000001
1  2.29e+04  0.0584703763  1.480755e-01 0.9680000000000001
1  2.40e+04  0.06378177123  1.480755e-01 0.9680000000000001
1  2.51e+04  0.06825747137  1.480755e-01 0.9680000000000001
1  2.63e+04  0.07462649422  1.480755e-01 0.9680000000000001
1  2.75e+04  0.0796718175  1.480755e-01 0.9680000000000001
1  2.88e+04  0.08683382603  1.480755e-01 0.9680000000000001
1  3.02e+04  0.0925723574  1.480755e-01 0.9680000000000001
1  3.16e+04  0.1001834227  1.480755e-01 0.9680000000000001
1  3.31e+04  0.1072386716  1.480755e-01 0.9680000000000001
1  3.47e+04  0.1142516206  1.480755e-01 0.9680000000000001
1  3.63e+04  0.1231500559  1.480755e-01 0.9680000000000001
1  3.80e+04  0.1305020408  1.480755e-01 0.9680000000000001
1  3.98e+04  0.138119426  1.480755e-01 0.9680000000000001
1  4.17e+04  0.1484808002  1.480755e-01 0.9680000000000001
1  4.37e+04  0.1564367828  1.480755e-01 0.9680000000000001
1  4.57e+04  0.1635226956  1.480755e-01 0.9680000000000001
1  4.79e+04  0.1743740248  1.480755e-01 0.9680000000000001
1  5.01e+04  0.1848438635  1.480755e-01 0.9680000000000001
1  5.25e+04  0.1921030299  1.480755e-01 0.9680000000000001
1  5.50e+04  0.2000294036  1.480755e-01 0.9680000000000001
1  5.75e+04  0.2106539985  1.480755e-01 0.9680000000000001
1  6.03e+04  0.2217645502  1.480755e-01 0.9680000000000001
1  6.31e+04  0.2313536659  1.480755e-01 0.9680000000000001
1  6.61e+04  0.2393647959  1.480755e-01 0.9680000000000001
1  6.92e+04  0.2469645034  1.480755e-01 0.9680000000000001
1  7.24e+04  0.2556634982  1.480755e-01 0.9680000000000001
1  7.59e+04  0.2661461255  1.480755e-01 0.9680000000000001
1  7.94e+04  0.2774778096  1.480755e-01 0.9680000000000001
1  8.32e+04  0.2879124758  1.480755e-01 0.9680000000000001
1  8.71e+04  0.2964560192  1.480755e-01 0.9680000000000001
1  9.12e+04  0.3034715321  1.480755e-01 0.9680000000000001
1  9.55e+04  0.3100684092  1.480755e-01 0.9680000000000001
1  1.00e+05  0.3172046174  1.480755e-01 0.9680000000000001
1  1.05e+05  0.325267256  1.480755e-01 0.9680000000000001
1  1.10e+05  0.3341692965  1.480755e-01 0.9680000000000001
1  1.15e+05  0.3435989864  1.480755e-01 0.9680000000000001
1  1.20e+05  0.3531724066  1.480755e-01 0.9680000000000001
1  1.26e+05  0.3624945384  1.480755e-01 0.9680000000000001
1  1.32e+05  0.371213953  1.480755e-01 0.9680000000000001
1  1.38e+05  0.3790914172  1.480755e-01 0.9680000000000001
1  1.45e+05  0.3860470916  1.480755e-01 0.9680000000000001
1  1.51e+05  0.3921580628  1.480755e-01 0.9680000000000001
1  1.58e+05  0.3976112942  1.480755e-01 0.9680000000000001
1  1.66e+05  0.4026380675  1.480755e-01 0.9680000000000001
1  1.74e+05  0.4074562182  1.480755e-01 0.9680000000000001
1  1.82e+05  0.4122348712  1.480755e-01 0.9680000000000001
1  1.91e+05  0.4170833123  1.480755e-01 0.9680000000000001
1  2.00e+05  0.4220570878  1.480755e-01 0.9680000000000001
1  2.09e+05  0.4271718979  1.480755e-01 0.9680000000000001
1  2.19e+05  0.432417788  1.480755e-01 0.9680000000000001
1  2.29e+05  0.4377698442  1.480755e-01 0.9680000000000001
1  2.40e+05  0.4431948173  1.480755e-01 0.9680000000000001
1  2.51e+05  0.4486548306  1.480755e-01 0.9680000000000001
1  2.63e+05  0.4541096547  1.480755e-01 0.9680000000000001
1  2.75e+05  0.4595185747  1.480755e-01 0.9680000000000001
1  2.88e+05  0.464842249  1.480755e-01 0.9680000000000001
1  3.02e+05  0.4700445046  1.480755e-01 0.9680000000000001
1  3.16e+05  0.4750938417  1.480755e-01 0.9680000000000001
1  3.31e+05  0.4799644481  1.480755e-01 0.9680000000000001
1  3.47e+05  0.4846366402  1.480755e-01 0.9680000000000001
1  3.63e+05  0.4890967766  1.480755e-01 0.9680000000000001
1  3.80e+05  0.4933367662  1.480755e-01 0.9680000000000001
1  3.98e+05  0.4973533241  1.480755e-01 0.9680000000000001
1  4.17e+05  0.5011471184  1.480755e-01 0.9680000000000001
1  4.37e+05  0.5047219164  1.480755e-01 0.9680000000000001
1  4.57e+05  0.5080838042  1.480755e-01 0.9680000000000001
1  4.79e+05  0.511240515  1.480755e-01 0.9680000000000001
1  5.01e+05  0.5142008791  1.480755e-01 0.9680000000000001
1  5.25e+05  0.5169743905  1.480755e-01 0.9680000000000001
1  5.50e+05  0.5195708749  1.480755e-01 0.9680000000000001
1  5.75e+05  0.5220002421  1.480755e-01 0.9680000000000001
1  6.03e+05  0.5242723061  1.480755e-01 0.9680000000000001
1  6.31e+05  0.526396657  1.480755e-01 0.9680000000000001
1  6.61e+05  0.5283825715  1.480755e-01 0.9680000000000001
1  6.92e+05  0.5302389534  1.480755e-01 0.9680000000000001
1  7.24e+05  0.5319742955  1.480755e-01 0.9680000000000001
1  7.59e+05  0.5335966578  1.480755e-01 0.9680000000000001
1  7.94e+05  0.5351136576  1.480755e-01 0.9680000000000001
1  8.32e+05  0.5365324685  1.480755e-01 0.9680000000000001
1  8.71e+05  0.5378598259  1.480755e-01 0.9680000000000001
1  9.12e+05  0.5391020382  1.480755e-01 0.9680000000000001
1  9.55e+05  0.5402650002  1.480755e-01 0.9680000000000001
1  1.00e+06  0.5413542104  1.480755e-01 0.9680000000000001
1  1.05e+06  0.5423747894  1.480755e-01 0.9680000000000001
1  1.10e+06  0.5433314995  1.480755e-01 0.9680000000000001
1  1.15e+06  0.5442287647  1.480755e-01 0.9680000000000001
1  1.20e+06  0.5450706911  1.480755e-01 0.9680000000000001
1  1.26e+06  0.5458610873  1.480755e-01 0.9680000000000001
1  1.32e+06  0.5466034833  1.480755e-01 0.9680000000000001
1  1.38e+06  0.5473011504  1.480755e-01 0.9680000000000001
1  1.45e+06  0.547957119  1.480755e-01 0.9680000000000001
1  1.51e+06  0.5485741958  1.480755e-01 0.9680000000000001
1  1.58e+06  0.5491549808  1.480755e-01 0.9680000000000001
1  1.66e+06  0.5497018822  1.480755e-01 0.9680000000000001
1  1.74e+06  0.5502171313  1.480755e-01 0.9680000000000001
1  1.82e+06  0.5507027962  1.480755e-01 0.9680000000000001
1  1.91e+06  0.5511607959  1.480755e-01 0.9680000000000001
1  2.00e+06  0.5515929047  1.480755e-01 0.9680000000000001
1  2.09e+06  0.5520007723  1.480755e-01 0.9680000000000001
1  2.19e+06  0.5523859296  1.480755e-01 0.9680000000000001
1  2.29e+06  0.5527497978  1.480755e-01 0.9680000000000001
1  2.40e+06  0.5530936987  1.480755e-01 0.9680000000000001
1  2.51e+06  0.5534188602  1.480755e-01 0.9680000000000001
1  2.63e+06  0.553726425  1.480755e-01 0.9680000000000001
1  2.75e+06  0.5540174564  1.480755e-01 0.9680000000000001
1  2.88e+06  0.5542929456  1.480755e-01 0.9680000000000001
1  3.02e+06  0.5545538156  1.480755e-01 0.9680000000000001
1  3.16e+06  0.5548009277  1.480755e-01 0.9680000000000001
1  3.31e+06  0.5550350853  1.480755e-01 0.9680000000000001
1  3.47e+06  0.5552570393  1.480755e-01 0.9680000000000001
1  3.63e+06  0.5554674906  1.480755e-01 0.9680000000000001
1  3.80e+06  0.5556670949  1.480755e-01 0.9680000000000001
1  3.98e+06  0.5558564656  1.480755e-01 0.9680000000000001
1  4.17e+06  0.5560361772  1.480755e-01 0.9680000000000001
1  4.37e+06  0.5562067676  1.480755e-01 0.9680000000000001
1  4.57e+06  0.5563687411  1.480755e-01 0.9680000000000001
1  4.79e+06  0.5565225708  1.480755e-01 0.9680000000000001
1  5.01e+06  0.5566687005  1.480755e-01 0.9680000000000001
1  5.25e+06  0.5568075472  1.480755e-01 0.9680000000000001
1  5.50e+06  0.5569395026  1.480755e-01 0.9680000000000001
1  5.75e+06  0.5570649346  1.480755e-01 0.9680000000000001
1  6.03e+06  0.5571841899  1.480755e-01 0.9680000000000001
1  6.31e+06  0.5572975943  1.480755e-01 0.9680000000000001
1  6.61e+06  0.5574054546  1.480755e-01 0.9680000000000001
1  6.92e+06  0.5575080601  1.480755e-01 0.9680000000000001
1  7.24e+06  0.5576056832  1.480755e-01 0.9680000000000001
1  7.59e+06  0.557698581  1.480755e-01 0.9680000000000001
1  7.94e+06  0.5577869959  1.480755e-01 0.9680000000000001
1  8.32e+06  0.5578711568  1.480755e-01 0.9680000000000001
1  8.71e+06  0.5579512797  1.480755e-01 0.9680000000000001
1  9.12e+06  0.5580275688  1.480755e-01 0.9680000000000001
1  9.55e+06  0.558100217  1.480755e-01 0.9680000000000001
1  1.00e+07  0.5581694068  1.480755e-01 0.9680000000000001
