1  1.00e-03  0.5607797587  1.413448e-01 0.924
1  1.05e-03  0.5607785446  1.413448e-01 0.924
1  1.10e-03  0.5607770973  1.413448e-01 0.924
1  1.15e-03  0.560775772  1.413448e-01 0.924
1  1.20e-03  0.5607742071  1.413448e-01 0.924
1  1.26e-03  0.5607726875  1.413448e-01 0.924
1  1.32e-03  0.5607709555  1.413448e-01 0.924
1  1.38e-03  0.5607691841  1.413448e-01 0.924
1  1.45e-03  0.5607673825  1.413448e-01 0.924
1  1.51e-03  0.5607656103  1.413448e-01 0.924
1  1.58e-03  0.5607635241  1.413448e-01 0.924
1  1.66e-03  0.5607615107  1.413448e-01 0.924
1  1.74e-03  0.5607593562  1.413448e-01 0.924
1  1.82e-03  0.5607570603  1.413448e-01 0.924
1  1.91e-03  0.5607546957  1.413448e-01 0.924
1  2.00e-03  0.5607521778  1.413448e-01 0.924
1  2.09e-03  0.5607495162  1.413448e-01 0.924
1  2.19e-03  0.5607468057  1.413448e-01 0.924
1  2.29e-03  0.560743984  1.413448e-01 0.924
1  2.40e-03  0.5607410266  1.413448e-01 0.924
1  2.51e-03  0.560737825  1.413448e-01 0.924
1  2.63e-03  0.5607345686  1.413448e-01 0.924
1  2.75e-03  0.5607311146  1.413448e-01 0.924
1  2.88e-03  0.5607275272  1.413448e-01 0.924
1  3.02e-03  0.5607237372  1.413448e-01 0.924
1  3.16e-03  0.560719831  1.413448e-01 0.924
1  3.31e-03  0.5607156621  1.413448e-01 0.924
1  3.47e-03  0.5607113334  1.413448e-01 0.924
1  3.63e-03  0.5607068148  1.413448e-01 0.924
1  3.80e-03  0.5607020856  1.413448e-01 0.924
1  3.98e-03  0.5606970902  1.413448e-01 0.924
1  4.17e-03  0.5606919037  1.413448e-01 0.924
1  4.37e-03  0.5606864628  1.413448e-01 0.924
1  4.57e-03  0.5606807403  1.413448e-01 0.924
1  4.79e-03  0.5606747588  1.413448e-01 0.924
1  5.01e-03  0.560668501  1.413448e-01 0.924
1  5.25e-03  0.5606619587  1.413448e-01 0.924
1  5.50e-03  0.5606550943  1.413448e-01 0.924
1  5.75e-03  0.5606479081  1.413448e-01 0.924
1  6.03e-03  0.5606403808  1.413448e-01 0.924
1  6.31e-03  0.5606324932  1.413448e-01 0.924
1  6.61e-03  0.5606242333  1.413448e-01 0.924
1  6.92e-03  0.5606156107  1.413448e-01 0.924
1  7.24e-03  0.5606065588  1.413448e-01 0.924
1  7.59e-03  0.5605970541  1.413448e-01 0.924
1  7.94e-03  0.5605871509  1.413448e-01 0.924
1  8.32e-03  0.5605767383  1.413448e-01 0.924
1  8.71e-03  0.5605658408  1.413448e-01 0.924
1  9.12e-03  0.5605544598  1.413448e-01 0.924
1  9.55e-03  0.5605425319  1.413448e-01 0.924
1  1.00e-02  0.5605300026  1.413448e-01 0.924
1  1.05e-02  0.5605169434  1.413448e-01 0.924
1  1.10e-02  0.5605032026  1.413448e-01 0.924
1  1.15e-02  0.5604888768  1.413448e-01 0.924
1  1.20e-02  0.5604738398  1.413448e-01 0.924
1  1.26e-02  0.5604580593  1.413448e-01 0.924
1  1.32e-02  0.5604415749  1.413448e-01 0.924
1  1.38e-02  0.5604243249  1.413448e-01 0.924
1  1.45e-02  0.5604062103  1.413448e-01 0.924
1  1.51e-02  0.5603872449  1.413448e-01 0.924
1  1.58e-02  0.5603674184  1.413448e-01 0.924
1  1.66e-02  0.5603466754  1.413448e-01 0.924
1  1.74e-02  0.5603248804  1.413448e-01 0.924
1  1.82e-02  0.5603020934  1.413448e-01 0.924
1  1.91e-02  0.5602782744  1.413448e-01 0.924
1  2.00e-02  0.560253272  1.413448e-01 0.924
1  2.09e-02  0.560227051  1.413448e-01 0.924
1  2.19e-02  0.5601996147  1.413448e-01 0.924
1  2.29e-02  0.5601709144  1.413448e-01 0.924
1  2.40e-02  0.5601408626  1.413448e-01 0.924
1  2.51e-02  0.5601093697  1.413448e-01 0.924
1  2.63e-02  0.5600764146  1.413448e-01 0.924
1  2.75e-02  0.5600418884  1.413448e-01 0.924
1  2.88e-02  0.5600056332  1.413448e-01 0.924
1  3.02e-02  0.5599677311  1.413448e-01 0.924
1  3.16e-02  0.5599279751  1.413448e-01 0.924
1  3.31e-02  0.5598863819  1.413448e-01 0.924
1  3.47e-02  0.5598428302  1.413448e-01 0.924
1  3.63e-02  0.5597971916  1.413448e-01 0.924
1  3.80e-02  0.559749437  1.413448e-01 0.924
1  3.98e-02  0.5596994385  1.413448e-01 0.924
1  4.17e-02  0.5596470644  1.413448e-01 0.924
1  4.37e-02  0.5595919651  1.413448e-01 0.924
1  4.57e-02  0.5595344489  1.413448e-01 0.924
1  4.79e-02  0.5594742986  1.413448e-01 0.924
1  5.01e-02  0.5594111999  1.413448e-01 0.924
1  5.25e-02  0.5593450555  1.413448e-01 0.924
1  5.50e-02  0.5592756312  1.413448e-01 0.924
1  5.75e-02  0.5592029818  1.413448e-01 0.924
1  6.03e-02  0.5591269237  1.413448e-01 0.924
1  6.31e-02  0.5590474011  1.413448e-01 0.924
1  6.61e-02  0.558963947  1.413448e-01 0.924
1  6.92e-02  0.5588764121  1.413448e-01 0.924
1  7.24e-02  0.5587845744  1.413448e-01 0.924
1  7.59e-02  0.558688603  1.413448e-01 0.924
1  7.94e-02  0.5585881315  1.413448e-01 0.924
1  8.32e-02  0.5584827786  1.413448e-01 0.924
1  8.71e-02  0.5583721345  1.413448e-01 0.924
1  9.12e-02  0.5582561868  1.413448e-01 0.924
1  9.55e-02  0.5581351982  1.413448e-01 0.924
1  1.00e-01  0.5580079375  1.413448e-01 0.924
1  1.05e-01  0.5578743908  1.413448e-01 0.924
1  1.10e-01  0.5577351628  1.413448e-01 0.924
1  1.15e-01  0.5575887859  1.413448e-01 0.924
1  1.20e-01  0.5574353213  1.413448e-01 0.924
1  1.26e-01  0.5572743713  1.413448e-01 0.924
1  1.32e-01  0.5571054794  1.413448e-01 0.924
1  1.38e-01  0.5569291823  1.413448e-01 0.924
1  1.45e-01  0.5567438599  1.413448e-01 0.924
1  1.51e-01  0.5565491842  1.413448e-01 0.924
1  1.58e-01  0.5563456882  1.413448e-01 0.924
1  1.66e-01  0.5561324558  1.413448e-01 0.924
1  1.74e-01  0.5559083062  1.413448e-01 0.924
1  1.82e-01  0.5556737122  1.413448e-01 0.924
1  1.91e-01  0.5554269514  1.413448e-01 0.924
1  2.00e-01  0.5551683613  1.413448e-01 0.924
1  2.09e-01  0.5548975789  1.413448e-01 0.924
1  2.19e-01  0.5546131597  1.413448e-01 0.924
1  2.29e-01  0.5543153737  1.413448e-01 0.924
1  2.40e-01  0.5540022293  1.413448e-01 0.924
1  2.51e-01  0.5536750758  1.413448e-01 0.924
1  2.63e-01  0.5533296827  1.413448e-01 0.924
1  2.75e-01  0.5529683351  1.413448e-01 0.924
1  2.88e-01  0.5525896514  1.413448e-01 0.924
1  3.02e-01  0.5521922521  1.413448e-01 0.924
1  3.16e-01  0.5517737133  1.413448e-01 0.924
1  3.31e-01  0.5513360049  1.413448e-01 0.924
1  3.47e-01  0.5508741985  1.413448e-01 0.924
1  3.63e-01  0.5503908954  1.413448e-01 0.924
1  3.80e-01  0.5498830319  1.413448e-01 0.924
1  3.98e-01  0.5493513829  1.413448e-01 0.924
1  4.17e-01  0.5487914172  1.413448e-01 0.924
1  4.37e-01  0.5482029582  1.413448e-01 0.924
1  4.57e-01  0.5475835572  1.413448e-01 0.924
1  4.79e-01  0.5469350175  1.413448e-01 0.924
1  5.01e-01  0.5462511389  1.413448e-01 0.924
1  5.25e-01  0.545534153  1.413448e-01 0.924
1  5.50e-01  0.5447808808  1.413448e-01 0.924
1  5.75e-01  0.5439877344  1.413448e-01 0.924
1  6.03e-01  0.5431542595  1.413448e-01 0.924
1  6.31e-01  0.542279796  1.413448e-01 0.924
1  6.61e-01  0.5413571694  1.413448e-01 0.924
1  6.92e-01  0.5403869883  1.413448e-01 0.924
1  7.24e-01  0.5393687159  1.413448e-01 0.924
1  7.59e-01  0.5382946751  1.413448e-01 0.924
1  7.94e-01  0.5371636517  1.413448e-01 0.924
1  8.32e-01  0.5359781141  1.413448e-01 0.924
1  8.71e-01  0.5347263779  1.413448e-01 0.924
1  9.12e-01  0.533410611  1.413448e-01 0.924
1  9.55e-01  0.5320227503  1.413448e-01 0.924
1  1.00e+00  0.5305628019  1.413448e-01 0.924
1  1.05e+00  0.5290286823  1.413448e-01 0.924
1  1.10e+00  0.527410547  1.413448e-01 0.924
1  1.15e+00  0.5257070789  1.413448e-01 0.924
1  1.20e+00  0.5239122403  1.413448e-01 0.924
1  1.26e+00  0.5220218271  1.413448e-01 0.924
1  1.32e+00  0.5200296903  1.413448e-01 0.924
1  1.38e+00  0.5179338919  1.413448e-01 0.924
1  1.45e+00  0.5157299213  1.413448e-01 0.924
1  1.51e+00  0.5134089205  1.413448e-01 0.924
1  1.58e+00  0.5109589684  1.413448e-01 0.924
1  1.66e+00  0.5083840219  1.413448e-01 0.924
1  1.74e+00  0.5056800435  1.413448e-01 0.924
1  1.82e+00  0.5028380943  1.413448e-01 0.924
1  1.91e+00  0.4998446529  1.413448e-01 0.924
1  2.00e+00  0.4967048861  1.413448e-01 0.924
1  2.09e+00  0.493404561  1.413448e-01 0.924
1  2.19e+00  0.4899454194  1.413448e-01 0.924
1  2.29e+00  0.4863294545  1.413448e-01 0.924
1  2.40e+00  0.4825276939  1.413448e-01 0.924
1  2.51e+00  0.4785681709  1.413448e-01 0.924
1  2.63e+00  0.4744275705  1.413448e-01 0.924
1  2.75e+00  0.4701149096  1.413448e-01 0.924
1  2.88e+00  0.4656187412  1.413448e-01 0.924
1  3.02e+00  0.4609471129  1.413448e-01 0.924
1  3.16e+00  0.4561198616  1.413448e-01 0.924
1  3.31e+00  0.4511280615  1.413448e-01 0.924
1  3.47e+00  0.445971115  1.413448e-01 0.924
1  3.63e+00  0.4406694622  1.413448e-01 0.924
1  3.80e+00  0.4352582058  1.413448e-01 0.924
1  3.98e+00  0.4297221248  1.413448e-01 0.924
1  4.17e+00  0.4240671089  1.413448e-01 0.924
1  4.37e+00  0.4183680966  1.413448e-01 0.924
1  4.57e+00  0.4125940514  1.413448e-01 0.924
1  4.79e+00  0.4068232322  1.413448e-01 0.924
1  5.01e+00  0.4010238174  1.413448e-01 0.924
1  5.25e+00  0.3952656932  1.413448e-01 0.924
1  5.50e+00  0.3895750551  1.413448e-01 0.924
1  5.75e+00  0.3839431085  1.413448e-01 0.924
1  6.03e+00  0.3784294151  1.413448e-01 0.924
1  6.31e+00  0.3730577471  1.413448e-01 0.924
1  6.61e+00  0.3678485642  1.413448e-01 0.924
1  6.92e+00  0.3628244855  1.413448e-01 0.924
1  7.24e+00  0.3579882637  1.413448e-01 0.924
1  7.59e+00  0.3533792235  1.413448e-01 0.924
1  7.94e+00  0.3489620849  1.413448e-01 0.924
1  8.32e+00  0.3447890993  1.413448e-01 0.924
1  8.71e+00  0.3408570404  1.413448e-01 0.924
1  9.12e+00  0.3371841681  1.413448e-01 0.924
1  9.55e+00  0.3337147175  1.413448e-01 0.924
1  1.00e+01  0.330471026  1.413448e-01 0.924
1  1.05e+01  0.3274696346  1.413448e-01 0.924
1  1.10e+01  0.3246847203  1.413448e-01 0.924
1  1.15e+01  0.3221069824  1.413448e-01 0.924
1  1.20e+01  0.3197237286  1.413448e-01 0.924
1  1.26e+01  0.3174681408  1.413448e-01 0.924
1  1.32e+01  0.3155088691  1.413448e-01 0.924
1  1.38e+01  0.3135952261  1.413448e-01 0.924
1  1.45e+01  0.3119304977  1.413448e-01 0.924
1  1.51e+01  0.3103305161  1.413448e-01 0.924
1  1.58e+01  0.3088991151  1.413448e-01 0.924
1  1.66e+01  0.3075806701  1.413448e-01 0.924
1  1.74e+01  0.3063651255  1.413448e-01 0.924
1  1.82e+01  0.3052748629  1.413448e-01 0.924
1  1.91e+01  0.3042353468  1.413448e-01 0.924
1  2.00e+01  0.3033176935  1.413448e-01 0.924
1  2.09e+01  0.3024606405  1.413448e-01 0.924
1  2.19e+01  0.3016427432  1.413448e-01 0.924
1  2.29e+01  0.3009332562  1.413448e-01 0.924
1  2.40e+01  0.3002553056  1.413448e-01 0.924
1  2.51e+01  0.2996147967  1.413448e-01 0.924
1  2.63e+01  0.2990326125  1.413448e-01 0.924
1  2.75e+01  0.2984809786  1.413448e-01 0.924
1  2.88e+01  0.2979643076  1.413448e-01 0.924
1  3.02e+01  0.2974510756  1.413448e-01 0.924
1  3.16e+01  0.2969875274  1.413448e-01 0.924
1  3.31e+01  0.2965425661  1.413448e-01 0.924
1  3.47e+01  0.2961067325  1.413448e-01 0.924
1  3.63e+01  0.2956947157  1.413448e-01 0.924
1  3.80e+01  0.2953025677  1.413448e-01 0.924
1  3.98e+01  0.2948983636  1.413448e-01 0.924
1  4.17e+01  0.2944866147  1.413448e-01 0.924
1  4.37e+01  0.2940808543  1.413448e-01 0.924
1  4.57e+01  0.293680627  1.413448e-01 0.924
1  4.79e+01  0.2932479338  1.413448e-01 0.924
1  5.01e+01  0.2928237752  1.413448e-01 0.924
1  5.25e+01  0.2923635167  1.413448e-01 0.924
1  5.50e+01  0.2918971419  1.413448e-01 0.924
1  5.75e+01  0.2913675389  1.413448e-01 0.924
1  6.03e+01  0.2908255662  1.413448e-01 0.924
1  6.31e+01  0.2902654031  1.413448e-01 0.924
1  6.61e+01  0.2896236844  1.413448e-01 0.924
1  6.92e+01  0.2889269185  1.413448e-01 0.924
1  7.24e+01  0.2881649768  1.413448e-01 0.924
1  7.59e+01  0.2872858592  1.413448e-01 0.924
1  7.94e+01  0.2863284183  1.413448e-01 0.924
1  8.32e+01  0.2852666861  1.413448e-01 0.924
1  8.71e+01  0.2840309193  1.413448e-01 0.924
1  9.12e+01  0.2826167576  1.413448e-01 0.924
1  9.55e+01  0.2809605115  1.413448e-01 0.924
1  1.00e+02  0.2790456329  1.413448e-01 0.924
1  1.05e+02  0.2768015735  1.413448e-01 0.924
1  1.10e+02  0.2741422288  1.413448e-01 0.924
1  1.15e+02  0.2709295871  1.413448e-01 0.924
1  1.20e+02  0.2670355565  1.413448e-01 0.924
1  1.26e+02  0.2622853701  1.413448e-01 0.924
1  1.32e+02  0.2563943266  1.413448e-01 0.924
1  1.38e+02  0.2491001218  1.413448e-01 0.924
1  1.45e+02  0.2399567312  1.413448e-01 0.924
1  1.51e+02  0.2285693105  1.413448e-01 0.924
1  1.58e+02  0.2144922998  1.413448e-01 0.924
1  1.66e+02  0.197460215  1.413448e-01 0.924
1  1.74e+02  0.1776126118  1.413448e-01 0.924
1  1.82e+02  0.1557316691  1.413448e-01 0.924
1  1.91e+02  0.1332481832  1.413448e-01 0.924
1  2.00e+02  0.1118647331  1.413448e-01 0.924
1  2.09e+02  0.0929567293  1.413448e-01 0.924
1  2.19e+02  0.07724480271  1.413448e-01 0.924
1  2.29e+02  0.06471136633  1.413448e-01 0.924
1  2.40e+02  0.05498625933  1.413448e-01 0.924
1  2.51e+02  0.04753420659  1.413448e-01 0.924
1  2.63e+02  0.04184446606  1.413448e-01 0.924
1  2.75e+02  0.03747943814  1.413448e-01 0.924
1  2.88e+02  0.03411724058  1.413448e-01 0.924
1  3.02e+02  0.03149574064  1.413448e-01 0.924
1  3.16e+02  0.02944277179  1.413448e-01 0.924
1  3.31e+02  0.02781773935  1.413448e-01 0.924
1  3.47e+02  0.02651772325  1.413448e-01 0.924
1  3.63e+02  0.02546779891  1.413448e-01 0.924
1  3.80e+02  0.02461625796  1.413448e-01 0.924
1  3.98e+02  0.02391862985  1.413448e-01 0.924
1  4.17e+02  0.02334420496  1.413448e-01 0.924
1  4.37e+02  0.02286260615  1.413448e-01 0.924
1  4.57e+02  0.02246098659  1.413448e-01 0.924
1  4.79e+02  0.02212553968  1.413448e-01 0.924
1  5.01e+02  0.02184217532  1.413448e-01 0.924
1  5.25e+02  0.02160133874  1.413448e-01 0.924
1  5.50e+02  0.02139458661  1.413448e-01 0.924
1  5.75e+02  0.02121859565  1.413448e-01 0.924
1  6.03e+02  0.0210664974  1.413448e-01 0.924
1  6.31e+02  0.02093502971  1.413448e-01 0.924
1  6.61e+02  0.02082174303  1.413448e-01 0.924
1  6.92e+02  0.02072283433  1.413448e-01 0.924
1  7.24e+02  0.02063695556  1.413448e-01 0.924
1  7.59e+02  0.0205636313  1.413448e-01 0.924
1  7.94e+02  0.02049718408  1.413448e-01 0.924
1  8.32e+02  0.02044007652  1.413448e-01 0.924
1  8.71e+02  0.02038925785  1.413448e-01 0.924
1  9.12e+02  0.02034413919  1.413448e-01 0.924
1  9.55e+02  0.02030615852  1.413448e-01 0.924
1  1.00e+03  0.02027126361  1.413448e-01 0.924
1  1.05e+03  0.02023980846  1.413448e-01 0.924
1  1.10e+03  0.02021213546  1.413448e-01 0.924
1  1.15e+03  0.02018806203  1.413448e-01 0.924
1  1.20e+03  0.02016707678  1.413448e-01 0.924
1  1.26e+03  0.02014791204  1.413448e-01 0.924
1  1.32e+03  0.02013068066  1.413448e-01 0.924
1  1.38e+03  0.02011602532  1.413448e-01 0.924
1  1.45e+03  0.02010156057  1.413448e-01 0.924
1  1.51e+03  0.02008951539  1.413448e-01 0.924
1  1.58e+03  0.02007816918  1.413448e-01 0.924
1  1.66e+03  0.02006865477  1.413448e-01 0.924
1  1.74e+03  0.02005933048  1.413448e-01 0.924
1  1.82e+03  0.02005285731  1.413448e-01 0.924
1  1.91e+03  0.0200450685  1.413448e-01 0.924
1  2.00e+03  0.02003869548  1.413448e-01 0.924
1  2.09e+03  0.02003284361  1.413448e-01 0.924
1  2.19e+03  0.0200271489  1.413448e-01 0.924
1  2.29e+03  0.0200236414  1.413448e-01 0.924
1  2.40e+03  0.02001896603  1.413448e-01 0.924
1  2.51e+03  0.02001468346  1.413448e-01 0.924
1  2.63e+03  0.02001115762  1.413448e-01 0.924
1  2.75e+03  0.02000835098  1.413448e-01 0.924
1  2.88e+03  0.02000531642  1.413448e-01 0.924
1  3.02e+03  0.02000446999  1.413448e-01 0.924
1  3.16e+03  0.02000144042  1.413448e-01 0.924
1  3.31e+03  0.02000058331  1.413448e-01 0.924
1  3.47e+03  0.019996738  1.413448e-01 0.924
1  3.63e+03  0.01999874084  1.413448e-01 0.924
1  3.80e+03  0.01999332912  1.413448e-01 0.924
1  3.98e+03  0.01998896457  1.413448e-01 0.924
1  4.17e+03  0.01998374641  1.413448e-01 0.924
1  4.37e+03  0.01998548103  1.413448e-01 0.924
1  4.57e+03  0.01998238607  1.413448e-01 0.924
1  4.79e+03  0.01997986115  1.413448e-01 0.924
1  5.01e+03  0.01997969083  1.413448e-01 0.924
1  5.25e+03  0.01999850992  1.413448e-01 0.924
1  5.50e+03  0.02003612797  1.413448e-01 0.924
1  5.75e+03  0.0200192246  1.413448e-01 0.924
1  6.03e+03  0.02001533701  1.413448e-01 0.924
1  6.31e+03  0.02010850794  1.413448e-01 0.924
1  6.61e+03  0.02006391687  1.413448e-01 0.924
1  6.92e+03  0.02020258185  1.413448e-01 0.924
1  7.24e+03  0.02016595142  1.413448e-01 0.924
1  7.59e+03  0.02038394682  1.413448e-01 0.924
1  7.94e+03  0.02043994868  1.413448e-01 0.924
1  8.32e+03  0.02053634847  1.413448e-01 0.924
1  8.71e+03  0.02086092454  1.413448e-01 0.924
1  9.12e+03  0.0211549728  1.413448e-01 0.924
1  9.55e+03  0.02138553568  1.413448e-01 0.924
1  1.00e+04  0.02172751104  1.413448e-01 0.924
1  1.05e+04  0.02220922223  1.413448e-01 0.924
1  1.10e+04  0.02289032804  1.413448e-01 0.924
1  1.15e+04  0.0236816148  1.413448e-01 0.924
1  1.20e+04  0.0246824011  1.413448e-01 0.924
1  1.26e+04  0.02570237635  1.413448e-01 0.924
1  1.32e+04  0.02693546115  1.413448e-01 0.924
1  1.38e+04  0.02852433294  1.413448e-01 0.924
1  1.45e+04  0.03052910915  1.413448e-01 0.924
1  1.51e+04  0.03287089952  1.413448e-01 0.924
1  1.58e+04  0.03527936074  1.413448e-01 0.924
1  1.66e+04  0.03766925344  1.413448e-01 0.924
1  1.74e+04  0.04037560655  1.413448e-01 0.924
1  1.82e+04  0.04379126965  1.413448e-01 0.924
1  1.91e+04  0.04764744951  1.413448e-01 0.924
1  2.00e+04  0.0515065235  1.413448e-01 0.924
1  2.09e+04  0.05618251806  1.413448e-01 0.924
1  2.19e+04  0.06075546382  1.413448e-01 0.924
1  2.29e+04  0.0656677659  1.413448e-01 0.924
1  2.40e+04  0.07189676065  1.413448e-01 0.924
1  2.51e+04  0.07675054245  1.413448e-01 0.924
1  2.63e+04  0.08413006599  1.413448e-01 0.924
1  2.75e+04  0.08953232192  1.413448e-01 0.924
1  2.88e+04  0.09763723251  1.413448e-01 0.924
1  3.02e+04  0.1037145255  1.413448e-01 0.924
1  3.16e+04  0.1122090113  1.413448e-01 0.924
1  3.31e+04  0.119561907  1.413448e-01 0.924
1  3.47e+04  0.1273177495  1.413448e-01 0.924
1  3.63e+04  0.1366235545  1.413448e-01 0.924
1  3.80e+04  0.1443606869  1.413448e-01 0.924
1  3.98e+04  0.1525817028  1.413448e-01 0.924
1  4.17e+04  0.1631469967  1.413448e-01 0.924
1  4.37e+04  0.1714668372  1.413448e-01 0.924
1  4.57e+04  0.1789246124  1.413448e-01 0.924
1  4.79e+04  0.1899541746  1.413448e-01 0.924
1  5.01e+04  0.2006275221  1.413448e-01 0.924
1  5.25e+04  0.2080422213  1.413448e-01 0.924
1  5.50e+04  0.2160862842  1.413448e-01 0.924
1  5.75e+04  0.2268632439  1.413448e-01 0.924
1  6.03e+04  0.2380056939  1.413448e-01 0.924
1  6.31e+04  0.2474792487  1.413448e-01 0.924
1  6.61e+04  0.2554343551  1.413448e-01 0.924
1  6.92e+04  0.2630980293  1.413448e-01 0.924
1  7.24e+04  0.2718070825  1.413448e-01 0.924
1  7.59e+04  0.2821229871  1.413448e-01 0.924
1  7.94e+04  0.2931789109  1.413448e-01 0.924
1  8.32e+04  0.3033536708  1.413448e-01 0.924
1  8.71e+04  0.3117024555  1.413448e-01 0.924
1  9.12e+04  0.3185649718  1.413448e-01 0.924
1  9.55e+04  0.3250120615  1.413448e-01 0.924
1  1.00e+05  0.3319751264  1.413448e-01 0.924
1  1.05e+05  0.3398213858  1.413448e-01 0.924
1  1.10e+05  0.3484462615  1.413448e-01 0.924
1  1.15e+05  0.3575317379  1.413448e-01 0.924
1  1.20e+05  0.3667078527  1.413448e-01 0.924
1  1.26e+05  0.3756102678  1.413448e-01 0.924
1  1.32e+05  0.3839216966  1.413448e-01 0.924
1  1.38e+05  0.3914277596  1.413448e-01 0.924
1  1.45e+05  0.3980586182  1.413448e-01 0.924
1  1.51e+05  0.4038881388  1.413448e-01 0.924
1  1.58e+05  0.4090921254  1.413448e-01 0.924
1  1.66e+05  0.4138881872  1.413448e-01 0.924
1  1.74e+05  0.4184816709  1.413448e-01 0.924
1  1.82e+05  0.4230320658  1.413448e-01 0.924
1  1.91e+05  0.4276420883  1.413448e-01 0.924
1  2.00e+05  0.4323633074  1.413448e-01 0.924
1  2.09e+05  0.437209442  1.413448e-01 0.924
1  2.19e+05  0.442170096  1.413448e-01 0.924
1  2.29e+05  0.44722116  1.413448e-01 0.924
1  2.40e+05  0.4523312242  1.413448e-01 0.924
1  2.51e+05  0.4574650746  1.413448e-01 0.924
1  2.63e+05  0.4625857207  1.413448e-01 0.924
1  2.75e+05  0.4676559873  1.413448e-01 0.924
1  2.88e+05  0.4726401021  1.413448e-01 0.924
1  3.02e+05  0.4775052609  1.413448e-01 0.924
1  3.16e+05  0.4822229633  1.413448e-01 0.924
1  3.31e+05  0.486769927  1.413448e-01 0.924
1  3.47e+05  0.4911284915  1.413448e-01 0.924
1  3.63e+05  0.4952865421  1.413448e-01 0.924
1  3.80e+05  0.4992370612  1.413448e-01 0.924
1  3.98e+05  0.5029774444  1.413448e-01 0.924
1  4.17e+05  0.5065087124  1.413448e-01 0.924
1  4.37e+05  0.5098347225  1.413448e-01 0.924
1  4.57e+05  0.5129614452  1.413448e-01 0.924
1  4.79e+05  0.5158963424  1.413448e-01 0.924
1  5.01e+05  0.5186478586  1.413448e-01 0.924
1  5.25e+05  0.5212250204  1.413448e-01 0.924
1  5.50e+05  0.5236371307  1.413448e-01 0.924
1  5.75e+05  0.525893542  1.413448e-01 0.924
1  6.03e+05  0.5280034923  1.413448e-01 0.924
1  6.31e+05  0.529975989  1.413448e-01 0.924
1  6.61e+05  0.5318197294  1.413448e-01 0.924
1  6.92e+05  0.5335430481  1.413448e-01 0.924
1  7.24e+05  0.5351538841  1.413448e-01 0.924
1  7.59e+05  0.536659763  1.413448e-01 0.924
1  7.94e+05  0.5380677896  1.413448e-01 0.924
1  8.32e+05  0.5393846492  1.413448e-01 0.924
1  8.71e+05  0.540616614  1.413448e-01 0.924
1  9.12e+05  0.5417695541  1.413448e-01 0.924
1  9.55e+05  0.5428489521  1.413448e-01 0.924
1  1.00e+06  0.5438599191  1.413448e-01 0.924
1  1.05e+06  0.544807213  1.413448e-01 0.924
1  1.10e+06  0.5456952568  1.413448e-01 0.924
1  1.15e+06  0.5465281582  1.413448e-01 0.924
1  1.20e+06  0.5473097286  1.413448e-01 0.924
1  1.26e+06  0.548043502  1.413448e-01 0.924
1  1.32e+06  0.5487327538  1.413448e-01 0.924
1  1.38e+06  0.5493805182  1.413448e-01 0.924
1  1.45e+06  0.5499896056  1.413448e-01 0.924
1  1.51e+06  0.5505626191  1.413448e-01 0.924
1  1.58e+06  0.5511019691  1.413448e-01 0.924
1  1.66e+06  0.5516098884  1.413448e-01 0.924
1  1.74e+06  0.5520884456  1.413448e-01 0.924
1  1.82e+06  0.5525395575  1.413448e-01 0.924
1  1.91e+06  0.5529650037  1.413448e-01 0.924
1  2.00e+06  0.5533664287  1.413448e-01 0.924
1  2.09e+06  0.5537453611  1.413448e-01 0.924
1  2.19e+06  0.5541032197  1.413448e-01 0.924
1  2.29e+06  0.5544413229  1.413448e-01 0.924
1  2.40e+06  0.554760895  1.413448e-01 0.924
1  2.51e+06  0.5550630747  1.413448e-01 0.924
1  2.63e+06  0.5553489208  1.413448e-01 0.924
1  2.75e+06  0.5556194198  1.413448e-01 0.924
1  2.88e+06  0.55587549  1.413448e-01 0.924
1  3.02e+06  0.5561179875  1.413448e-01 0.924
1  3.16e+06  0.5563477105  1.413448e-01 0.924
1  3.31e+06  0.5565654046  1.413448e-01 0.924
1  3.47e+06  0.5567717655  1.413448e-01 0.924
1  3.63e+06  0.5569674434  1.413448e-01 0.924
1  3.80e+06  0.5571530466  1.413448e-01 0.924
1  3.98e+06  0.5573291441  1.413448e-01 0.924
1  4.17e+06  0.5574962685  1.413448e-01 0.924
1  4.37e+06  0.5576549191  1.413448e-01 0.924
1  4.57e+06  0.5578055637  1.413448e-01 0.924
1  4.79e+06  0.5579486412  1.413448e-01 0.924
1  5.01e+06  0.5580845637  1.413448e-01 0.924
1  5.25e+06  0.5582137178  1.413448e-01 0.924
1  5.50e+06  0.5583364672  1.413448e-01 0.924
1  5.75e+06  0.5584531536  1.413448e-01 0.924
1  6.03e+06  0.5585640986  1.413448e-01 0.924
1  6.31e+06  0.5586696046  1.413448e-01 0.924
1  6.61e+06  0.5587699568  1.413448e-01 0.924
1  6.92e+06  0.5588654236  1.413448e-01 0.924
1  7.24e+06  0.5589562579  1.413448e-01 0.924
1  7.59e+06  0.5590426986  1.413448e-01 0.924
1  7.94e+06  0.5591249708  1.413448e-01 0.924
1  8.32e+06  0.5592032871  1.413448e-01 0.924
1  8.71e+06  0.5592778482  1.413448e-01 0.924
1  9.12e+06  0.5593488437  1.413448e-01 0.924
1  9.55e+06  0.559416453  1.413448e-01 0.924
1  1.00e+07  0.5594808456  1.413448e-01 0.924
