1  1.00e-03  0.5609951078  1.401211e-01 0.916
1  1.06e-03  0.560993451  1.401211e-01 0.916
1  1.12e-03  0.560991727  1.401211e-01 0.916
1  1.19e-03  0.5609899765  1.401211e-01 0.916
1  1.26e-03  0.5609880323  1.401211e-01 0.916
1  1.33e-03  0.5609859273  1.401211e-01 0.916
1  1.41e-03  0.5609837675  1.401211e-01 0.916
1  1.50e-03  0.5609814276  1.401211e-01 0.916
1  1.58e-03  0.5609788675  1.401211e-01 0.916
1  1.68e-03  0.5609763215  1.401211e-01 0.916
1  1.78e-03  0.5609735244  1.401211e-01 0.916
1  1.88e-03  0.5609705716  1.401211e-01 0.916
1  2.00e-03  0.5609675157  1.401211e-01 0.916
1  2.11e-03  0.5609641973  1.401211e-01 0.916
1  2.24e-03  0.5609607293  1.401211e-01 0.916
1  2.37e-03  0.5609571207  1.401211e-01 0.916
1  2.51e-03  0.5609531574  1.401211e-01 0.916
1  2.66e-03  0.5609490443  1.401211e-01 0.916
1  2.82e-03  0.5609446604  1.401211e-01 0.916
1  2.99e-03  0.5609400357  1.401211e-01 0.916
1  3.16e-03  0.5609351563  1.401211e-01 0.916
1  3.35e-03  0.5609299417  1.401211e-01 0.916
1  3.55e-03  0.5609244463  1.401211e-01 0.916
1  3.76e-03  0.5609185877  1.401211e-01 0.916
1  3.98e-03  0.5609124052  1.401211e-01 0.916
1  4.22e-03  0.5609058788  1.401211e-01 0.916
1  4.47e-03  0.5608989392  1.401211e-01 0.916
1  4.73e-03  0.5608915909  1.401211e-01 0.916
1  5.01e-03  0.5608838064  1.401211e-01 0.916
1  5.31e-03  0.560875582  1.401211e-01 0.916
1  5.62e-03  0.5608668233  1.401211e-01 0.916
1  5.96e-03  0.5608575747  1.401211e-01 0.916
1  6.31e-03  0.5608477902  1.401211e-01 0.916
1  6.68e-03  0.5608373934  1.401211e-01 0.916
1  7.08e-03  0.5608264045  1.401211e-01 0.916
1  7.50e-03  0.5608147447  1.401211e-01 0.916
1  7.94e-03  0.5608024306  1.401211e-01 0.916
1  8.41e-03  0.5607893207  1.401211e-01 0.916
1  8.91e-03  0.5607755107  1.401211e-01 0.916
1  9.44e-03  0.5607608359  1.401211e-01 0.916
1  1.00e-02  0.5607452629  1.401211e-01 0.916
1  1.06e-02  0.5607288089  1.401211e-01 0.916
1  1.12e-02  0.5607113599  1.401211e-01 0.916
1  1.19e-02  0.5606928665  1.401211e-01 0.916
1  1.26e-02  0.5606732965  1.401211e-01 0.916
1  1.33e-02  0.5606525777  1.401211e-01 0.916
1  1.41e-02  0.5606305844  1.401211e-01 0.916
1  1.50e-02  0.5606073286  1.401211e-01 0.916
1  1.58e-02  0.5605826076  1.401211e-01 0.916
1  1.68e-02  0.5605564654  1.401211e-01 0.916
1  1.78e-02  0.5605288531  1.401211e-01 0.916
1  1.88e-02  0.5604994562  1.401211e-01 0.916
1  2.00e-02  0.560468416  1.401211e-01 0.916
1  2.11e-02  0.5604355261  1.401211e-01 0.916
1  2.24e-02  0.5604005713  1.401211e-01 0.916
1  2.37e-02  0.56036361  1.401211e-01 0.916
1  2.51e-02  0.5603244873  1.401211e-01 0.916
1  2.66e-02  0.5602830323  1.401211e-01 0.916
1  2.82e-02  0.560238989  1.401211e-01 0.916
1  2.99e-02  0.5601924321  1.401211e-01 0.916
1  3.16e-02  0.5601430057  1.401211e-01 0.916
1  3.35e-02  0.5600907845  1.401211e-01 0.916
1  3.55e-02  0.5600352809  1.401211e-01 0.916
1  3.76e-02  0.5599765889  1.401211e-01 0.916
1  3.98e-02  0.5599143683  1.401211e-01 0.916
1  4.22e-02  0.5598485042  1.401211e-01 0.916
1  4.47e-02  0.559778479  1.401211e-01 0.916
1  4.73e-02  0.5597045475  1.401211e-01 0.916
1  5.01e-02  0.5596260449  1.401211e-01 0.916
1  5.31e-02  0.5595426387  1.401211e-01 0.916
1  5.62e-02  0.5594544922  1.401211e-01 0.916
1  5.96e-02  0.5593611254  1.401211e-01 0.916
1  6.31e-02  0.5592621389  1.401211e-01 0.916
1  6.68e-02  0.5591571516  1.401211e-01 0.916
1  7.08e-02  0.5590455648  1.401211e-01 0.916
1  7.50e-02  0.5589276197  1.401211e-01 0.916
1  7.94e-02  0.5588026307  1.401211e-01 0.916
1  8.41e-02  0.558669895  1.401211e-01 0.916
1  8.91e-02  0.5585295133  1.401211e-01 0.916
1  9.44e-02  0.5583800924  1.401211e-01 0.916
1  1.00e-01  0.5582222084  1.401211e-01 0.916
1  1.06e-01  0.5580544183  1.401211e-01 0.916
1  1.12e-01  0.5578770467  1.401211e-01 0.916
1  1.19e-01  0.5576882295  1.401211e-01 0.916
1  1.26e-01  0.5574883548  1.401211e-01 0.916
1  1.33e-01  0.5572761953  1.401211e-01 0.916
1  1.41e-01  0.5570515065  1.401211e-01 0.916
1  1.50e-01  0.5568123197  1.401211e-01 0.916
1  1.58e-01  0.5565593056  1.401211e-01 0.916
1  1.68e-01  0.5562906036  1.401211e-01 0.916
1  1.78e-01  0.5560060312  1.401211e-01 0.916
1  1.88e-01  0.5557029235  1.401211e-01 0.916
1  2.00e-01  0.5553815917  1.401211e-01 0.916
1  2.11e-01  0.5550413023  1.401211e-01 0.916
1  2.24e-01  0.5546794448  1.401211e-01 0.916
1  2.37e-01  0.5542952795  1.401211e-01 0.916
1  2.51e-01  0.5538878011  1.401211e-01 0.916
1  2.66e-01  0.5534535714  1.401211e-01 0.916
1  2.82e-01  0.5529933939  1.401211e-01 0.916
1  2.99e-01  0.5525049664  1.401211e-01 0.916
1  3.16e-01  0.5519855096  1.401211e-01 0.916
1  3.35e-01  0.5514336932  1.401211e-01 0.916
1  3.55e-01  0.5508481196  1.401211e-01 0.916
1  3.76e-01  0.5502235856  1.401211e-01 0.916
1  3.98e-01  0.5495624303  1.401211e-01 0.916
1  4.22e-01  0.5488577829  1.401211e-01 0.916
1  4.47e-01  0.5481075712  1.401211e-01 0.916
1  4.73e-01  0.547310925  1.401211e-01 0.916
1  5.01e-01  0.5464610052  1.401211e-01 0.916
1  5.31e-01  0.545560459  1.401211e-01 0.916
1  5.62e-01  0.5445974429  1.401211e-01 0.916
1  5.96e-01  0.543576048  1.401211e-01 0.916
1  6.31e-01  0.5424880045  1.401211e-01 0.916
1  6.68e-01  0.5413275901  1.401211e-01 0.916
1  7.08e-01  0.5400911706  1.401211e-01 0.916
1  7.50e-01  0.5387746139  1.401211e-01 0.916
1  7.94e-01  0.5373694639  1.401211e-01 0.916
1  8.41e-01  0.5358766022  1.401211e-01 0.916
1  8.91e-01  0.5342806173  1.401211e-01 0.916
1  9.44e-01  0.5325781214  1.401211e-01 0.916
1  1.00e+00  0.5307656158  1.401211e-01 0.916
1  1.06e+00  0.5288348115  1.401211e-01 0.916
1  1.12e+00  0.5267716431  1.401211e-01 0.916
1  1.19e+00  0.5245668952  1.401211e-01 0.916
1  1.26e+00  0.5222209037  1.401211e-01 0.916
1  1.33e+00  0.5197119535  1.401211e-01 0.916
1  1.41e+00  0.5170407129  1.401211e-01 0.916
1  1.50e+00  0.51419034  1.401211e-01 0.916
1  1.58e+00  0.5111532996  1.401211e-01 0.916
1  1.68e+00  0.5079165678  1.401211e-01 0.916
1  1.78e+00  0.5044662724  1.401211e-01 0.916
1  1.88e+00  0.500798768  1.401211e-01 0.916
1  2.00e+00  0.4968929756  1.401211e-01 0.916
1  2.11e+00  0.4927429903  1.401211e-01 0.916
1  2.24e+00  0.4883495834  1.401211e-01 0.916
1  2.37e+00  0.4836863268  1.401211e-01 0.916
1  2.51e+00  0.4787489839  1.401211e-01 0.916
1  2.66e+00  0.4735434893  1.401211e-01 0.916
1  2.82e+00  0.4680588427  1.401211e-01 0.916
1  2.99e+00  0.4623184868  1.401211e-01 0.916
1  3.16e+00  0.4562930043  1.401211e-01 0.916
1  3.35e+00  0.4500149741  1.401211e-01 0.916
1  3.55e+00  0.4435052805  1.401211e-01 0.916
1  3.76e+00  0.4367880131  1.401211e-01 0.916
1  3.98e+00  0.4298868472  1.401211e-01 0.916
1  4.22e+00  0.4228227332  1.401211e-01 0.916
1  4.47e+00  0.4156635904  1.401211e-01 0.916
1  4.73e+00  0.4084209958  1.401211e-01 0.916
1  5.01e+00  0.4011877119  1.401211e-01 0.916
1  5.31e+00  0.3940093824  1.401211e-01 0.916
1  5.62e+00  0.3869175387  1.401211e-01 0.916
1  5.96e+00  0.3799677327  1.401211e-01 0.916
1  6.31e+00  0.3732235742  1.401211e-01 0.916
1  6.68e+00  0.3667470044  1.401211e-01 0.916
1  7.08e+00  0.3605516715  1.401211e-01 0.916
1  7.50e+00  0.3546845706  1.401211e-01 0.916
1  7.94e+00  0.3491381277  1.401211e-01 0.916
1  8.41e+00  0.34396147  1.401211e-01 0.916
1  8.91e+00  0.3391740005  1.401211e-01 0.916
1  9.44e+00  0.3347469769  1.401211e-01 0.916
1  1.00e+01  0.3306576783  1.401211e-01 0.916
1  1.06e+01  0.3269456127  1.401211e-01 0.916
1  1.12e+01  0.323563823  1.401211e-01 0.916
1  1.19e+01  0.3204926984  1.401211e-01 0.916
1  1.26e+01  0.3177157775  1.401211e-01 0.916
1  1.33e+01  0.3152267939  1.401211e-01 0.916
1  1.41e+01  0.3129607648  1.401211e-01 0.916
1  1.50e+01  0.3109328059  1.401211e-01 0.916
1  1.58e+01  0.30910602  1.401211e-01 0.916
1  1.68e+01  0.3074743515  1.401211e-01 0.916
1  1.78e+01  0.3060037767  1.401211e-01 0.916
1  1.88e+01  0.3046975792  1.401211e-01 0.916
1  2.00e+01  0.3035208503  1.401211e-01 0.916
1  2.11e+01  0.3024702423  1.401211e-01 0.916
1  2.24e+01  0.3014839174  1.401211e-01 0.916
1  2.37e+01  0.3006360041  1.401211e-01 0.916
1  2.51e+01  0.2998394092  1.401211e-01 0.916
1  2.66e+01  0.2991012404  1.401211e-01 0.916
1  2.82e+01  0.2984421361  1.401211e-01 0.916
1  2.99e+01  0.2978032399  1.401211e-01 0.916
1  3.16e+01  0.2972121246  1.401211e-01 0.916
1  3.35e+01  0.2966820495  1.401211e-01 0.916
1  3.55e+01  0.2961317531  1.401211e-01 0.916
1  3.76e+01  0.2956222294  1.401211e-01 0.916
1  3.98e+01  0.2951339171  1.401211e-01 0.916
1  4.22e+01  0.2946299684  1.401211e-01 0.916
1  4.47e+01  0.2941225139  1.401211e-01 0.916
1  4.73e+01  0.2936036893  1.401211e-01 0.916
1  5.01e+01  0.2930778631  1.401211e-01 0.916
1  5.31e+01  0.2925152887  1.401211e-01 0.916
1  5.62e+01  0.291911147  1.401211e-01 0.916
1  5.96e+01  0.2912592186  1.401211e-01 0.916
1  6.31e+01  0.2905515634  1.401211e-01 0.916
1  6.68e+01  0.2897625016  1.401211e-01 0.916
1  7.08e+01  0.288847821  1.401211e-01 0.916
1  7.50e+01  0.2878470069  1.401211e-01 0.916
1  7.94e+01  0.2866784161  1.401211e-01 0.916
1  8.41e+01  0.2853108393  1.401211e-01 0.916
1  8.91e+01  0.2837063071  1.401211e-01 0.916
1  9.44e+01  0.281793906  1.401211e-01 0.916
1  1.00e+02  0.2794772127  1.401211e-01 0.916
1  1.06e+02  0.2766295489  1.401211e-01 0.916
1  1.12e+02  0.2730866351  1.401211e-01 0.916
1  1.19e+02  0.2686151847  1.401211e-01 0.916
1  1.26e+02  0.2628585822  1.401211e-01 0.916
1  1.33e+02  0.2553329177  1.401211e-01 0.916
1  1.41e+02  0.2454504415  1.401211e-01 0.916
1  1.50e+02  0.232325319  1.401211e-01 0.916
1  1.58e+02  0.2151229868  1.401211e-01 0.916
1  1.68e+02  0.1932503966  1.401211e-01 0.916
1  1.78e+02  0.16713215  1.401211e-01 0.916
1  1.88e+02  0.138818419  1.401211e-01 0.916
1  2.00e+02  0.1115801067  1.401211e-01 0.916
1  2.11e+02  0.0882548584  1.401211e-01 0.916
1  2.24e+02  0.07004416071  1.401211e-01 0.916
1  2.37e+02  0.05661156074  1.401211e-01 0.916
1  2.51e+02  0.04697043915  1.401211e-01 0.916
1  2.66e+02  0.04010602264  1.401211e-01 0.916
1  2.82e+02  0.03518230935  1.401211e-01 0.916
1  2.99e+02  0.03161382014  1.401211e-01 0.916
1  3.16e+02  0.02898961352  1.401211e-01 0.916
1  3.35e+02  0.02702807924  1.401211e-01 0.916
1  3.55e+02  0.02554566277  1.401211e-01 0.916
1  3.76e+02  0.02440769331  1.401211e-01 0.916
1  3.98e+02  0.02352070475  1.401211e-01 0.916
1  4.22e+02  0.02282446178  1.401211e-01 0.916
1  4.47e+02  0.02227352938  1.401211e-01 0.916
1  4.73e+02  0.02183107404  1.401211e-01 0.916
1  5.01e+02  0.02147009076  1.401211e-01 0.916
1  5.31e+02  0.0211785936  1.401211e-01 0.916
1  5.62e+02  0.02094064374  1.401211e-01 0.916
1  5.96e+02  0.02074099238  1.401211e-01 0.916
1  6.31e+02  0.02057807554  1.401211e-01 0.916
1  6.68e+02  0.02043954076  1.401211e-01 0.916
1  7.08e+02  0.02032350282  1.401211e-01 0.916
1  7.50e+02  0.02022695135  1.401211e-01 0.916
1  7.94e+02  0.02014443645  1.401211e-01 0.916
1  8.41e+02  0.02007628931  1.401211e-01 0.916
1  8.91e+02  0.02001735318  1.401211e-01 0.916
1  9.44e+02  0.01996541137  1.401211e-01 0.916
1  1.00e+03  0.01992152466  1.401211e-01 0.916
1  1.06e+03  0.01988568326  1.401211e-01 0.916
1  1.12e+03  0.01985320688  1.401211e-01 0.916
1  1.19e+03  0.01982505803  1.401211e-01 0.916
1  1.26e+03  0.01980083412  1.401211e-01 0.916
1  1.33e+03  0.01978016685  1.401211e-01 0.916
1  1.41e+03  0.01976226111  1.401211e-01 0.916
1  1.50e+03  0.01974576533  1.401211e-01 0.916
1  1.58e+03  0.01973198387  1.401211e-01 0.916
1  1.68e+03  0.01972039085  1.401211e-01 0.916
1  1.78e+03  0.0197110467  1.401211e-01 0.916
1  1.88e+03  0.01970095805  1.401211e-01 0.916
1  2.00e+03  0.01969382433  1.401211e-01 0.916
1  2.11e+03  0.01968612272  1.401211e-01 0.916
1  2.24e+03  0.01968008978  1.401211e-01 0.916
1  2.37e+03  0.0196740229  1.401211e-01 0.916
1  2.51e+03  0.01966955871  1.401211e-01 0.916
1  2.66e+03  0.0196656737  1.401211e-01 0.916
1  2.82e+03  0.01966239798  1.401211e-01 0.916
1  2.99e+03  0.01965902084  1.401211e-01 0.916
1  3.16e+03  0.01965607426  1.401211e-01 0.916
1  3.35e+03  0.01965465641  1.401211e-01 0.916
1  3.55e+03  0.01965135728  1.401211e-01 0.916
1  3.76e+03  0.01964356576  1.401211e-01 0.916
1  3.98e+03  0.01964594075  1.401211e-01 0.916
1  4.22e+03  0.01965452427  1.401211e-01 0.916
1  4.47e+03  0.01963700963  1.401211e-01 0.916
1  4.73e+03  0.01966970729  1.401211e-01 0.916
1  5.01e+03  0.01963879712  1.401211e-01 0.916
1  5.31e+03  0.01964963853  1.401211e-01 0.916
1  5.62e+03  0.01969571292  1.401211e-01 0.916
1  5.96e+03  0.01973308091  1.401211e-01 0.916
1  6.31e+03  0.01977657657  1.401211e-01 0.916
1  6.68e+03  0.01983813086  1.401211e-01 0.916
1  7.08e+03  0.0198701105  1.401211e-01 0.916
1  7.50e+03  0.01991769924  1.401211e-01 0.916
1  7.94e+03  0.02016135517  1.401211e-01 0.916
1  8.41e+03  0.02045339372  1.401211e-01 0.916
1  8.91e+03  0.02060434187  1.401211e-01 0.916
1  9.44e+03  0.0212452289  1.401211e-01 0.916
1  1.00e+04  0.02156714418  1.401211e-01 0.916
1  1.06e+04  0.02242455001  1.401211e-01 0.916
1  1.12e+04  0.02348651534  1.401211e-01 0.916
1  1.19e+04  0.02438328824  1.401211e-01 0.916
1  1.26e+04  0.02577229505  1.401211e-01 0.916
1  1.33e+04  0.02780063563  1.401211e-01 0.916
1  1.41e+04  0.03000294801  1.401211e-01 0.916
1  1.50e+04  0.03262983257  1.401211e-01 0.916
1  1.58e+04  0.03580848924  1.401211e-01 0.916
1  1.68e+04  0.03929824025  1.401211e-01 0.916
1  1.78e+04  0.04321600967  1.401211e-01 0.916
1  1.88e+04  0.04763514438  1.401211e-01 0.916
1  2.00e+04  0.05260635565  1.401211e-01 0.916
1  2.11e+04  0.05843295476  1.401211e-01 0.916
1  2.24e+04  0.06515891496  1.401211e-01 0.916
1  2.37e+04  0.07174068837  1.401211e-01 0.916
1  2.51e+04  0.07849117678  1.401211e-01 0.916
1  2.66e+04  0.08745077884  1.401211e-01 0.916
1  2.82e+04  0.09569049843  1.401211e-01 0.916
1  2.99e+04  0.104294933  1.401211e-01 0.916
1  3.16e+04  0.1145778328  1.401211e-01 0.916
1  3.35e+04  0.1237163062  1.401211e-01 0.916
1  3.55e+04  0.1346076026  1.401211e-01 0.916
1  3.76e+04  0.1452267239  1.401211e-01 0.916
1  3.98e+04  0.1553682137  1.401211e-01 0.916
1  4.22e+04  0.1684010003  1.401211e-01 0.916
1  4.47e+04  0.177788405  1.401211e-01 0.916
1  4.73e+04  0.1899227386  1.401211e-01 0.916
1  5.01e+04  0.2036122764  1.401211e-01 0.916
1  5.31e+04  0.2128263159  1.401211e-01 0.916
1  5.62e+04  0.2242623908  1.401211e-01 0.916
1  5.96e+04  0.2383798501  1.401211e-01 0.916
1  6.31e+04  0.2504907544  1.401211e-01 0.916
1  6.68e+04  0.2603167212  1.401211e-01 0.916
1  7.08e+04  0.2702571416  1.401211e-01 0.916
1  7.50e+04  0.2823869718  1.401211e-01 0.916
1  7.94e+04  0.2960793138  1.401211e-01 0.916
1  8.41e+04  0.3084549656  1.401211e-01 0.916
1  8.91e+04  0.3180485168  1.401211e-01 0.916
1  9.44e+04  0.3261316939  1.401211e-01 0.916
1  1.00e+05  0.3346834371  1.401211e-01 0.916
1  1.06e+05  0.3445666237  1.401211e-01 0.916
1  1.12e+05  0.3555312049  1.401211e-01 0.916
1  1.19e+05  0.3669114718  1.401211e-01 0.916
1  1.26e+05  0.3779971749  1.401211e-01 0.916
1  1.33e+05  0.3881709608  1.401211e-01 0.916
1  1.41e+05  0.3970596834  1.401211e-01 0.916
1  1.50e+05  0.4046364025  1.401211e-01 0.916
1  1.58e+05  0.4111717254  1.401211e-01 0.916
1  1.68e+05  0.4170741694  1.401211e-01 0.916
1  1.78e+05  0.4227276159  1.401211e-01 0.916
1  1.88e+05  0.428398884  1.401211e-01 0.916
1  2.00e+05  0.434223459  1.401211e-01 0.916
1  2.11e+05  0.4402370401  1.401211e-01 0.916
1  2.24e+05  0.4464163429  1.401211e-01 0.916
1  2.37e+05  0.4527089892  1.401211e-01 0.916
1  2.51e+05  0.4590495965  1.401211e-01 0.916
1  2.66e+05  0.4653675038  1.401211e-01 0.916
1  2.82e+05  0.4715917257  1.401211e-01 0.916
1  2.99e+05  0.477655648  1.401211e-01 0.916
1  3.16e+05  0.4835014328  1.401211e-01 0.916
1  3.35e+05  0.4890832259  1.401211e-01 0.916
1  3.55e+05  0.4943685681  1.401211e-01 0.916
1  3.76e+05  0.4993380481  1.401211e-01 0.916
1  3.98e+05  0.5039836907  1.401211e-01 0.916
1  4.22e+05  0.5083067059  1.401211e-01 0.916
1  4.47e+05  0.5123151291  1.401211e-01 0.916
1  4.73e+05  0.5160216912  1.401211e-01 0.916
1  5.01e+05  0.5194420768  1.401211e-01 0.916
1  5.31e+05  0.5225935973  1.401211e-01 0.916
1  5.62e+05  0.5254942335  1.401211e-01 0.916
1  5.96e+05  0.5281619757  1.401211e-01 0.916
1  6.31e+05  0.5306143855  1.401211e-01 0.916
1  6.68e+05  0.5328683168  1.401211e-01 0.916
1  7.08e+05  0.5349397474  1.401211e-01 0.916
1  7.50e+05  0.5368436869  1.401211e-01 0.916
1  7.94e+05  0.5385941355  1.401211e-01 0.916
1  8.41e+05  0.5402040789  1.401211e-01 0.916
1  8.91e+05  0.5416855067  1.401211e-01 0.916
1  9.44e+05  0.5430494474  1.401211e-01 0.916
1  1.00e+06  0.5443060143  1.401211e-01 0.916
1  1.06e+06  0.5454644576  1.401211e-01 0.916
1  1.12e+06  0.5465332216  1.401211e-01 0.916
1  1.19e+06  0.5475200016  1.401211e-01 0.916
1  1.26e+06  0.5484318025  1.401211e-01 0.916
1  1.33e+06  0.5492749945  1.401211e-01 0.916
1  1.41e+06  0.5500553674  1.401211e-01 0.916
1  1.50e+06  0.550778182  1.401211e-01 0.916
1  1.58e+06  0.5514482174  1.401211e-01 0.916
1  1.68e+06  0.5520698164  1.401211e-01 0.916
1  1.78e+06  0.5526469257  1.401211e-01 0.916
1  1.88e+06  0.5531831366  1.401211e-01 0.916
1  2.00e+06  0.5536817122  1.401211e-01 0.916
1  2.11e+06  0.5541456238  1.401211e-01 0.916
1  2.24e+06  0.5545775797  1.401211e-01 0.916
1  2.37e+06  0.5549800493  1.401211e-01 0.916
1  2.51e+06  0.5553552866  1.401211e-01 0.916
1  2.66e+06  0.5557053504  1.401211e-01 0.916
1  2.82e+06  0.5560321234  1.401211e-01 0.916
1  2.99e+06  0.5563373288  1.401211e-01 0.916
1  3.16e+06  0.5566225453  1.401211e-01 0.916
1  3.35e+06  0.5568892207  1.401211e-01 0.916
1  3.55e+06  0.5571386846  1.401211e-01 0.916
1  3.76e+06  0.5573721583  1.401211e-01 0.916
1  3.98e+06  0.5575907658  1.401211e-01 0.916
1  4.22e+06  0.5577955419  1.401211e-01 0.916
1  4.47e+06  0.5579874404  1.401211e-01 0.916
1  4.73e+06  0.5581673414  1.401211e-01 0.916
1  5.01e+06  0.5583360575  1.401211e-01 0.916
1  5.31e+06  0.55849434  1.401211e-01 0.916
1  5.62e+06  0.5586428838  1.401211e-01 0.916
1  5.96e+06  0.5587823326  1.401211e-01 0.916
1  6.31e+06  0.5589132827  1.401211e-01 0.916
1  6.68e+06  0.5590362873  1.401211e-01 0.916
1  7.08e+06  0.5591518599  1.401211e-01 0.916
1  7.50e+06  0.5592604775  1.401211e-01 0.916
1  7.94e+06  0.5593625836  1.401211e-01 0.916
1  8.41e+06  0.5594585908  1.401211e-01 0.916
1  8.91e+06  0.5595488831  1.401211e-01 0.916
1  9.44e+06  0.5596338183  1.401211e-01 0.916
1  1.00e+07  0.5597137301  1.401211e-01 0.916
