1  1.00e-03  0.5565129709  1.639845e-01 1.072
1  1.06e-03  0.5565113349  1.639845e-01 1.072
1  1.12e-03  0.556509633  1.639845e-01 1.072
1  1.19e-03  0.5565078841  1.639845e-01 1.072
1  1.26e-03  0.5565059615  1.639845e-01 1.072
1  1.33e-03  0.556503886  1.639845e-01 1.072
1  1.41e-03  0.5565017355  1.639845e-01 1.072
1  1.50e-03  0.5564994186  1.639845e-01 1.072
1  1.58e-03  0.5564968709  1.639845e-01 1.072
1  1.68e-03  0.5564943545  1.639845e-01 1.072
1  1.78e-03  0.5564915695  1.639845e-01 1.072
1  1.88e-03  0.5564886436  1.639845e-01 1.072
1  2.00e-03  0.5564856045  1.639845e-01 1.072
1  2.11e-03  0.5564823284  1.639845e-01 1.072
1  2.24e-03  0.5564788878  1.639845e-01 1.072
1  2.37e-03  0.556475299  1.639845e-01 1.072
1  2.51e-03  0.5564713779  1.639845e-01 1.072
1  2.66e-03  0.556467296  1.639845e-01 1.072
1  2.82e-03  0.5564629463  1.639845e-01 1.072
1  2.99e-03  0.5564583555  1.639845e-01 1.072
1  3.16e-03  0.556453511  1.639845e-01 1.072
1  3.35e-03  0.556448342  1.639845e-01 1.072
1  3.55e-03  0.5564428836  1.639845e-01 1.072
1  3.76e-03  0.5564370769  1.639845e-01 1.072
1  3.98e-03  0.5564309415  1.639845e-01 1.072
1  4.22e-03  0.5564244602  1.639845e-01 1.072
1  4.47e-03  0.5564175791  1.639845e-01 1.072
1  4.73e-03  0.5564102904  1.639845e-01 1.072
1  5.01e-03  0.5564025625  1.639845e-01 1.072
1  5.31e-03  0.556394403  1.639845e-01 1.072
1  5.62e-03  0.5563857119  1.639845e-01 1.072
1  5.96e-03  0.556376534  1.639845e-01 1.072
1  6.31e-03  0.5563668287  1.639845e-01 1.072
1  6.68e-03  0.556356509  1.639845e-01 1.072
1  7.08e-03  0.5563456038  1.639845e-01 1.072
1  7.50e-03  0.5563340354  1.639845e-01 1.072
1  7.94e-03  0.5563218175  1.639845e-01 1.072
1  8.41e-03  0.556308811  1.639845e-01 1.072
1  8.91e-03  0.5562951038  1.639845e-01 1.072
1  9.44e-03  0.5562805448  1.639845e-01 1.072
1  1.00e-02  0.5562650936  1.639845e-01 1.072
1  1.06e-02  0.556248758  1.639845e-01 1.072
1  1.12e-02  0.5562314531  1.639845e-01 1.072
1  1.19e-02  0.5562131025  1.639845e-01 1.072
1  1.26e-02  0.556193685  1.639845e-01 1.072
1  1.33e-02  0.5561731159  1.639845e-01 1.072
1  1.41e-02  0.5561512891  1.639845e-01 1.072
1  1.50e-02  0.556128219  1.639845e-01 1.072
1  1.58e-02  0.5561036852  1.639845e-01 1.072
1  1.68e-02  0.5560777466  1.639845e-01 1.072
1  1.78e-02  0.5560503489  1.639845e-01 1.072
1  1.88e-02  0.5560211742  1.639845e-01 1.072
1  2.00e-02  0.5559903695  1.639845e-01 1.072
1  2.11e-02  0.5559577442  1.639845e-01 1.072
1  2.24e-02  0.5559230682  1.639845e-01 1.072
1  2.37e-02  0.5558863739  1.639845e-01 1.072
1  2.51e-02  0.5558475739  1.639845e-01 1.072
1  2.66e-02  0.5558064322  1.639845e-01 1.072
1  2.82e-02  0.5557627142  1.639845e-01 1.072
1  2.99e-02  0.5557165438  1.639845e-01 1.072
1  3.16e-02  0.5556674841  1.639845e-01 1.072
1  3.35e-02  0.5556156839  1.639845e-01 1.072
1  3.55e-02  0.5555605862  1.639845e-01 1.072
1  3.76e-02  0.5555023771  1.639845e-01 1.072
1  3.98e-02  0.555440599  1.639845e-01 1.072
1  4.22e-02  0.5553752636  1.639845e-01 1.072
1  4.47e-02  0.5553058078  1.639845e-01 1.072
1  4.73e-02  0.5552324256  1.639845e-01 1.072
1  5.01e-02  0.5551545261  1.639845e-01 1.072
1  5.31e-02  0.5550717719  1.639845e-01 1.072
1  5.62e-02  0.5549843478  1.639845e-01 1.072
1  5.96e-02  0.554891647  1.639845e-01 1.072
1  6.31e-02  0.5547934815  1.639845e-01 1.072
1  6.68e-02  0.5546892824  1.639845e-01 1.072
1  7.08e-02  0.5545786053  1.639845e-01 1.072
1  7.50e-02  0.5544615259  1.639845e-01 1.072
1  7.94e-02  0.5543375019  1.639845e-01 1.072
1  8.41e-02  0.5542058124  1.639845e-01 1.072
1  8.91e-02  0.5540665323  1.639845e-01 1.072
1  9.44e-02  0.553918354  1.639845e-01 1.072
1  1.00e-01  0.5537616202  1.639845e-01 1.072
1  1.06e-01  0.5535952765  1.639845e-01 1.072
1  1.12e-01  0.5534192276  1.639845e-01 1.072
1  1.19e-01  0.5532320038  1.639845e-01 1.072
1  1.26e-01  0.5530335345  1.639845e-01 1.072
1  1.33e-01  0.5528230529  1.639845e-01 1.072
1  1.41e-01  0.5526002913  1.639845e-01 1.072
1  1.50e-01  0.5523630236  1.639845e-01 1.072
1  1.58e-01  0.552111844  1.639845e-01 1.072
1  1.68e-01  0.5518455374  1.639845e-01 1.072
1  1.78e-01  0.5515630573  1.639845e-01 1.072
1  1.88e-01  0.5512623003  1.639845e-01 1.072
1  2.00e-01  0.5509436845  1.639845e-01 1.072
1  2.11e-01  0.5506059329  1.639845e-01 1.072
1  2.24e-01  0.5502469792  1.639845e-01 1.072
1  2.37e-01  0.5498659003  1.639845e-01 1.072
1  2.51e-01  0.5494619211  1.639845e-01 1.072
1  2.66e-01  0.5490312025  1.639845e-01 1.072
1  2.82e-01  0.5485750488  1.639845e-01 1.072
1  2.99e-01  0.5480907693  1.639845e-01 1.072
1  3.16e-01  0.5475750099  1.639845e-01 1.072
1  3.35e-01  0.5470277204  1.639845e-01 1.072
1  3.55e-01  0.546447517  1.639845e-01 1.072
1  3.76e-01  0.5458278253  1.639845e-01 1.072
1  3.98e-01  0.5451721005  1.639845e-01 1.072
1  4.22e-01  0.5444734153  1.639845e-01 1.072
1  4.47e-01  0.543728963  1.639845e-01 1.072
1  4.73e-01  0.5429390254  1.639845e-01 1.072
1  5.01e-01  0.5420976207  1.639845e-01 1.072
1  5.31e-01  0.541203598  1.639845e-01 1.072
1  5.62e-01  0.5402500626  1.639845e-01 1.072
1  5.96e-01  0.5392376212  1.639845e-01 1.072
1  6.31e-01  0.5381575299  1.639845e-01 1.072
1  6.68e-01  0.5370064473  1.639845e-01 1.072
1  7.08e-01  0.5357833318  1.639845e-01 1.072
1  7.50e-01  0.5344755416  1.639845e-01 1.072
1  7.94e-01  0.5330845759  1.639845e-01 1.072
1  8.41e-01  0.5316026979  1.639845e-01 1.072
1  8.91e-01  0.5300248058  1.639845e-01 1.072
1  9.44e-01  0.528337284  1.639845e-01 1.072
1  1.00e+00  0.5265385236  1.639845e-01 1.072
1  1.06e+00  0.5246240875  1.639845e-01 1.072
1  1.12e+00  0.5225791828  1.639845e-01 1.072
1  1.19e+00  0.52040037  1.639845e-01 1.072
1  1.26e+00  0.5180684076  1.639845e-01 1.072
1  1.33e+00  0.5155896086  1.639845e-01 1.072
1  1.41e+00  0.5129380041  1.639845e-01 1.072
1  1.50e+00  0.5101198955  1.639845e-01 1.072
1  1.58e+00  0.507107266  1.639845e-01 1.072
1  1.68e+00  0.5038983619  1.639845e-01 1.072
1  1.78e+00  0.5004862185  1.639845e-01 1.072
1  1.88e+00  0.4968420703  1.639845e-01 1.072
1  2.00e+00  0.4929744758  1.639845e-01 1.072
1  2.11e+00  0.4888669782  1.639845e-01 1.072
1  2.24e+00  0.4844942453  1.639845e-01 1.072
1  2.37e+00  0.4798692094  1.639845e-01 1.072
1  2.51e+00  0.4749840634  1.639845e-01 1.072
1  2.66e+00  0.4698215601  1.639845e-01 1.072
1  2.82e+00  0.4643869392  1.639845e-01 1.072
1  2.99e+00  0.4586660544  1.639845e-01 1.072
1  3.16e+00  0.4527004611  1.639845e-01 1.072
1  3.35e+00  0.4464644858  1.639845e-01 1.072
1  3.55e+00  0.4399838573  1.639845e-01 1.072
1  3.76e+00  0.433292028  1.639845e-01 1.072
1  3.98e+00  0.426423926  1.639845e-01 1.072
1  4.22e+00  0.4193968174  1.639845e-01 1.072
1  4.47e+00  0.4122511967  1.639845e-01 1.072
1  4.73e+00  0.4050245009  1.639845e-01 1.072
1  5.01e+00  0.3978020988  1.639845e-01 1.072
1  5.31e+00  0.3906156707  1.639845e-01 1.072
1  5.62e+00  0.3835037444  1.639845e-01 1.072
1  5.96e+00  0.3765620933  1.639845e-01 1.072
1  6.31e+00  0.3698039817  1.639845e-01 1.072
1  6.68e+00  0.3632719188  1.639845e-01 1.072
1  7.08e+00  0.3570429714  1.639845e-01 1.072
1  7.50e+00  0.3511214539  1.639845e-01 1.072
1  7.94e+00  0.3455654872  1.639845e-01 1.072
1  8.41e+00  0.3403452711  1.639845e-01 1.072
1  8.91e+00  0.3354736732  1.639845e-01 1.072
1  9.44e+00  0.3310055952  1.639845e-01 1.072
1  1.00e+01  0.3268776517  1.639845e-01 1.072
1  1.06e+01  0.3231095459  1.639845e-01 1.072
1  1.12e+01  0.3197253815  1.639845e-01 1.072
1  1.19e+01  0.3165275737  1.639845e-01 1.072
1  1.26e+01  0.3137292587  1.639845e-01 1.072
1  1.33e+01  0.3111575954  1.639845e-01 1.072
1  1.41e+01  0.3088669541  1.639845e-01 1.072
1  1.50e+01  0.3067981222  1.639845e-01 1.072
1  1.58e+01  0.3049448814  1.639845e-01 1.072
1  1.68e+01  0.3032798219  1.639845e-01 1.072
1  1.78e+01  0.3017765842  1.639845e-01 1.072
1  1.88e+01  0.3004269223  1.639845e-01 1.072
1  2.00e+01  0.2991783586  1.639845e-01 1.072
1  2.11e+01  0.2980884865  1.639845e-01 1.072
1  2.24e+01  0.2970792754  1.639845e-01 1.072
1  2.37e+01  0.2961734682  1.639845e-01 1.072
1  2.51e+01  0.295333766  1.639845e-01 1.072
1  2.66e+01  0.294541533  1.639845e-01 1.072
1  2.82e+01  0.2938333598  1.639845e-01 1.072
1  2.99e+01  0.2931371272  1.639845e-01 1.072
1  3.16e+01  0.2924982937  1.639845e-01 1.072
1  3.35e+01  0.2919048743  1.639845e-01 1.072
1  3.55e+01  0.2912922  1.639845e-01 1.072
1  3.76e+01  0.290708323  1.639845e-01 1.072
1  3.98e+01  0.2901472429  1.639845e-01 1.072
1  4.22e+01  0.2895642879  1.639845e-01 1.072
1  4.47e+01  0.2889547262  1.639845e-01 1.072
1  4.73e+01  0.2883521912  1.639845e-01 1.072
1  5.01e+01  0.2876939443  1.639845e-01 1.072
1  5.31e+01  0.2870018051  1.639845e-01 1.072
1  5.62e+01  0.286260596  1.639845e-01 1.072
1  5.96e+01  0.2854529276  1.639845e-01 1.072
1  6.31e+01  0.2845639842  1.639845e-01 1.072
1  6.68e+01  0.2835961508  1.639845e-01 1.072
1  7.08e+01  0.2824732516  1.639845e-01 1.072
1  7.50e+01  0.2812272941  1.639845e-01 1.072
1  7.94e+01  0.2797737807  1.639845e-01 1.072
1  8.41e+01  0.2780800689  1.639845e-01 1.072
1  8.91e+01  0.2761036629  1.639845e-01 1.072
1  9.44e+01  0.2737828971  1.639845e-01 1.072
1  1.00e+02  0.2709684417  1.639845e-01 1.072
1  1.06e+02  0.2675951476  1.639845e-01 1.072
1  1.12e+02  0.2634292312  1.639845e-01 1.072
1  1.19e+02  0.2582530779  1.639845e-01 1.072
1  1.26e+02  0.2517881865  1.639845e-01 1.072
1  1.33e+02  0.2436277566  1.639845e-01 1.072
1  1.41e+02  0.2333062151  1.639845e-01 1.072
1  1.50e+02  0.2202397781  1.639845e-01 1.072
1  1.58e+02  0.2040549764  1.639845e-01 1.072
1  1.68e+02  0.1845998971  1.639845e-01 1.072
1  1.78e+02  0.1624696275  1.639845e-01 1.072
1  1.88e+02  0.1391516446  1.639845e-01 1.072
1  2.00e+02  0.1166788281  1.639845e-01 1.072
1  2.11e+02  0.09678226115  1.639845e-01 1.072
1  2.24e+02  0.0804366191  1.639845e-01 1.072
1  2.37e+02  0.06766908476  1.639845e-01 1.072
1  2.51e+02  0.05800641331  1.639845e-01 1.072
1  2.66e+02  0.05078314615  1.639845e-01 1.072
1  2.82e+02  0.04540725198  1.639845e-01 1.072
1  2.99e+02  0.04138729042  1.639845e-01 1.072
1  3.16e+02  0.03834964393  1.639845e-01 1.072
1  3.35e+02  0.03604203718  1.639845e-01 1.072
1  3.55e+02  0.03426845147  1.639845e-01 1.072
1  3.76e+02  0.03288264445  1.639845e-01 1.072
1  3.98e+02  0.03180056962  1.639845e-01 1.072
1  4.22e+02  0.03093875464  1.639845e-01 1.072
1  4.47e+02  0.03024806593  1.639845e-01 1.072
1  4.73e+02  0.02969570894  1.639845e-01 1.072
1  5.01e+02  0.02924177094  1.639845e-01 1.072
1  5.31e+02  0.02887307582  1.639845e-01 1.072
1  5.62e+02  0.0285683476  1.639845e-01 1.072
1  5.96e+02  0.02831846835  1.639845e-01 1.072
1  6.31e+02  0.02810738811  1.639845e-01 1.072
1  6.68e+02  0.02793128937  1.639845e-01 1.072
1  7.08e+02  0.02778352902  1.639845e-01 1.072
1  7.50e+02  0.02765790734  1.639845e-01 1.072
1  7.94e+02  0.02755249868  1.639845e-01 1.072
1  8.41e+02  0.02746435939  1.639845e-01 1.072
1  8.91e+02  0.02738602078  1.639845e-01 1.072
1  9.44e+02  0.02732275942  1.639845e-01 1.072
1  1.00e+03  0.02726466295  1.639845e-01 1.072
1  1.06e+03  0.02721676596  1.639845e-01 1.072
1  1.12e+03  0.02717492898  1.639845e-01 1.072
1  1.19e+03  0.02713998617  1.639845e-01 1.072
1  1.26e+03  0.02710829252  1.639845e-01 1.072
1  1.33e+03  0.02708137869  1.639845e-01 1.072
1  1.41e+03  0.02705717697  1.639845e-01 1.072
1  1.50e+03  0.02703735409  1.639845e-01 1.072
1  1.58e+03  0.02702009417  1.639845e-01 1.072
1  1.68e+03  0.02700342695  1.639845e-01 1.072
1  1.78e+03  0.02699014897  1.639845e-01 1.072
1  1.88e+03  0.02697804382  1.639845e-01 1.072
1  2.00e+03  0.02696830746  1.639845e-01 1.072
1  2.11e+03  0.02695952143  1.639845e-01 1.072
1  2.24e+03  0.02695070083  1.639845e-01 1.072
1  2.37e+03  0.02694437562  1.639845e-01 1.072
1  2.51e+03  0.02693810458  1.639845e-01 1.072
1  2.66e+03  0.02693156569  1.639845e-01 1.072
1  2.82e+03  0.02692684672  1.639845e-01 1.072
1  2.99e+03  0.02692458758  1.639845e-01 1.072
1  3.16e+03  0.0269203996  1.639845e-01 1.072
1  3.35e+03  0.026916965  1.639845e-01 1.072
1  3.55e+03  0.02691481952  1.639845e-01 1.072
1  3.76e+03  0.02691297045  1.639845e-01 1.072
1  3.98e+03  0.02690885552  1.639845e-01 1.072
1  4.22e+03  0.02690693099  1.639845e-01 1.072
1  4.47e+03  0.02690405295  1.639845e-01 1.072
1  4.73e+03  0.02690495038  1.639845e-01 1.072
1  5.01e+03  0.02690185695  1.639845e-01 1.072
1  5.31e+03  0.02689658131  1.639845e-01 1.072
1  5.62e+03  0.02689842326  1.639845e-01 1.072
1  5.96e+03  0.02690156851  1.639845e-01 1.072
1  6.31e+03  0.02690426611  1.639845e-01 1.072
1  6.68e+03  0.02689841482  1.639845e-01 1.072
1  7.08e+03  0.0268935618  1.639845e-01 1.072
1  7.50e+03  0.0269288968  1.639845e-01 1.072
1  7.94e+03  0.02696634127  1.639845e-01 1.072
1  8.41e+03  0.02693798886  1.639845e-01 1.072
1  8.91e+03  0.02705812076  1.639845e-01 1.072
1  9.44e+03  0.02704401956  1.639845e-01 1.072
1  1.00e+04  0.02726610722  1.639845e-01 1.072
1  1.06e+04  0.02734971487  1.639845e-01 1.072
1  1.12e+04  0.02751403587  1.639845e-01 1.072
1  1.19e+04  0.02790831166  1.639845e-01 1.072
1  1.26e+04  0.02839733298  1.639845e-01 1.072
1  1.33e+04  0.02890332678  1.639845e-01 1.072
1  1.41e+04  0.02957012508  1.639845e-01 1.072
1  1.50e+04  0.03039819561  1.639845e-01 1.072
1  1.58e+04  0.03166506468  1.639845e-01 1.072
1  1.68e+04  0.03321156064  1.639845e-01 1.072
1  1.78e+04  0.035061354  1.639845e-01 1.072
1  1.88e+04  0.03732916071  1.639845e-01 1.072
1  2.00e+04  0.03995190998  1.639845e-01 1.072
1  2.11e+04  0.04275189514  1.639845e-01 1.072
1  2.24e+04  0.04596049357  1.639845e-01 1.072
1  2.37e+04  0.04998250528  1.639845e-01 1.072
1  2.51e+04  0.05462999412  1.639845e-01 1.072
1  2.66e+04  0.05986040123  1.639845e-01 1.072
1  2.82e+04  0.06516758716  1.639845e-01 1.072
1  2.99e+04  0.07168777995  1.639845e-01 1.072
1  3.16e+04  0.07826666192  1.639845e-01 1.072
1  3.35e+04  0.08573097109  1.639845e-01 1.072
1  3.55e+04  0.09335356566  1.639845e-01 1.072
1  3.76e+04  0.102418364  1.639845e-01 1.072
1  3.98e+04  0.1098148296  1.639845e-01 1.072
1  4.22e+04  0.1214811443  1.639845e-01 1.072
1  4.47e+04  0.1288829059  1.639845e-01 1.072
1  4.73e+04  0.139669286  1.639845e-01 1.072
1  5.01e+04  0.1520474687  1.639845e-01 1.072
1  5.31e+04  0.1604939296  1.639845e-01 1.072
1  5.62e+04  0.1709352848  1.639845e-01 1.072
1  5.96e+04  0.1842345723  1.639845e-01 1.072
1  6.31e+04  0.1965474615  1.639845e-01 1.072
1  6.68e+04  0.2062531065  1.639845e-01 1.072
1  7.08e+04  0.2156193638  1.639845e-01 1.072
1  7.50e+04  0.2278941148  1.639845e-01 1.072
1  7.94e+04  0.2424333449  1.639845e-01 1.072
1  8.41e+04  0.2556296525  1.639845e-01 1.072
1  8.91e+04  0.265802628  1.639845e-01 1.072
1  9.44e+04  0.2743803791  1.639845e-01 1.072
1  1.00e+05  0.2834871599  1.639845e-01 1.072
1  1.06e+05  0.2941307252  1.639845e-01 1.072
1  1.12e+05  0.3062135687  1.639845e-01 1.072
1  1.19e+05  0.3190859587  1.639845e-01 1.072
1  1.26e+05  0.3318647633  1.639845e-01 1.072
1  1.33e+05  0.343693477  1.639845e-01 1.072
1  1.41e+05  0.3540379799  1.639845e-01 1.072
1  1.50e+05  0.362836386  1.639845e-01 1.072
1  1.58e+05  0.3704140091  1.639845e-01 1.072
1  1.68e+05  0.3772656442  1.639845e-01 1.072
1  1.78e+05  0.3838535064  1.639845e-01 1.072
1  1.88e+05  0.3905004581  1.639845e-01 1.072
1  2.00e+05  0.3973763917  1.639845e-01 1.072
1  2.11e+05  0.4045345234  1.639845e-01 1.072
1  2.24e+05  0.4119558283  1.639845e-01 1.072
1  2.37e+05  0.4195810975  1.639845e-01 1.072
1  2.51e+05  0.4273290603  1.639845e-01 1.072
1  2.66e+05  0.4351068361  1.639845e-01 1.072
1  2.82e+05  0.4428181535  1.639845e-01 1.072
1  2.99e+05  0.4503711854  1.639845e-01 1.072
1  3.16e+05  0.457685368  1.639845e-01 1.072
1  3.35e+05  0.4646960402  1.639845e-01 1.072
1  3.55e+05  0.4713563691  1.639845e-01 1.072
1  3.76e+05  0.4776368478  1.639845e-01 1.072
1  3.98e+05  0.4835231427  1.639845e-01 1.072
1  4.22e+05  0.4890131496  1.639845e-01 1.072
1  4.47e+05  0.4941139405  1.639845e-01 1.072
1  4.73e+05  0.4988390221  1.639845e-01 1.072
1  5.01e+05  0.5032060919  1.639845e-01 1.072
1  5.31e+05  0.5072353182  1.639845e-01 1.072
1  5.62e+05  0.5109480832  1.639845e-01 1.072
1  5.96e+05  0.5143660987  1.639845e-01 1.072
1  6.31e+05  0.5175108031  1.639845e-01 1.072
1  6.68e+05  0.5204029602  1.639845e-01 1.072
1  7.08e+05  0.5230624039  1.639845e-01 1.072
1  7.50e+05  0.5255078827  1.639845e-01 1.072
1  7.94e+05  0.5277569763  1.639845e-01 1.072
1  8.41e+05  0.5298260624  1.639845e-01 1.072
1  8.91e+05  0.5317303181  1.639845e-01 1.072
1  9.44e+05  0.5334837479  1.639845e-01 1.072
1  1.00e+06  0.535099228  1.639845e-01 1.072
1  1.06e+06  0.5365885624  1.639845e-01 1.072
1  1.12e+06  0.5379625469  1.639845e-01 1.072
1  1.19e+06  0.5392310363  1.639845e-01 1.072
1  1.26e+06  0.5404030134  1.639845e-01 1.072
1  1.33e+06  0.5414866568  1.639845e-01 1.072
1  1.41e+06  0.5424894075  1.639845e-01 1.072
1  1.50e+06  0.5434180324  1.639845e-01 1.072
1  1.58e+06  0.5442786834  1.639845e-01 1.072
1  1.68e+06  0.5450769536  1.639845e-01 1.072
1  1.78e+06  0.5458179292  1.639845e-01 1.072
1  1.88e+06  0.5465062391  1.639845e-01 1.072
1  2.00e+06  0.5471460913  1.639845e-01 1.072
1  2.11e+06  0.5477413188  1.639845e-01 1.072
1  2.24e+06  0.5482954154  1.639845e-01 1.072
1  2.37e+06  0.5488115673  1.639845e-01 1.072
1  2.51e+06  0.5492926825  1.639845e-01 1.072
1  2.66e+06  0.5497414173  1.639845e-01 1.072
1  2.82e+06  0.5501602007  1.639845e-01 1.072
1  2.99e+06  0.5505512557  1.639845e-01 1.072
1  3.16e+06  0.5509166186  1.639845e-01 1.072
1  3.35e+06  0.5512581569  1.639845e-01 1.072
1  3.55e+06  0.5515775846  1.639845e-01 1.072
1  3.76e+06  0.5518764767  1.639845e-01 1.072
1  3.98e+06  0.5521562815  1.639845e-01 1.072
1  4.22e+06  0.5524183326  1.639845e-01 1.072
1  4.47e+06  0.5526638586  1.639845e-01 1.072
1  4.73e+06  0.552893993  1.639845e-01 1.072
1  5.01e+06  0.5531097821  1.639845e-01 1.072
1  5.31e+06  0.5533121929  1.639845e-01 1.072
1  5.62e+06  0.5535021195  1.639845e-01 1.072
1  5.96e+06  0.5536803898  1.639845e-01 1.072
1  6.31e+06  0.5538477708  1.639845e-01 1.072
1  6.68e+06  0.5540049736  1.639845e-01 1.072
1  7.08e+06  0.5541526582  1.639845e-01 1.072
1  7.50e+06  0.5542914374  1.639845e-01 1.072
1  7.94e+06  0.5544218809  1.639845e-01 1.072
1  8.41e+06  0.5545445182  1.639845e-01 1.072
1  8.91e+06  0.5546598426  1.639845e-01 1.072
1  9.44e+06  0.5547683131  1.639845e-01 1.072
1  1.00e+07  0.5548703577  1.639845e-01 1.072
