1  1.00e-03  0.5792448574  5.316684e-01 0.95799999999999999999
1  1.26e-03  0.5792372771  5.316684e-01 0.95799999999999999999
1  1.58e-03  0.5792275083  5.316684e-01 0.95799999999999999999
1  2.00e-03  0.5792153856  5.316684e-01 0.95799999999999999999
1  2.51e-03  0.5792000206  5.316684e-01 0.95799999999999999999
1  3.16e-03  0.5791807772  5.316684e-01 0.95799999999999999999
1  3.98e-03  0.579156482  5.316684e-01 0.95799999999999999999
1  5.01e-03  0.5791259259  5.316684e-01 0.95799999999999999999
1  6.31e-03  0.5790873914  5.316684e-01 0.95799999999999999999
1  7.94e-03  0.5790388957  5.316684e-01 0.95799999999999999999
1  1.00e-02  0.578977821  5.316684e-01 0.95799999999999999999
1  1.26e-02  0.578900868  5.316684e-01 0.95799999999999999999
1  1.58e-02  0.5788040007  5.316684e-01 0.95799999999999999999
1  2.00e-02  0.5786818799  5.316684e-01 0.95799999999999999999
1  2.51e-02  0.5785278871  5.316684e-01 0.95799999999999999999
1  3.16e-02  0.5783339831  5.316684e-01 0.95799999999999999999
1  3.98e-02  0.5780894109  5.316684e-01 0.95799999999999999999
1  5.01e-02  0.5777807421  5.316684e-01 0.95799999999999999999
1  6.31e-02  0.5773911919  5.316684e-01 0.95799999999999999999
1  7.94e-02  0.5768996187  5.316684e-01 0.95799999999999999999
1  1.00e-01  0.5762780311  5.316684e-01 0.95799999999999999999
1  1.26e-01  0.575491603  5.316684e-01 0.95799999999999999999
1  1.58e-01  0.5744953673  5.316684e-01 0.95799999999999999999
1  2.00e-01  0.5732310217  5.316684e-01 0.95799999999999999999
1  2.51e-01  0.5716248023  5.316684e-01 0.95799999999999999999
1  3.16e-01  0.5695778487  5.316684e-01 0.95799999999999999999
1  3.98e-01  0.5669637103  5.316684e-01 0.95799999999999999999
1  5.01e-01  0.5636100568  5.316684e-01 0.95799999999999999999
1  6.31e-01  0.559299401  5.316684e-01 0.95799999999999999999
1  7.94e-01  0.5537208236  5.316684e-01 0.95799999999999999999
1  1.00e+00  0.5464872092  5.316684e-01 0.95799999999999999999
1  1.26e+00  0.5370548231  5.316684e-01 0.95799999999999999999
1  1.58e+00  0.5247354359  5.316684e-01 0.95799999999999999999
1  2.00e+00  0.5086549625  5.316684e-01 0.95799999999999999999
1  2.51e+00  0.4878792692  5.316684e-01 0.95799999999999999999
1  3.16e+00  0.4617031894  5.316684e-01 0.95799999999999999999
1  3.98e+00  0.4303327495  5.316684e-01 0.95799999999999999999
1  5.01e+00  0.3956885922  5.316684e-01 0.95799999999999999999
1  6.31e+00  0.3615679611  5.316684e-01 0.95799999999999999999
1  7.94e+00  0.3322213009  5.316684e-01 0.95799999999999999999
1  1.00e+01  0.3099520576  5.316684e-01 0.95799999999999999999
1  1.26e+01  0.2945702963  5.316684e-01 0.95799999999999999999
1  1.58e+01  0.2845706125  5.316684e-01 0.95799999999999999999
1  2.00e+01  0.2781759677  5.316684e-01 0.95799999999999999999
1  2.51e+01  0.2740230289  5.316684e-01 0.95799999999999999999
1  3.16e+01  0.2711510222  5.316684e-01 0.95799999999999999999
1  3.98e+01  0.2688803623  5.316684e-01 0.95799999999999999999
1  5.01e+01  0.2666758102  5.316684e-01 0.95799999999999999999
1  6.31e+01  0.264012681  5.316684e-01 0.95799999999999999999
1  7.94e+01  0.2599598992  5.316684e-01 0.95799999999999999999
1  1.00e+02  0.2526097804  5.316684e-01 0.95799999999999999999
1  1.26e+02  0.2361446161  5.316684e-01 0.95799999999999999999
1  1.58e+02  0.1925448266  5.316684e-01 0.95799999999999999999
1  2.00e+02  0.1065914001  5.316684e-01 0.95799999999999999999
1  2.51e+02  0.05040378408  5.316684e-01 0.95799999999999999999
1  3.16e+02  0.03301052264  5.316684e-01 0.95799999999999999999
1  3.98e+02  0.02745757244  5.316684e-01 0.95799999999999999999
1  5.01e+02  0.02533304299  5.316684e-01 0.95799999999999999999
1  6.31e+02  0.02439491989  5.316684e-01 0.95799999999999999999
1  7.94e+02  0.02394106367  5.316684e-01 0.95799999999999999999
1  1.00e+03  0.02370470395  5.316684e-01 0.95799999999999999999
1  1.26e+03  0.02357763619  5.316684e-01 0.95799999999999999999
1  1.58e+03  0.02350413978  5.316684e-01 0.95799999999999999999
1  2.00e+03  0.02346242223  5.316684e-01 0.95799999999999999999
1  2.51e+03  0.0234385529  5.316684e-01 0.95799999999999999999
1  3.16e+03  0.02342442145  5.316684e-01 0.95799999999999999999
1  3.98e+03  0.02341527162  5.316684e-01 0.95799999999999999999
1  5.01e+03  0.0234161429  5.316684e-01 0.95799999999999999999
1  6.31e+03  0.02341191339  5.316684e-01 0.95799999999999999999
1  7.94e+03  0.02350214684  5.316684e-01 0.95799999999999999999
1  1.00e+04  0.02408978204  5.316684e-01 0.95799999999999999999
1  1.26e+04  0.02629802338  5.316684e-01 0.95799999999999999999
1  1.58e+04  0.03213086545  5.316684e-01 0.95799999999999999999
1  2.00e+04  0.04398241577  5.316684e-01 0.95799999999999999999
1  2.51e+04  0.06400760327  5.316684e-01 0.95799999999999999999
1  3.16e+04  0.09429432582  5.316684e-01 0.95799999999999999999
1  3.98e+04  0.1316504195  5.316684e-01 0.95799999999999999999
1  5.01e+04  0.1789532924  5.316684e-01 0.95799999999999999999
1  6.31e+04  0.2268254683  5.316684e-01 0.95799999999999999999
1  7.94e+04  0.2748477856  5.316684e-01 0.95799999999999999999
1  1.00e+05  0.3168148671  5.316684e-01 0.95799999999999999999
1  1.26e+05  0.36500486  5.316684e-01 0.95799999999999999999
1  1.58e+05  0.4027957022  5.316684e-01 0.95799999999999999999
1  2.00e+05  0.4291013  5.316684e-01 0.95799999999999999999
1  2.51e+05  0.4578734579  5.316684e-01 0.95799999999999999999
1  3.16e+05  0.4866517973  5.316684e-01 0.95799999999999999999
1  3.98e+05  0.5109738596  5.316684e-01 0.95799999999999999999
1  5.01e+05  0.5294262473  5.316684e-01 0.95799999999999999999
1  6.31e+05  0.5428039167  5.316684e-01 0.95799999999999999999
1  7.94e+05  0.5523744233  5.316684e-01 0.95799999999999999999
1  1.00e+06  0.5592296433  5.316684e-01 0.95799999999999999999
1  1.26e+06  0.5641818848  5.316684e-01 0.95799999999999999999
1  1.58e+06  0.5678018158  5.316684e-01 0.95799999999999999999
1  2.00e+06  0.5704812128  5.316684e-01 0.95799999999999999999
1  2.51e+06  0.5724880428  5.316684e-01 0.95799999999999999999
1  3.16e+06  0.5740069843  5.316684e-01 0.95799999999999999999
1  3.98e+06  0.5751670191  5.316684e-01 0.95799999999999999999
1  5.01e+06  0.5760596297  5.316684e-01 0.95799999999999999999
1  6.31e+06  0.5767507301  5.316684e-01 0.95799999999999999999
1  7.94e+06  0.5772885217  5.316684e-01 0.95799999999999999999
1  1.00e+07  0.5777087305  5.316684e-01 0.95799999999999999999
