1  1.00e-03  0.5415292552  5.760666e-01 1.03799999999999999992
1  1.26e-03  0.541522795  5.760666e-01 1.03799999999999999992
1  1.58e-03  0.5415144604  5.760666e-01 1.03799999999999999992
1  2.00e-03  0.5415041054  5.760666e-01 1.03799999999999999992
1  2.51e-03  0.5414910382  5.760666e-01 1.03799999999999999992
1  3.16e-03  0.5414746397  5.760666e-01 1.03799999999999999992
1  3.98e-03  0.5414539161  5.760666e-01 1.03799999999999999992
1  5.01e-03  0.5414278439  5.760666e-01 1.03799999999999999992
1  6.31e-03  0.5413950223  5.760666e-01 1.03799999999999999992
1  7.94e-03  0.54135366  5.760666e-01 1.03799999999999999992
1  1.00e-02  0.5413016017  5.760666e-01 1.03799999999999999992
1  1.26e-02  0.5412360134  5.760666e-01 1.03799999999999999992
1  1.58e-02  0.5411533656  5.760666e-01 1.03799999999999999992
1  2.00e-02  0.5410492627  5.760666e-01 1.03799999999999999992
1  2.51e-02  0.5409182104  5.760666e-01 1.03799999999999999992
1  3.16e-02  0.5407529436  5.760666e-01 1.03799999999999999992
1  3.98e-02  0.5405445766  5.760666e-01 1.03799999999999999992
1  5.01e-02  0.5402819704  5.760666e-01 1.03799999999999999992
1  6.31e-02  0.5399507982  5.760666e-01 1.03799999999999999992
1  7.94e-02  0.5395325831  5.760666e-01 1.03799999999999999992
1  1.00e-01  0.5390046815  5.760666e-01 1.03799999999999999992
1  1.26e-01  0.5383375794  5.760666e-01 1.03799999999999999992
1  1.58e-01  0.5374938298  5.760666e-01 1.03799999999999999992
1  2.00e-01  0.5364256869  5.760666e-01 1.03799999999999999992
1  2.51e-01  0.5350711653  5.760666e-01 1.03799999999999999992
1  3.16e-01  0.5333499416  5.760666e-01 1.03799999999999999992
1  3.98e-01  0.5311614069  5.760666e-01 1.03799999999999999992
1  5.01e-01  0.5283684855  5.760666e-01 1.03799999999999999992
1  6.31e-01  0.524799842  5.760666e-01 1.03799999999999999992
1  7.94e-01  0.5202222508  5.760666e-01 1.03799999999999999992
1  1.00e+00  0.5143473402  5.760666e-01 1.03799999999999999992
1  1.26e+00  0.5067970434  5.760666e-01 1.03799999999999999992
1  1.58e+00  0.4971003644  5.760666e-01 1.03799999999999999992
1  2.00e+00  0.4847375777  5.760666e-01 1.03799999999999999992
1  2.51e+00  0.4692037208  5.760666e-01 1.03799999999999999992
1  3.16e+00  0.450250085  5.760666e-01 1.03799999999999999992
1  3.98e+00  0.4282644285  5.760666e-01 1.03799999999999999992
1  5.01e+00  0.4046445337  5.760666e-01 1.03799999999999999992
1  6.31e+00  0.3816913107  5.760666e-01 1.03799999999999999992
1  7.94e+00  0.3618495337  5.760666e-01 1.03799999999999999992
1  1.00e+01  0.3464046608  5.760666e-01 1.03799999999999999992
1  1.26e+01  0.335387925  5.760666e-01 1.03799999999999999992
1  1.58e+01  0.3278917529  5.760666e-01 1.03799999999999999992
1  2.00e+01  0.3228924115  5.760666e-01 1.03799999999999999992
1  2.51e+01  0.3194591905  5.760666e-01 1.03799999999999999992
1  3.16e+01  0.3169251945  5.760666e-01 1.03799999999999999992
1  3.98e+01  0.3147392952  5.760666e-01 1.03799999999999999992
1  5.01e+01  0.3124343292  5.760666e-01 1.03799999999999999992
1  6.31e+01  0.3094331853  5.760666e-01 1.03799999999999999992
1  7.94e+01  0.3047162115  5.760666e-01 1.03799999999999999992
1  1.00e+02  0.2959773396  5.760666e-01 1.03799999999999999992
1  1.26e+02  0.276306939  5.760666e-01 1.03799999999999999992
1  1.58e+02  0.2241327879  5.760666e-01 1.03799999999999999992
1  2.00e+02  0.1217021962  5.760666e-01 1.03799999999999999992
1  2.51e+02  0.05527909936  5.760666e-01 1.03799999999999999992
1  3.16e+02  0.03476031918  5.760666e-01 1.03799999999999999992
1  3.98e+02  0.02819910989  5.760666e-01 1.03799999999999999992
1  5.01e+02  0.02568510696  5.760666e-01 1.03799999999999999992
1  6.31e+02  0.02457692356  5.760666e-01 1.03799999999999999992
1  7.94e+02  0.02403914297  5.760666e-01 1.03799999999999999992
1  1.00e+03  0.023761336  5.760666e-01 1.03799999999999999992
1  1.26e+03  0.02361041346  5.760666e-01 1.03799999999999999992
1  1.58e+03  0.02352418686  5.760666e-01 1.03799999999999999992
1  2.00e+03  0.02347361565  5.760666e-01 1.03799999999999999992
1  2.51e+03  0.0234454131  5.760666e-01 1.03799999999999999992
1  3.16e+03  0.0234279661  5.760666e-01 1.03799999999999999992
1  3.98e+03  0.02341790593  5.760666e-01 1.03799999999999999992
1  5.01e+03  0.02342079536  5.760666e-01 1.03799999999999999992
1  6.31e+03  0.02340894568  5.760666e-01 1.03799999999999999992
1  7.94e+03  0.02352164512  5.760666e-01 1.03799999999999999992
1  1.00e+04  0.02417612979  5.760666e-01 1.03799999999999999992
1  1.26e+04  0.02643856152  5.760666e-01 1.03799999999999999992
1  1.58e+04  0.03220035938  5.760666e-01 1.03799999999999999992
1  2.00e+04  0.04364433984  5.760666e-01 1.03799999999999999992
1  2.51e+04  0.06269215807  5.760666e-01 1.03799999999999999992
1  3.16e+04  0.09129263977  5.760666e-01 1.03799999999999999992
1  3.98e+04  0.1262968612  5.760666e-01 1.03799999999999999992
1  5.01e+04  0.1703842204  5.760666e-01 1.03799999999999999992
1  6.31e+04  0.2149456665  5.760666e-01 1.03799999999999999992
1  7.94e+04  0.2596836923  5.760666e-01 1.03799999999999999992
1  1.00e+05  0.2984992787  5.760666e-01 1.03799999999999999992
1  1.26e+05  0.3433216743  5.760666e-01 1.03799999999999999992
1  1.58e+05  0.3782280939  5.760666e-01 1.03799999999999999992
1  2.00e+05  0.4025820411  5.760666e-01 1.03799999999999999992
1  2.51e+05  0.4292848267  5.760666e-01 1.03799999999999999992
1  3.16e+05  0.4559760176  5.760666e-01 1.03799999999999999992
1  3.98e+05  0.4785062671  5.760666e-01 1.03799999999999999992
1  5.01e+05  0.4955796733  5.760666e-01 1.03799999999999999992
1  6.31e+05  0.5079450963  5.760666e-01 1.03799999999999999992
1  7.94e+05  0.5167830749  5.760666e-01 1.03799999999999999992
1  1.00e+06  0.5231079204  5.760666e-01 1.03799999999999999992
1  1.26e+06  0.5276731868  5.760666e-01 1.03799999999999999992
1  1.58e+06  0.5310076943  5.760666e-01 1.03799999999999999992
1  2.00e+06  0.5334741372  5.760666e-01 1.03799999999999999992
1  2.51e+06  0.5353203627  5.760666e-01 1.03799999999999999992
1  3.16e+06  0.5367170269  5.760666e-01 1.03799999999999999992
1  3.98e+06  0.5377832136  5.760666e-01 1.03799999999999999992
1  5.01e+06  0.5386033136  5.760666e-01 1.03799999999999999992
1  6.31e+06  0.5392380824  5.760666e-01 1.03799999999999999992
1  7.94e+06  0.539731917  5.760666e-01 1.03799999999999999992
1  1.00e+07  0.5401177023  5.760666e-01 1.03799999999999999992
