1  1.00e-03  0.5315642801  5.893861e-01 1.06199999999999999999
1  1.26e-03  0.5315582454  5.893861e-01 1.06199999999999999999
1  1.58e-03  0.5315504911  5.893861e-01 1.06199999999999999999
1  2.00e-03  0.5315408394  5.893861e-01 1.06199999999999999999
1  2.51e-03  0.5315286827  5.893861e-01 1.06199999999999999999
1  3.16e-03  0.5315133946  5.893861e-01 1.06199999999999999999
1  3.98e-03  0.5314941198  5.893861e-01 1.06199999999999999999
1  5.01e-03  0.5314698145  5.893861e-01 1.06199999999999999999
1  6.31e-03  0.531439234  5.893861e-01 1.06199999999999999999
1  7.94e-03  0.5314007195  5.893861e-01 1.06199999999999999999
1  1.00e-02  0.5313522024  5.893861e-01 1.06199999999999999999
1  1.26e-02  0.5312911099  5.893861e-01 1.06199999999999999999
1  1.58e-02  0.5312142018  5.893861e-01 1.06199999999999999999
1  2.00e-02  0.5311173033  5.893861e-01 1.06199999999999999999
1  2.51e-02  0.5309951218  5.893861e-01 1.06199999999999999999
1  3.16e-02  0.5308413024  5.893861e-01 1.06199999999999999999
1  3.98e-02  0.5306474575  5.893861e-01 1.06199999999999999999
1  5.01e-02  0.5304029547  5.893861e-01 1.06199999999999999999
1  6.31e-02  0.5300945699  5.893861e-01 1.06199999999999999999
1  7.94e-02  0.5297057881  5.893861e-01 1.06199999999999999999
1  1.00e-01  0.5292148027  5.893861e-01 1.06199999999999999999
1  1.26e-01  0.5285945762  5.893861e-01 1.06199999999999999999
1  1.58e-01  0.5278104805  5.893861e-01 1.06199999999999999999
1  2.00e-01  0.526818055  5.893861e-01 1.06199999999999999999
1  2.51e-01  0.5255601466  5.893861e-01 1.06199999999999999999
1  3.16e-01  0.5239655722  5.893861e-01 1.06199999999999999999
1  3.98e-01  0.5219365987  5.893861e-01 1.06199999999999999999
1  5.01e-01  0.5193560871  5.893861e-01 1.06199999999999999999
1  6.31e-01  0.5160598292  5.893861e-01 1.06199999999999999999
1  7.94e-01  0.511849526  5.893861e-01 1.06199999999999999999
1  1.00e+00  0.5064571516  5.893861e-01 1.06199999999999999999
1  1.26e+00  0.4995572751  5.893861e-01 1.06199999999999999999
1  1.58e+00  0.4907448185  5.893861e-01 1.06199999999999999999
1  2.00e+00  0.4795835173  5.893861e-01 1.06199999999999999999
1  2.51e+00  0.4656699571  5.893861e-01 1.06199999999999999999
1  3.16e+00  0.4488416589  5.893861e-01 1.06199999999999999999
1  3.98e+00  0.4294979646  5.893861e-01 1.06199999999999999999
1  5.01e+00  0.4088523352  5.893861e-01 1.06199999999999999999
1  6.31e+00  0.3888925415  5.893861e-01 1.06199999999999999999
1  7.94e+00  0.3715674383  5.893861e-01 1.06199999999999999999
1  1.00e+01  0.3580048498  5.893861e-01 1.06199999999999999999
1  1.26e+01  0.3482238369  5.893861e-01 1.06199999999999999999
1  1.58e+01  0.3415075143  5.893861e-01 1.06199999999999999999
1  2.00e+01  0.3369517993  5.893861e-01 1.06199999999999999999
1  2.51e+01  0.3337582999  5.893861e-01 1.06199999999999999999
1  3.16e+01  0.3313565355  5.893861e-01 1.06199999999999999999
1  3.98e+01  0.3291967684  5.893861e-01 1.06199999999999999999
1  5.01e+01  0.3268619605  5.893861e-01 1.06199999999999999999
1  6.31e+01  0.3237390638  5.893861e-01 1.06199999999999999999
1  7.94e+01  0.3188275936  5.893861e-01 1.06199999999999999999
1  1.00e+02  0.3096669308  5.893861e-01 1.06199999999999999999
1  1.26e+02  0.2889698609  5.893861e-01 1.06199999999999999999
1  1.58e+02  0.2340473625  5.893861e-01 1.06199999999999999999
1  2.00e+02  0.1264344274  5.893861e-01 1.06199999999999999999
1  2.51e+02  0.05680329544  5.893861e-01 1.06199999999999999999
1  3.16e+02  0.03530488497  5.893861e-01 1.06199999999999999999
1  3.98e+02  0.02843365657  5.893861e-01 1.06199999999999999999
1  5.01e+02  0.02579712764  5.893861e-01 1.06199999999999999999
1  6.31e+02  0.02463355506  5.893861e-01 1.06199999999999999999
1  7.94e+02  0.02407100827  5.893861e-01 1.06199999999999999999
1  1.00e+03  0.02377955309  5.893861e-01 1.06199999999999999999
1  1.26e+03  0.0236201121  5.893861e-01 1.06199999999999999999
1  1.58e+03  0.02353013677  5.893861e-01 1.06199999999999999999
1  2.00e+03  0.02347711455  5.893861e-01 1.06199999999999999999
1  2.51e+03  0.02344730413  5.893861e-01 1.06199999999999999999
1  3.16e+03  0.02342922154  5.893861e-01 1.06199999999999999999
1  3.98e+03  0.02341854109  5.893861e-01 1.06199999999999999999
1  5.01e+03  0.02342219682  5.893861e-01 1.06199999999999999999
1  6.31e+03  0.02340805995  5.893861e-01 1.06199999999999999999
1  7.94e+03  0.02352973084  5.893861e-01 1.06199999999999999999
1  1.00e+04  0.02420975888  5.893861e-01 1.06199999999999999999
1  1.26e+04  0.02650765178  5.893861e-01 1.06199999999999999999
1  1.58e+04  0.03228908494  5.893861e-01 1.06199999999999999999
1  2.00e+04  0.04368602358  5.893861e-01 1.06199999999999999999
1  2.51e+04  0.06254440128  5.893861e-01 1.06199999999999999999
1  3.16e+04  0.0907649183  5.893861e-01 1.06199999999999999999
1  3.98e+04  0.1251951646  5.893861e-01 1.06199999999999999999
1  5.01e+04  0.1684569598  5.893861e-01 1.06199999999999999999
1  6.31e+04  0.212147617  5.893861e-01 1.06199999999999999999
1  7.94e+04  0.2560102574  5.893861e-01 1.06199999999999999999
1  1.00e+05  0.2939608318  5.893861e-01 1.06199999999999999999
1  1.26e+05  0.3378688046  5.893861e-01 1.06199999999999999999
1  1.58e+05  0.371972292  5.893861e-01 1.06199999999999999999
1  2.00e+05  0.3957760922  5.893861e-01 1.06199999999999999999
1  2.51e+05  0.4219036793  5.893861e-01 1.06199999999999999999
1  3.16e+05  0.4480166188  5.893861e-01 1.06199999999999999999
1  3.98e+05  0.4700482811  5.893861e-01 1.06199999999999999999
1  5.01e+05  0.4867349611  5.893861e-01 1.06199999999999999999
1  6.31e+05  0.4988139087  5.893861e-01 1.06199999999999999999
1  7.94e+05  0.5074426076  5.893861e-01 1.06199999999999999999
1  1.00e+06  0.513614513  5.893861e-01 1.06199999999999999999
1  1.26e+06  0.518067208  5.893861e-01 1.06199999999999999999
1  1.58e+06  0.5213180213  5.893861e-01 1.06199999999999999999
1  2.00e+06  0.52372158  5.893861e-01 1.06199999999999999999
1  2.51e+06  0.5255200924  5.893861e-01 1.06199999999999999999
1  3.16e+06  0.5268802441  5.893861e-01 1.06199999999999999999
1  3.98e+06  0.5279182882  5.893861e-01 1.06199999999999999999
1  5.01e+06  0.5287165677  5.893861e-01 1.06199999999999999999
1  6.31e+06  0.529334336  5.893861e-01 1.06199999999999999999
1  7.94e+06  0.5298148738  5.893861e-01 1.06199999999999999999
1  1.00e+07  0.5301902265  5.893861e-01 1.06199999999999999999
