1  1.00e-03  0.5573004233  1.600072e-01 1.04599999999999999998
1  1.26e-03  0.5572934  1.600072e-01 1.04599999999999999998
1  1.58e-03  0.5572843006  1.600072e-01 1.04599999999999999998
1  2.00e-03  0.5572730199  1.600072e-01 1.04599999999999999998
1  2.51e-03  0.5572587646  1.600072e-01 1.04599999999999999998
1  3.16e-03  0.5572408801  1.600072e-01 1.04599999999999999998
1  3.98e-03  0.5572182733  1.600072e-01 1.04599999999999999998
1  5.01e-03  0.5571898609  1.600072e-01 1.04599999999999999998
1  6.31e-03  0.557154078  1.600072e-01 1.04599999999999999998
1  7.94e-03  0.5571089932  1.600072e-01 1.04599999999999999998
1  1.00e-02  0.5570522155  1.600072e-01 1.04599999999999999998
1  1.26e-02  0.5569807066  1.600072e-01 1.04599999999999999998
1  1.58e-02  0.5568905619  1.600072e-01 1.04599999999999999998
1  2.00e-02  0.556777052  1.600072e-01 1.04599999999999999998
1  2.51e-02  0.5566341224  1.600072e-01 1.04599999999999999998
1  3.16e-02  0.5564537909  1.600072e-01 1.04599999999999999998
1  3.98e-02  0.5562264943  1.600072e-01 1.04599999999999999998
1  5.01e-02  0.5559399869  1.600072e-01 1.04599999999999999998
1  6.31e-02  0.5555784935  1.600072e-01 1.04599999999999999998
1  7.94e-02  0.5551217716  1.600072e-01 1.04599999999999999998
1  1.00e-01  0.5545450662  1.600072e-01 1.04599999999999999998
1  1.26e-01  0.5538159001  1.600072e-01 1.04599999999999999998
1  1.58e-01  0.5528929595  1.600072e-01 1.04599999999999999998
1  2.00e-01  0.551723531  1.600072e-01 1.04599999999999999998
1  2.51e-01  0.5502388889  1.600072e-01 1.04599999999999999998
1  3.16e-01  0.548349691  1.600072e-01 1.04599999999999999998
1  3.98e-01  0.5459423894  1.600072e-01 1.04599999999999999998
1  5.01e-01  0.5428649656  1.600072e-01 1.04599999999999999998
1  6.31e-01  0.5389165561  1.600072e-01 1.04599999999999999998
1  7.94e-01  0.5338382276  1.600072e-01 1.04599999999999999998
1  1.00e+00  0.5272816053  1.600072e-01 1.04599999999999999998
1  1.26e+00  0.5187967703  1.600072e-01 1.04599999999999999998
1  1.58e+00  0.507819711  1.600072e-01 1.04599999999999999998
1  2.00e+00  0.4936642874  1.600072e-01 1.04599999999999999998
1  2.51e+00  0.4756461701  1.600072e-01 1.04599999999999999998
1  3.16e+00  0.4533305346  1.600072e-01 1.04599999999999999998
1  3.98e+00  0.4270292221  1.600072e-01 1.04599999999999999998
1  5.01e+00  0.3983930221  1.600072e-01 1.04599999999999999998
1  6.31e+00  0.3704021404  1.600072e-01 1.04599999999999999998
1  7.94e+00  0.3461860003  1.600072e-01 1.04599999999999999998
1  1.00e+01  0.3275482234  1.600072e-01 1.04599999999999999998
1  1.26e+01  0.3144076341  1.600072e-01 1.04599999999999999998
1  1.58e+01  0.3056591815  1.600072e-01 1.04599999999999999998
1  2.00e+01  0.2999550343  1.600072e-01 1.04599999999999999998
1  2.51e+01  0.2961024387  1.600072e-01 1.04599999999999999998
1  3.16e+01  0.2933259097  1.600072e-01 1.04599999999999999998
1  3.98e+01  0.290999833  1.600072e-01 1.04599999999999999998
1  5.01e+01  0.2886328522  1.600072e-01 1.04599999999999999998
1  6.31e+01  0.2856192268  1.600072e-01 1.04599999999999999998
1  7.94e+01  0.2809494253  1.600072e-01 1.04599999999999999998
1  1.00e+02  0.2724292694  1.600072e-01 1.04599999999999999998
1  1.26e+02  0.2536135349  1.600072e-01 1.04599999999999999998
1  1.58e+02  0.2057219149  1.600072e-01 1.04599999999999999998
1  2.00e+02  0.1158676927  1.600072e-01 1.04599999999999999998
1  2.51e+02  0.0561751597  1.600072e-01 1.04599999999999999998
1  3.16e+02  0.03672661563  1.600072e-01 1.04599999999999999998
1  3.98e+02  0.03034111085  1.600072e-01 1.04599999999999999998
1  5.01e+02  0.02787089494  1.600072e-01 1.04599999999999999998
1  6.31e+02  0.02677323617  1.600072e-01 1.04599999999999999998
1  7.94e+02  0.02623883292  1.600072e-01 1.04599999999999999998
1  1.00e+03  0.02596150943  1.600072e-01 1.04599999999999999998
1  1.26e+03  0.02581121911  1.600072e-01 1.04599999999999999998
1  1.58e+03  0.02572541059  1.600072e-01 1.04599999999999999998
1  2.00e+03  0.02567575703  1.600072e-01 1.04599999999999999998
1  2.51e+03  0.02564653062  1.600072e-01 1.04599999999999999998
1  3.16e+03  0.02562942287  1.600072e-01 1.04599999999999999998
1  3.98e+03  0.02562060586  1.600072e-01 1.04599999999999999998
1  5.01e+03  0.02561552715  1.600072e-01 1.04599999999999999998
1  6.31e+03  0.02560719789  1.600072e-01 1.04599999999999999998
1  7.94e+03  0.02568354881  1.600072e-01 1.04599999999999999998
1  1.00e+04  0.0260833485  1.600072e-01 1.04599999999999999998
1  1.26e+04  0.02754935212  1.600072e-01 1.04599999999999999998
1  1.58e+04  0.0315874227  1.600072e-01 1.04599999999999999998
1  2.00e+04  0.04097258678  1.600072e-01 1.04599999999999999998
1  2.51e+04  0.05727685651  1.600072e-01 1.04599999999999999998
1  3.16e+04  0.08292087094  1.600072e-01 1.04599999999999999998
1  3.98e+04  0.1161183689  1.600072e-01 1.04599999999999999998
1  5.01e+04  0.1596326526  1.600072e-01 1.04599999999999999998
1  6.31e+04  0.204780963  1.600072e-01 1.04599999999999999998
1  7.94e+04  0.2508865678  1.600072e-01 1.04599999999999999998
1  1.00e+05  0.2917248757  1.600072e-01 1.04599999999999999998
1  1.26e+05  0.3394445269  1.600072e-01 1.04599999999999999998
1  1.58e+05  0.3771982075  1.600072e-01 1.04599999999999999998
1  2.00e+05  0.4035697351  1.600072e-01 1.04599999999999999998
1  2.51e+05  0.4327121402  1.600072e-01 1.04599999999999999998
1  3.16e+05  0.4621007661  1.600072e-01 1.04599999999999999998
1  3.98e+05  0.4870444107  1.600072e-01 1.04599999999999999998
1  5.01e+05  0.5060136766  1.600072e-01 1.04599999999999999998
1  6.31e+05  0.5197848868  1.600072e-01 1.04599999999999999998
1  7.94e+05  0.5296428884  1.600072e-01 1.04599999999999999998
1  1.00e+06  0.536704796  1.600072e-01 1.04599999999999999998
1  1.26e+06  0.5418054293  1.600072e-01 1.04599999999999999998
1  1.58e+06  0.5455325868  1.600072e-01 1.04599999999999999998
1  2.00e+06  0.5482902437  1.600072e-01 1.04599999999999999998
1  2.51e+06  0.5503548329  1.600072e-01 1.04599999999999999998
1  3.16e+06  0.551916873  1.600072e-01 1.04599999999999999998
1  3.98e+06  0.5531093942  1.600072e-01 1.04599999999999999998
1  5.01e+06  0.5540267127  1.600072e-01 1.04599999999999999998
1  6.31e+06  0.5547367507  1.600072e-01 1.04599999999999999998
1  7.94e+06  0.5552891531  1.600072e-01 1.04599999999999999998
1  1.00e+07  0.5557206966  1.600072e-01 1.04599999999999999998
