1  1.00e-03  0.5732016388  5.383282e-01 0.9700000000000001
1  1.05e-03  0.5732003745  5.383282e-01 0.9700000000000001
1  1.10e-03  0.57319885  5.383282e-01 0.9700000000000001
1  1.15e-03  0.5731974305  5.383282e-01 0.9700000000000001
1  1.20e-03  0.5731958223  5.383282e-01 0.9700000000000001
1  1.26e-03  0.5731942035  5.383282e-01 0.9700000000000001
1  1.32e-03  0.5731923664  5.383282e-01 0.9700000000000001
1  1.38e-03  0.57319053  5.383282e-01 0.9700000000000001
1  1.45e-03  0.5731886353  5.383282e-01 0.9700000000000001
1  1.51e-03  0.5731867537  5.383282e-01 0.9700000000000001
1  1.58e-03  0.5731845914  5.383282e-01 0.9700000000000001
1  1.66e-03  0.5731824415  5.383282e-01 0.9700000000000001
1  1.74e-03  0.5731801763  5.383282e-01 0.9700000000000001
1  1.82e-03  0.5731777701  5.383282e-01 0.9700000000000001
1  1.91e-03  0.5731753173  5.383282e-01 0.9700000000000001
1  2.00e-03  0.573172677  5.383282e-01 0.9700000000000001
1  2.09e-03  0.5731698718  5.383282e-01 0.9700000000000001
1  2.19e-03  0.573167021  5.383282e-01 0.9700000000000001
1  2.29e-03  0.573164041  5.383282e-01 0.9700000000000001
1  2.40e-03  0.5731609298  5.383282e-01 0.9700000000000001
1  2.51e-03  0.5731575907  5.383282e-01 0.9700000000000001
1  2.63e-03  0.5731541578  5.383282e-01 0.9700000000000001
1  2.75e-03  0.5731505331  5.383282e-01 0.9700000000000001
1  2.88e-03  0.5731467581  5.383282e-01 0.9700000000000001
1  3.02e-03  0.57314279  5.383282e-01 0.9700000000000001
1  3.16e-03  0.5731386766  5.383282e-01 0.9700000000000001
1  3.31e-03  0.5731343059  5.383282e-01 0.9700000000000001
1  3.47e-03  0.5731297613  5.383282e-01 0.9700000000000001
1  3.63e-03  0.5731250127  5.383282e-01 0.9700000000000001
1  3.80e-03  0.573120037  5.383282e-01 0.9700000000000001
1  3.98e-03  0.5731147982  5.383282e-01 0.9700000000000001
1  4.17e-03  0.5731093469  5.383282e-01 0.9700000000000001
1  4.37e-03  0.5731036279  5.383282e-01 0.9700000000000001
1  4.57e-03  0.5730976229  5.383282e-01 0.9700000000000001
1  4.79e-03  0.5730913288  5.383282e-01 0.9700000000000001
1  5.01e-03  0.5730847679  5.383282e-01 0.9700000000000001
1  5.25e-03  0.5730778954  5.383282e-01 0.9700000000000001
1  5.50e-03  0.5730706705  5.383282e-01 0.9700000000000001
1  5.75e-03  0.5730631207  5.383282e-01 0.9700000000000001
1  6.03e-03  0.5730552222  5.383282e-01 0.9700000000000001
1  6.31e-03  0.5730469198  5.383282e-01 0.9700000000000001
1  6.61e-03  0.5730382634  5.383282e-01 0.9700000000000001
1  6.92e-03  0.5730291885  5.383282e-01 0.9700000000000001
1  7.24e-03  0.5730196835  5.383282e-01 0.9700000000000001
1  7.59e-03  0.5730097086  5.383282e-01 0.9700000000000001
1  7.94e-03  0.5729992793  5.383282e-01 0.9700000000000001
1  8.32e-03  0.5729883632  5.383282e-01 0.9700000000000001
1  8.71e-03  0.5729769028  5.383282e-01 0.9700000000000001
1  9.12e-03  0.5729649573  5.383282e-01 0.9700000000000001
1  9.55e-03  0.57295242  5.383282e-01 0.9700000000000001
1  1.00e-02  0.572939241  5.383282e-01 0.9700000000000001
1  1.05e-02  0.5729255277  5.383282e-01 0.9700000000000001
1  1.10e-02  0.5729111047  5.383282e-01 0.9700000000000001
1  1.15e-02  0.5728960351  5.383282e-01 0.9700000000000001
1  1.20e-02  0.5728802349  5.383282e-01 0.9700000000000001
1  1.26e-02  0.5728636403  5.383282e-01 0.9700000000000001
1  1.32e-02  0.5728463527  5.383282e-01 0.9700000000000001
1  1.38e-02  0.5728282186  5.383282e-01 0.9700000000000001
1  1.45e-02  0.5728091951  5.383282e-01 0.9700000000000001
1  1.51e-02  0.5727892622  5.383282e-01 0.9700000000000001
1  1.58e-02  0.5727684343  5.383282e-01 0.9700000000000001
1  1.66e-02  0.5727466304  5.383282e-01 0.9700000000000001
1  1.74e-02  0.5727236976  5.383282e-01 0.9700000000000001
1  1.82e-02  0.5726997911  5.383282e-01 0.9700000000000001
1  1.91e-02  0.5726747099  5.383282e-01 0.9700000000000001
1  2.00e-02  0.5726484795  5.383282e-01 0.9700000000000001
1  2.09e-02  0.5726208863  5.383282e-01 0.9700000000000001
1  2.19e-02  0.5725920868  5.383282e-01 0.9700000000000001
1  2.29e-02  0.5725618931  5.383282e-01 0.9700000000000001
1  2.40e-02  0.5725303607  5.383282e-01 0.9700000000000001
1  2.51e-02  0.572497196  5.383282e-01 0.9700000000000001
1  2.63e-02  0.5724625584  5.383282e-01 0.9700000000000001
1  2.75e-02  0.5724262901  5.383282e-01 0.9700000000000001
1  2.88e-02  0.5723882396  5.383282e-01 0.9700000000000001
1  3.02e-02  0.5723483243  5.383282e-01 0.9700000000000001
1  3.16e-02  0.572306606  5.383282e-01 0.9700000000000001
1  3.31e-02  0.5722628576  5.383282e-01 0.9700000000000001
1  3.47e-02  0.5722170644  5.383282e-01 0.9700000000000001
1  3.63e-02  0.5721691206  5.383282e-01 0.9700000000000001
1  3.80e-02  0.572118869  5.383282e-01 0.9700000000000001
1  3.98e-02  0.5720663875  5.383282e-01 0.9700000000000001
1  4.17e-02  0.5720112511  5.383282e-01 0.9700000000000001
1  4.37e-02  0.571953357  5.383282e-01 0.9700000000000001
1  4.57e-02  0.5718928579  5.383282e-01 0.9700000000000001
1  4.79e-02  0.5718295912  5.383282e-01 0.9700000000000001
1  5.01e-02  0.5717632839  5.383282e-01 0.9700000000000001
1  5.25e-02  0.5716937535  5.383282e-01 0.9700000000000001
1  5.50e-02  0.5716208191  5.383282e-01 0.9700000000000001
1  5.75e-02  0.5715444219  5.383282e-01 0.9700000000000001
1  6.03e-02  0.5714644407  5.383282e-01 0.9700000000000001
1  6.31e-02  0.5713806783  5.383282e-01 0.9700000000000001
1  6.61e-02  0.5712929932  5.383282e-01 0.9700000000000001
1  6.92e-02  0.5712008306  5.383282e-01 0.9700000000000001
1  7.24e-02  0.5711042886  5.383282e-01 0.9700000000000001
1  7.59e-02  0.5710032975  5.383282e-01 0.9700000000000001
1  7.94e-02  0.5708977285  5.383282e-01 0.9700000000000001
1  8.32e-02  0.570786851  5.383282e-01 0.9700000000000001
1  8.71e-02  0.5706705066  5.383282e-01 0.9700000000000001
1  9.12e-02  0.5705484037  5.383282e-01 0.9700000000000001
1  9.55e-02  0.5704210486  5.383282e-01 0.9700000000000001
1  1.00e-01  0.5702872686  5.383282e-01 0.9700000000000001
1  1.05e-01  0.570146667  5.383282e-01 0.9700000000000001
1  1.10e-01  0.5700000585  5.383282e-01 0.9700000000000001
1  1.15e-01  0.569845986  5.383282e-01 0.9700000000000001
1  1.20e-01  0.5696845055  5.383282e-01 0.9700000000000001
1  1.26e-01  0.5695150947  5.383282e-01 0.9700000000000001
1  1.32e-01  0.5693372603  5.383282e-01 0.9700000000000001
1  1.38e-01  0.569151567  5.383282e-01 0.9700000000000001
1  1.45e-01  0.5689564099  5.383282e-01 0.9700000000000001
1  1.51e-01  0.5687512456  5.383282e-01 0.9700000000000001
1  1.58e-01  0.5685370184  5.383282e-01 0.9700000000000001
1  1.66e-01  0.5683122488  5.383282e-01 0.9700000000000001
1  1.74e-01  0.5680761531  5.383282e-01 0.9700000000000001
1  1.82e-01  0.5678288368  5.383282e-01 0.9700000000000001
1  1.91e-01  0.56756871  5.383282e-01 0.9700000000000001
1  2.00e-01  0.567296175  5.383282e-01 0.9700000000000001
1  2.09e-01  0.5670106144  5.383282e-01 0.9700000000000001
1  2.19e-01  0.5667106981  5.383282e-01 0.9700000000000001
1  2.29e-01  0.5663965925  5.383282e-01 0.9700000000000001
1  2.40e-01  0.5660662413  5.383282e-01 0.9700000000000001
1  2.51e-01  0.5657210298  5.383282e-01 0.9700000000000001
1  2.63e-01  0.5653564867  5.383282e-01 0.9700000000000001
1  2.75e-01  0.5649750074  5.383282e-01 0.9700000000000001
1  2.88e-01  0.5645752599  5.383282e-01 0.9700000000000001
1  3.02e-01  0.5641554819  5.383282e-01 0.9700000000000001
1  3.16e-01  0.563713077  5.383282e-01 0.9700000000000001
1  3.31e-01  0.563250744  5.383282e-01 0.9700000000000001
1  3.47e-01  0.5627626309  5.383282e-01 0.9700000000000001
1  3.63e-01  0.5622517345  5.383282e-01 0.9700000000000001
1  3.80e-01  0.5617141886  5.383282e-01 0.9700000000000001
1  3.98e-01  0.5611517399  5.383282e-01 0.9700000000000001
1  4.17e-01  0.5605588903  5.383282e-01 0.9700000000000001
1  4.37e-01  0.5599344264  5.383282e-01 0.9700000000000001
1  4.57e-01  0.5592804342  5.383282e-01 0.9700000000000001
1  4.79e-01  0.5585930635  5.383282e-01 0.9700000000000001
1  5.01e-01  0.5578679144  5.383282e-01 0.9700000000000001
1  5.25e-01  0.5571078809  5.383282e-01 0.9700000000000001
1  5.50e-01  0.5563085375  5.383282e-01 0.9700000000000001
1  5.75e-01  0.5554646114  5.383282e-01 0.9700000000000001
1  6.03e-01  0.5545813543  5.383282e-01 0.9700000000000001
1  6.31e-01  0.5536498004  5.383282e-01 0.9700000000000001
1  6.61e-01  0.5526673664  5.383282e-01 0.9700000000000001
1  6.92e-01  0.5516352148  5.383282e-01 0.9700000000000001
1  7.24e-01  0.5505514502  5.383282e-01 0.9700000000000001
1  7.59e-01  0.5494086284  5.383282e-01 0.9700000000000001
1  7.94e-01  0.5482015534  5.383282e-01 0.9700000000000001
1  8.32e-01  0.5469328733  5.383282e-01 0.9700000000000001
1  8.71e-01  0.5455960138  5.383282e-01 0.9700000000000001
1  9.12e-01  0.5441908273  5.383282e-01 0.9700000000000001
1  9.55e-01  0.5427050834  5.383282e-01 0.9700000000000001
1  1.00e+00  0.5411422841  5.383282e-01 0.9700000000000001
1  1.05e+00  0.5394953624  5.383282e-01 0.9700000000000001
1  1.10e+00  0.5377581239  5.383282e-01 0.9700000000000001
1  1.15e+00  0.5359251836  5.383282e-01 0.9700000000000001
1  1.20e+00  0.5339952691  5.383282e-01 0.9700000000000001
1  1.26e+00  0.5319588942  5.383282e-01 0.9700000000000001
1  1.32e+00  0.5298146978  5.383282e-01 0.9700000000000001
1  1.38e+00  0.527551317  5.383282e-01 0.9700000000000001
1  1.45e+00  0.5251615918  5.383282e-01 0.9700000000000001
1  1.51e+00  0.5226438312  5.383282e-01 0.9700000000000001
1  1.58e+00  0.5199978331  5.383282e-01 0.9700000000000001
1  1.66e+00  0.5172082392  5.383282e-01 0.9700000000000001
1  1.74e+00  0.5142500135  5.383282e-01 0.9700000000000001
1  1.82e+00  0.5111421584  5.383282e-01 0.9700000000000001
1  1.91e+00  0.5078739637  5.383282e-01 0.9700000000000001
1  2.00e+00  0.5044407261  5.383282e-01 0.9700000000000001
1  2.09e+00  0.5008130306  5.383282e-01 0.9700000000000001
1  2.19e+00  0.4970097593  5.383282e-01 0.9700000000000001
1  2.29e+00  0.4930113431  5.383282e-01 0.9700000000000001
1  2.40e+00  0.4888166602  5.383282e-01 0.9700000000000001
1  2.51e+00  0.4844291049  5.383282e-01 0.9700000000000001
1  2.63e+00  0.4798208739  5.383282e-01 0.9700000000000001
1  2.75e+00  0.4750190384  5.383282e-01 0.9700000000000001
1  2.88e+00  0.4699975303  5.383282e-01 0.9700000000000001
1  3.02e+00  0.4647630867  5.383282e-01 0.9700000000000001
1  3.16e+00  0.4593388869  5.383282e-01 0.9700000000000001
1  3.31e+00  0.453714354  5.383282e-01 0.9700000000000001
1  3.47e+00  0.4478941041  5.383282e-01 0.9700000000000001
1  3.63e+00  0.4418875943  5.383282e-01 0.9700000000000001
1  3.80e+00  0.4357351227  5.383282e-01 0.9700000000000001
1  3.98e+00  0.429431209  5.383282e-01 0.9700000000000001
1  4.17e+00  0.4229794608  5.383282e-01 0.9700000000000001
1  4.37e+00  0.4164486649  5.383282e-01 0.9700000000000001
1  4.57e+00  0.4098380793  5.383282e-01 0.9700000000000001
1  4.79e+00  0.403203029  5.383282e-01 0.9700000000000001
1  5.01e+00  0.3965316549  5.383282e-01 0.9700000000000001
1  5.25e+00  0.3898833984  5.383282e-01 0.9700000000000001
1  5.50e+00  0.3833174581  5.383282e-01 0.9700000000000001
1  5.75e+00  0.3768127531  5.383282e-01 0.9700000000000001
1  6.03e+00  0.3704422874  5.383282e-01 0.9700000000000001
1  6.31e+00  0.3642246055  5.383282e-01 0.9700000000000001
1  6.61e+00  0.3582177949  5.383282e-01 0.9700000000000001
1  6.92e+00  0.3523832959  5.383282e-01 0.9700000000000001
1  7.24e+00  0.3468252587  5.383282e-01 0.9700000000000001
1  7.59e+00  0.3414710199  5.383282e-01 0.9700000000000001
1  7.94e+00  0.3364194209  5.383282e-01 0.9700000000000001
1  8.32e+00  0.3316242009  5.383282e-01 0.9700000000000001
1  8.71e+00  0.3271084886  5.383282e-01 0.9700000000000001
1  9.12e+00  0.3228721325  5.383282e-01 0.9700000000000001
1  9.55e+00  0.3189090953  5.383282e-01 0.9700000000000001
1  1.00e+01  0.3152143812  5.383282e-01 0.9700000000000001
1  1.05e+01  0.3117739585  5.383282e-01 0.9700000000000001
1  1.10e+01  0.3086210826  5.383282e-01 0.9700000000000001
1  1.15e+01  0.3056829221  5.383282e-01 0.9700000000000001
1  1.20e+01  0.3029578339  5.383282e-01 0.9700000000000001
1  1.26e+01  0.300489957  5.383282e-01 0.9700000000000001
1  1.32e+01  0.29824565  5.383282e-01 0.9700000000000001
1  1.38e+01  0.2961496633  5.383282e-01 0.9700000000000001
1  1.45e+01  0.2942180568  5.383282e-01 0.9700000000000001
1  1.51e+01  0.2924901399  5.383282e-01 0.9700000000000001
1  1.58e+01  0.2908654811  5.383282e-01 0.9700000000000001
1  1.66e+01  0.2894093611  5.383282e-01 0.9700000000000001
1  1.74e+01  0.2880590132  5.383282e-01 0.9700000000000001
1  1.82e+01  0.2868503812  5.383282e-01 0.9700000000000001
1  1.91e+01  0.2857338933  5.383282e-01 0.9700000000000001
1  2.00e+01  0.2846991482  5.383282e-01 0.9700000000000001
1  2.09e+01  0.2837443223  5.383282e-01 0.9700000000000001
1  2.19e+01  0.2828577089  5.383282e-01 0.9700000000000001
1  2.29e+01  0.2820735788  5.383282e-01 0.9700000000000001
1  2.40e+01  0.2813102602  5.383282e-01 0.9700000000000001
1  2.51e+01  0.2806231264  5.383282e-01 0.9700000000000001
1  2.63e+01  0.2800062789  5.383282e-01 0.9700000000000001
1  2.75e+01  0.2794049847  5.383282e-01 0.9700000000000001
1  2.88e+01  0.2788343434  5.383282e-01 0.9700000000000001
1  3.02e+01  0.2783136346  5.383282e-01 0.9700000000000001
1  3.16e+01  0.2778063514  5.383282e-01 0.9700000000000001
1  3.31e+01  0.2773289994  5.383282e-01 0.9700000000000001
1  3.47e+01  0.2768474687  5.383282e-01 0.9700000000000001
1  3.63e+01  0.2763935608  5.383282e-01 0.9700000000000001
1  3.80e+01  0.2759739592  5.383282e-01 0.9700000000000001
1  3.98e+01  0.275515429  5.383282e-01 0.9700000000000001
1  4.17e+01  0.2750899331  5.383282e-01 0.9700000000000001
1  4.37e+01  0.2746690516  5.383282e-01 0.9700000000000001
1  4.57e+01  0.2742290111  5.383282e-01 0.9700000000000001
1  4.79e+01  0.2737620757  5.383282e-01 0.9700000000000001
1  5.01e+01  0.2733168623  5.383282e-01 0.9700000000000001
1  5.25e+01  0.2728157573  5.383282e-01 0.9700000000000001
1  5.50e+01  0.2723152002  5.383282e-01 0.9700000000000001
1  5.75e+01  0.2717839055  5.383282e-01 0.9700000000000001
1  6.03e+01  0.2712169577  5.383282e-01 0.9700000000000001
1  6.31e+01  0.2705772836  5.383282e-01 0.9700000000000001
1  6.61e+01  0.2699231356  5.383282e-01 0.9700000000000001
1  6.92e+01  0.2691691553  5.383282e-01 0.9700000000000001
1  7.24e+01  0.2683756825  5.383282e-01 0.9700000000000001
1  7.59e+01  0.2674535879  5.383282e-01 0.9700000000000001
1  7.94e+01  0.2664554582  5.383282e-01 0.9700000000000001
1  8.32e+01  0.2653185153  5.383282e-01 0.9700000000000001
1  8.71e+01  0.2640360759  5.383282e-01 0.9700000000000001
1  9.12e+01  0.262546376  5.383282e-01 0.9700000000000001
1  9.55e+01  0.2608708264  5.383282e-01 0.9700000000000001
1  1.00e+02  0.2588999038  5.383282e-01 0.9700000000000001
1  1.05e+02  0.2565754756  5.383282e-01 0.9700000000000001
1  1.10e+02  0.2538499226  5.383282e-01 0.9700000000000001
1  1.15e+02  0.2505857421  5.383282e-01 0.9700000000000001
1  1.20e+02  0.2466811448  5.383282e-01 0.9700000000000001
1  1.26e+02  0.2419663029  5.383282e-01 0.9700000000000001
1  1.32e+02  0.2362159312  5.383282e-01 0.9700000000000001
1  1.38e+02  0.2291496206  5.383282e-01 0.9700000000000001
1  1.45e+02  0.220487327  5.383282e-01 0.9700000000000001
1  1.51e+02  0.2099191163  5.383282e-01 0.9700000000000001
1  1.58e+02  0.1971438594  5.383282e-01 0.9700000000000001
1  1.66e+02  0.1820429096  5.383282e-01 0.9700000000000001
1  1.74e+02  0.1648198234  5.383282e-01 0.9700000000000001
1  1.82e+02  0.1461275063  5.383282e-01 0.9700000000000001
1  1.91e+02  0.127037229  5.383282e-01 0.9700000000000001
1  2.00e+02  0.1087939361  5.383282e-01 0.9700000000000001
1  2.09e+02  0.09243056345  5.383282e-01 0.9700000000000001
1  2.19e+02  0.07854439119  5.383282e-01 0.9700000000000001
1  2.29e+02  0.06719421696  5.383282e-01 0.9700000000000001
1  2.40e+02  0.05817156449  5.383282e-01 0.9700000000000001
1  2.51e+02  0.05110812949  5.383282e-01 0.9700000000000001
1  2.63e+02  0.04561304836  5.383282e-01 0.9700000000000001
1  2.75e+02  0.04133116406  5.383282e-01 0.9700000000000001
1  2.88e+02  0.0379828489  5.383282e-01 0.9700000000000001
1  3.02e+02  0.03535226357  5.383282e-01 0.9700000000000001
1  3.16e+02  0.0332715358  5.383282e-01 0.9700000000000001
1  3.31e+02  0.03160556629  5.383282e-01 0.9700000000000001
1  3.47e+02  0.03026775999  5.383282e-01 0.9700000000000001
1  3.63e+02  0.02918266763  5.383282e-01 0.9700000000000001
1  3.80e+02  0.02829685212  5.383282e-01 0.9700000000000001
1  3.98e+02  0.02756840736  5.383282e-01 0.9700000000000001
1  4.17e+02  0.02696326455  5.383282e-01 0.9700000000000001
1  4.37e+02  0.02646076763  5.383282e-01 0.9700000000000001
1  4.57e+02  0.02603856215  5.383282e-01 0.9700000000000001
1  4.79e+02  0.02568186614  5.383282e-01 0.9700000000000001
1  5.01e+02  0.0253823774  5.383282e-01 0.9700000000000001
1  5.25e+02  0.02512691305  5.383282e-01 0.9700000000000001
1  5.50e+02  0.02490839955  5.383282e-01 0.9700000000000001
1  5.75e+02  0.0247217269  5.383282e-01 0.9700000000000001
1  6.03e+02  0.02456046238  5.383282e-01 0.9700000000000001
1  6.31e+02  0.02442184763  5.383282e-01 0.9700000000000001
1  6.61e+02  0.02430251589  5.383282e-01 0.9700000000000001
1  6.92e+02  0.02419734717  5.383282e-01 0.9700000000000001
1  7.24e+02  0.02410387629  5.383282e-01 0.9700000000000001
1  7.59e+02  0.02402646066  5.383282e-01 0.9700000000000001
1  7.94e+02  0.02395482296  5.383282e-01 0.9700000000000001
1  8.32e+02  0.02389443996  5.383282e-01 0.9700000000000001
1  8.71e+02  0.02384128388  5.383282e-01 0.9700000000000001
1  9.12e+02  0.02379277703  5.383282e-01 0.9700000000000001
1  9.55e+02  0.02374973216  5.383282e-01 0.9700000000000001
1  1.00e+03  0.02371325935  5.383282e-01 0.9700000000000001
1  1.05e+03  0.02368108681  5.383282e-01 0.9700000000000001
1  1.10e+03  0.02365199264  5.383282e-01 0.9700000000000001
1  1.15e+03  0.02362511745  5.383282e-01 0.9700000000000001
1  1.20e+03  0.02360169632  5.383282e-01 0.9700000000000001
1  1.26e+03  0.02358212273  5.383282e-01 0.9700000000000001
1  1.32e+03  0.02356295988  5.383282e-01 0.9700000000000001
1  1.38e+03  0.02354706206  5.383282e-01 0.9700000000000001
1  1.45e+03  0.02353240234  5.383282e-01 0.9700000000000001
1  1.51e+03  0.02351953649  5.383282e-01 0.9700000000000001
1  1.58e+03  0.02350689642  5.383282e-01 0.9700000000000001
1  1.66e+03  0.02349625857  5.383282e-01 0.9700000000000001
1  1.74e+03  0.02348771286  5.383282e-01 0.9700000000000001
1  1.82e+03  0.02347842156  5.383282e-01 0.9700000000000001
1  1.91e+03  0.02347099875  5.383282e-01 0.9700000000000001
1  2.00e+03  0.02346414861  5.383282e-01 0.9700000000000001
1  2.09e+03  0.02345772123  5.383282e-01 0.9700000000000001
1  2.19e+03  0.02345263603  5.383282e-01 0.9700000000000001
1  2.29e+03  0.02344734635  5.383282e-01 0.9700000000000001
1  2.40e+03  0.0234426753  5.383282e-01 0.9700000000000001
1  2.51e+03  0.02343966681  5.383282e-01 0.9700000000000001
1  2.63e+03  0.02343527899  5.383282e-01 0.9700000000000001
1  2.75e+03  0.02343273262  5.383282e-01 0.9700000000000001
1  2.88e+03  0.02342902572  5.383282e-01 0.9700000000000001
1  3.02e+03  0.02342713311  5.383282e-01 0.9700000000000001
1  3.16e+03  0.0234249386  5.383282e-01 0.9700000000000001
1  3.31e+03  0.02342237448  5.383282e-01 0.9700000000000001
1  3.47e+03  0.02342128637  5.383282e-01 0.9700000000000001
1  3.63e+03  0.02341813496  5.383282e-01 0.9700000000000001
1  3.80e+03  0.02341747931  5.383282e-01 0.9700000000000001
1  3.98e+03  0.02341574115  5.383282e-01 0.9700000000000001
1  4.17e+03  0.02341638453  5.383282e-01 0.9700000000000001
1  4.37e+03  0.02341669291  5.383282e-01 0.9700000000000001
1  4.57e+03  0.0234139664  5.383282e-01 0.9700000000000001
1  4.79e+03  0.0234191534  5.383282e-01 0.9700000000000001
1  5.01e+03  0.02341685534  5.383282e-01 0.9700000000000001
1  5.25e+03  0.02340564805  5.383282e-01 0.9700000000000001
1  5.50e+03  0.02340181085  5.383282e-01 0.9700000000000001
1  5.75e+03  0.02342831808  5.383282e-01 0.9700000000000001
1  6.03e+03  0.02342339902  5.383282e-01 0.9700000000000001
1  6.31e+03  0.02341149999  5.383282e-01 0.9700000000000001
1  6.61e+03  0.0234595838  5.383282e-01 0.9700000000000001
1  6.92e+03  0.02342569013  5.383282e-01 0.9700000000000001
1  7.24e+03  0.02349251332  5.383282e-01 0.9700000000000001
1  7.59e+03  0.02351338153  5.383282e-01 0.9700000000000001
1  7.94e+03  0.02350444381  5.383282e-01 0.9700000000000001
1  8.32e+03  0.023640481  5.383282e-01 0.9700000000000001
1  8.71e+03  0.02372707266  5.383282e-01 0.9700000000000001
1  9.12e+03  0.02376087153  5.383282e-01 0.9700000000000001
1  9.55e+03  0.02387183121  5.383282e-01 0.9700000000000001
1  1.00e+04  0.02410021299  5.383282e-01 0.9700000000000001
1  1.05e+04  0.02437962532  5.383282e-01 0.9700000000000001
1  1.10e+04  0.02476245363  5.383282e-01 0.9700000000000001
1  1.15e+04  0.02515530064  5.383282e-01 0.9700000000000001
1  1.20e+04  0.02572602423  5.383282e-01 0.9700000000000001
1  1.26e+04  0.02631008257  5.383282e-01 0.9700000000000001
1  1.32e+04  0.02696119844  5.383282e-01 0.9700000000000001
1  1.38e+04  0.0277852715  5.383282e-01 0.9700000000000001
1  1.45e+04  0.02887664873  5.383282e-01 0.9700000000000001
1  1.51e+04  0.03035737441  5.383282e-01 0.9700000000000001
1  1.58e+04  0.03211872777  5.383282e-01 0.9700000000000001
1  1.66e+04  0.03386585169  5.383282e-01 0.9700000000000001
1  1.74e+04  0.03557781195  5.383282e-01 0.9700000000000001
1  1.82e+04  0.03776799843  5.383282e-01 0.9700000000000001
1  1.91e+04  0.04082027893  5.383282e-01 0.9700000000000001
1  2.00e+04  0.04388538513  5.383282e-01 0.9700000000000001
1  2.09e+04  0.04694997456  5.383282e-01 0.9700000000000001
1  2.19e+04  0.05074795535  5.383282e-01 0.9700000000000001
1  2.29e+04  0.05469609583  5.383282e-01 0.9700000000000001
1  2.40e+04  0.05937951231  5.383282e-01 0.9700000000000001
1  2.51e+04  0.06373181705  5.383282e-01 0.9700000000000001
1  2.63e+04  0.06948197036  5.383282e-01 0.9700000000000001
1  2.75e+04  0.07438448705  5.383282e-01 0.9700000000000001
1  2.88e+04  0.08100523586  5.383282e-01 0.9700000000000001
1  3.02e+04  0.08663611254  5.383282e-01 0.9700000000000001
1  3.16e+04  0.09372747111  5.383282e-01 0.9700000000000001
1  3.31e+04  0.1007637933  5.383282e-01 0.9700000000000001
1  3.47e+04  0.1073320888  5.383282e-01 0.9700000000000001
1  3.63e+04  0.1161431875  5.383282e-01 0.9700000000000001
1  3.80e+04  0.1233832033  5.383282e-01 0.9700000000000001
1  3.98e+04  0.1306918809  5.383282e-01 0.9700000000000001
1  4.17e+04  0.1411197853  5.383282e-01 0.9700000000000001
1  4.37e+04  0.1490256391  5.383282e-01 0.9700000000000001
1  4.57e+04  0.1559744384  5.383282e-01 0.9700000000000001
1  4.79e+04  0.1668811054  5.383282e-01 0.9700000000000001
1  5.01e+04  0.1774720341  5.383282e-01 0.9700000000000001
1  5.25e+04  0.1848271186  5.383282e-01 0.9700000000000001
1  5.50e+04  0.1928087161  5.383282e-01 0.9700000000000001
1  5.75e+04  0.2035157517  5.383282e-01 0.9700000000000001
1  6.03e+04  0.2148726093  5.383282e-01 0.9700000000000001
1  6.31e+04  0.2248128169  5.383282e-01 0.9700000000000001
1  6.61e+04  0.2330732552  5.383282e-01 0.9700000000000001
1  6.92e+04  0.2407929082  5.383282e-01 0.9700000000000001
1  7.24e+04  0.2496639546  5.383282e-01 0.9700000000000001
1  7.59e+04  0.2605003735  5.383282e-01 0.9700000000000001
1  7.94e+04  0.2723117927  5.383282e-01 0.9700000000000001
1  8.32e+04  0.2832181358  5.383282e-01 0.9700000000000001
1  8.71e+04  0.2921489686  5.383282e-01 0.9700000000000001
1  9.12e+04  0.2994746727  5.383282e-01 0.9700000000000001
1  9.55e+04  0.3063514413  5.383282e-01 0.9700000000000001
1  1.00e+05  0.3137842476  5.383282e-01 0.9700000000000001
1  1.05e+05  0.322194657  5.383282e-01 0.9700000000000001
1  1.10e+05  0.3315156373  5.383282e-01 0.9700000000000001
1  1.15e+05  0.3414370931  5.383282e-01 0.9700000000000001
1  1.20e+05  0.3515559326  5.383282e-01 0.9700000000000001
1  1.26e+05  0.3614427821  5.383282e-01 0.9700000000000001
1  1.32e+05  0.3707091607  5.383282e-01 0.9700000000000001
1  1.38e+05  0.3790881541  5.383282e-01 0.9700000000000001
1  1.45e+05  0.3864875849  5.383282e-01 0.9700000000000001
1  1.51e+05  0.392986725  5.383282e-01 0.9700000000000001
1  1.58e+05  0.39878435  5.383282e-01 0.9700000000000001
1  1.66e+05  0.4041274638  5.383282e-01 0.9700000000000001
1  1.74e+05  0.4092491175  5.383282e-01 0.9700000000000001
1  1.82e+05  0.4143307182  5.383282e-01 0.9700000000000001
1  1.91e+05  0.4194901787  5.383282e-01 0.9700000000000001
1  2.00e+05  0.4247883155  5.383282e-01 0.9700000000000001
1  2.09e+05  0.4302434234  5.383282e-01 0.9700000000000001
1  2.19e+05  0.4358461306  5.383282e-01 0.9700000000000001
1  2.29e+05  0.4415705984  5.383282e-01 0.9700000000000001
1  2.40e+05  0.4473815056  5.383282e-01 0.9700000000000001
1  2.51e+05  0.4532380457  5.383282e-01 0.9700000000000001
1  2.63e+05  0.4590964766  5.383282e-01 0.9700000000000001
1  2.75e+05  0.4649122688  5.383282e-01 0.9700000000000001
1  2.88e+05  0.4706422353  5.383282e-01 0.9700000000000001
1  3.02e+05  0.4762465637  5.383282e-01 0.9700000000000001
1  3.16e+05  0.4816905016  5.383282e-01 0.9700000000000001
1  3.31e+05  0.4869454835  5.383282e-01 0.9700000000000001
1  3.47e+05  0.4919896216  5.383282e-01 0.9700000000000001
1  3.63e+05  0.4968076152  5.383282e-01 0.9700000000000001
1  3.80e+05  0.501390218  5.383282e-01 0.9700000000000001
1  3.98e+05  0.5057334313  5.383282e-01 0.9700000000000001
1  4.17e+05  0.5098375784  5.383282e-01 0.9700000000000001
1  4.37e+05  0.5137063799  5.383282e-01 0.9700000000000001
1  4.57e+05  0.5173461072  5.383282e-01 0.9700000000000001
1  4.79e+05  0.5207648539  5.383282e-01 0.9700000000000001
1  5.01e+05  0.5239719389  5.383282e-01 0.9700000000000001
1  5.25e+05  0.526977434  5.383282e-01 0.9700000000000001
1  5.50e+05  0.5297918017  5.383282e-01 0.9700000000000001
1  5.75e+05  0.5324256244  5.383282e-01 0.9700000000000001
1  6.03e+05  0.534889406  5.383282e-01 0.9700000000000001
1  6.31e+05  0.5371934301  5.383282e-01 0.9700000000000001
1  6.61e+05  0.5393476599  5.383282e-01 0.9700000000000001
1  6.92e+05  0.5413616713  5.383282e-01 0.9700000000000001
1  7.24e+05  0.5432446087  5.383282e-01 0.9700000000000001
1  7.59e+05  0.5450051592  5.383282e-01 0.9700000000000001
1  7.94e+05  0.5466515403  5.383282e-01 0.9700000000000001
1  8.32e+05  0.5481914965  5.383282e-01 0.9700000000000001
1  8.71e+05  0.5496323045  5.383282e-01 0.9700000000000001
1  9.12e+05  0.5509807835  5.383282e-01 0.9700000000000001
1  9.55e+05  0.5522433091  5.383282e-01 0.9700000000000001
1  1.00e+06  0.5534258312  5.383282e-01 0.9700000000000001
1  1.05e+06  0.5545338928  5.383282e-01 0.9700000000000001
1  1.10e+06  0.555572651  5.383282e-01 0.9700000000000001
1  1.15e+06  0.5565468985  5.383282e-01 0.9700000000000001
1  1.20e+06  0.5574610846  5.383282e-01 0.9700000000000001
1  1.26e+06  0.5583193372  5.383282e-01 0.9700000000000001
1  1.32e+06  0.5591254838  5.383282e-01 0.9700000000000001
1  1.38e+06  0.5598830715  5.383282e-01 0.9700000000000001
1  1.45e+06  0.5605953872  5.383282e-01 0.9700000000000001
1  1.51e+06  0.5612654756  5.383282e-01 0.9700000000000001
1  1.58e+06  0.5618961576  5.383282e-01 0.9700000000000001
1  1.66e+06  0.5624900465  5.383282e-01 0.9700000000000001
1  1.74e+06  0.5630495638  5.383282e-01 0.9700000000000001
1  1.82e+06  0.5635769541  5.383282e-01 0.9700000000000001
1  1.91e+06  0.5640743007  5.383282e-01 0.9700000000000001
1  2.00e+06  0.5645435299  5.383282e-01 0.9700000000000001
1  2.09e+06  0.5649864322  5.383282e-01 0.9700000000000001
1  2.19e+06  0.5654046704  5.383282e-01 0.9700000000000001
1  2.29e+06  0.5657997881  5.383282e-01 0.9700000000000001
1  2.40e+06  0.5661732198  5.383282e-01 0.9700000000000001
1  2.51e+06  0.5665262992  5.383282e-01 0.9700000000000001
1  2.63e+06  0.5668602676  5.383282e-01 0.9700000000000001
1  2.75e+06  0.5671762799  5.383282e-01 0.9700000000000001
1  2.88e+06  0.5674754123  5.383282e-01 0.9700000000000001
1  3.02e+06  0.5677586674  5.383282e-01 0.9700000000000001
1  3.16e+06  0.5680269809  5.383282e-01 0.9700000000000001
1  3.31e+06  0.5682812254  5.383282e-01 0.9700000000000001
1  3.47e+06  0.5685222163  5.383282e-01 0.9700000000000001
1  3.63e+06  0.568750715  5.383282e-01 0.9700000000000001
1  3.80e+06  0.5689674339  5.383282e-01 0.9700000000000001
1  3.98e+06  0.5691730393  5.383282e-01 0.9700000000000001
1  4.17e+06  0.5693681549  5.383282e-01 0.9700000000000001
1  4.37e+06  0.5695533654  5.383282e-01 0.9700000000000001
1  4.57e+06  0.5697292184  5.383282e-01 0.9700000000000001
1  4.79e+06  0.5698962277  5.383282e-01 0.9700000000000001
1  5.01e+06  0.5700548755  5.383282e-01 0.9700000000000001
1  5.25e+06  0.5702056147  5.383282e-01 0.9700000000000001
1  5.50e+06  0.5703488706  5.383282e-01 0.9700000000000001
1  5.75e+06  0.5704850432  5.383282e-01 0.9700000000000001
1  6.03e+06  0.5706145086  5.383282e-01 0.9700000000000001
1  6.31e+06  0.570737621  5.383282e-01 0.9700000000000001
1  6.61e+06  0.5708547135  5.383282e-01 0.9700000000000001
1  6.92e+06  0.5709661003  5.383282e-01 0.9700000000000001
1  7.24e+06  0.5710720774  5.383282e-01 0.9700000000000001
1  7.59e+06  0.5711729238  5.383282e-01 0.9700000000000001
1  7.94e+06  0.5712689028  5.383282e-01 0.9700000000000001
1  8.32e+06  0.5713602631  5.383282e-01 0.9700000000000001
1  8.71e+06  0.5714472393  5.383282e-01 0.9700000000000001
1  9.12e+06  0.571530053  5.383282e-01 0.9700000000000001
1  9.55e+06  0.5716089139  5.383282e-01 0.9700000000000001
1  1.00e+07  0.57168402  5.383282e-01 0.9700000000000001
