1  1.00e-03  0.5854052888  5.250087e-01 0.9460000000000001
1  1.05e-03  0.5854039714  5.250087e-01 0.9460000000000001
1  1.10e-03  0.5854024023  5.250087e-01 0.9460000000000001
1  1.15e-03  0.5854008942  5.250087e-01 0.9460000000000001
1  1.20e-03  0.5853992721  5.250087e-01 0.9460000000000001
1  1.26e-03  0.5853975707  5.250087e-01 0.9460000000000001
1  1.32e-03  0.5853956791  5.250087e-01 0.9460000000000001
1  1.38e-03  0.5853938003  5.250087e-01 0.9460000000000001
1  1.45e-03  0.5853918322  5.250087e-01 0.9460000000000001
1  1.51e-03  0.5853898668  5.250087e-01 0.9460000000000001
1  1.58e-03  0.5853876683  5.250087e-01 0.9460000000000001
1  1.66e-03  0.5853854063  5.250087e-01 0.9460000000000001
1  1.74e-03  0.5853830634  5.250087e-01 0.9460000000000001
1  1.82e-03  0.5853805815  5.250087e-01 0.9460000000000001
1  1.91e-03  0.5853780681  5.250087e-01 0.9460000000000001
1  2.00e-03  0.5853753526  5.250087e-01 0.9460000000000001
1  2.09e-03  0.585372449  5.250087e-01 0.9460000000000001
1  2.19e-03  0.5853694922  5.250087e-01 0.9460000000000001
1  2.29e-03  0.585366409  5.250087e-01 0.9460000000000001
1  2.40e-03  0.5853631686  5.250087e-01 0.9460000000000001
1  2.51e-03  0.5853597418  5.250087e-01 0.9460000000000001
1  2.63e-03  0.5853561748  5.250087e-01 0.9460000000000001
1  2.75e-03  0.5853524546  5.250087e-01 0.9460000000000001
1  2.88e-03  0.5853485491  5.250087e-01 0.9460000000000001
1  3.02e-03  0.5853444508  5.250087e-01 0.9460000000000001
1  3.16e-03  0.585340193  5.250087e-01 0.9460000000000001
1  3.31e-03  0.5853356717  5.250087e-01 0.9460000000000001
1  3.47e-03  0.5853309907  5.250087e-01 0.9460000000000001
1  3.63e-03  0.5853260829  5.250087e-01 0.9460000000000001
1  3.80e-03  0.5853209297  5.250087e-01 0.9460000000000001
1  3.98e-03  0.5853155122  5.250087e-01 0.9460000000000001
1  4.17e-03  0.5853098643  5.250087e-01 0.9460000000000001
1  4.37e-03  0.5853039453  5.250087e-01 0.9460000000000001
1  4.57e-03  0.5852977484  5.250087e-01 0.9460000000000001
1  4.79e-03  0.5852912564  5.250087e-01 0.9460000000000001
1  5.01e-03  0.5852844829  5.250087e-01 0.9460000000000001
1  5.25e-03  0.5852773488  5.250087e-01 0.9460000000000001
1  5.50e-03  0.5852698846  5.250087e-01 0.9460000000000001
1  5.75e-03  0.5852620731  5.250087e-01 0.9460000000000001
1  6.03e-03  0.5852539102  5.250087e-01 0.9460000000000001
1  6.31e-03  0.5852453532  5.250087e-01 0.9460000000000001
1  6.61e-03  0.5852363876  5.250087e-01 0.9460000000000001
1  6.92e-03  0.5852269909  5.250087e-01 0.9460000000000001
1  7.24e-03  0.5852171579  5.250087e-01 0.9460000000000001
1  7.59e-03  0.5852068865  5.250087e-01 0.9460000000000001
1  7.94e-03  0.5851960831  5.250087e-01 0.9460000000000001
1  8.32e-03  0.5851848099  5.250087e-01 0.9460000000000001
1  8.71e-03  0.5851730031  5.250087e-01 0.9460000000000001
1  9.12e-03  0.5851606021  5.250087e-01 0.9460000000000001
1  9.55e-03  0.5851476209  5.250087e-01 0.9460000000000001
1  1.00e-02  0.5851340722  5.250087e-01 0.9460000000000001
1  1.05e-02  0.5851198108  5.250087e-01 0.9460000000000001
1  1.10e-02  0.5851049522  5.250087e-01 0.9460000000000001
1  1.15e-02  0.5850893179  5.250087e-01 0.9460000000000001
1  1.20e-02  0.5850729817  5.250087e-01 0.9460000000000001
1  1.26e-02  0.5850559113  5.250087e-01 0.9460000000000001
1  1.32e-02  0.5850379882  5.250087e-01 0.9460000000000001
1  1.38e-02  0.585019207  5.250087e-01 0.9460000000000001
1  1.45e-02  0.5849995843  5.250087e-01 0.9460000000000001
1  1.51e-02  0.5849790272  5.250087e-01 0.9460000000000001
1  1.58e-02  0.5849574646  5.250087e-01 0.9460000000000001
1  1.66e-02  0.5849348562  5.250087e-01 0.9460000000000001
1  1.74e-02  0.5849112614  5.250087e-01 0.9460000000000001
1  1.82e-02  0.5848865019  5.250087e-01 0.9460000000000001
1  1.91e-02  0.584860518  5.250087e-01 0.9460000000000001
1  2.00e-02  0.5848333701  5.250087e-01 0.9460000000000001
1  2.09e-02  0.5848049726  5.250087e-01 0.9460000000000001
1  2.19e-02  0.5847752107  5.250087e-01 0.9460000000000001
1  2.29e-02  0.5847439921  5.250087e-01 0.9460000000000001
1  2.40e-02  0.5847112895  5.250087e-01 0.9460000000000001
1  2.51e-02  0.5846770507  5.250087e-01 0.9460000000000001
1  2.63e-02  0.5846411616  5.250087e-01 0.9460000000000001
1  2.75e-02  0.5846035888  5.250087e-01 0.9460000000000001
1  2.88e-02  0.5845643351  5.250087e-01 0.9460000000000001
1  3.02e-02  0.5845231216  5.250087e-01 0.9460000000000001
1  3.16e-02  0.5844800366  5.250087e-01 0.9460000000000001
1  3.31e-02  0.5844348396  5.250087e-01 0.9460000000000001
1  3.47e-02  0.5843874832  5.250087e-01 0.9460000000000001
1  3.63e-02  0.5843379086  5.250087e-01 0.9460000000000001
1  3.80e-02  0.5842859052  5.250087e-01 0.9460000000000001
1  3.98e-02  0.5842314388  5.250087e-01 0.9460000000000001
1  4.17e-02  0.5841743444  5.250087e-01 0.9460000000000001
1  4.37e-02  0.5841148024  5.250087e-01 0.9460000000000001
1  4.57e-02  0.5840522043  5.250087e-01 0.9460000000000001
1  4.79e-02  0.5839865195  5.250087e-01 0.9460000000000001
1  5.01e-02  0.5839178159  5.250087e-01 0.9460000000000001
1  5.25e-02  0.5838458801  5.250087e-01 0.9460000000000001
1  5.50e-02  0.5837706623  5.250087e-01 0.9460000000000001
1  5.75e-02  0.5836917431  5.250087e-01 0.9460000000000001
1  6.03e-02  0.583609005  5.250087e-01 0.9460000000000001
1  6.31e-02  0.583522087  5.250087e-01 0.9460000000000001
1  6.61e-02  0.5834312585  5.250087e-01 0.9460000000000001
1  6.92e-02  0.5833360839  5.250087e-01 0.9460000000000001
1  7.24e-02  0.5832365557  5.250087e-01 0.9460000000000001
1  7.59e-02  0.5831319541  5.250087e-01 0.9460000000000001
1  7.94e-02  0.5830223727  5.250087e-01 0.9460000000000001
1  8.32e-02  0.58290748  5.250087e-01 0.9460000000000001
1  8.71e-02  0.5827873892  5.250087e-01 0.9460000000000001
1  9.12e-02  0.582661372  5.250087e-01 0.9460000000000001
1  9.55e-02  0.5825288767  5.250087e-01 0.9460000000000001
1  1.00e-01  0.5823906199  5.250087e-01 0.9460000000000001
1  1.05e-01  0.5822456317  5.250087e-01 0.9460000000000001
1  1.10e-01  0.5820929805  5.250087e-01 0.9460000000000001
1  1.15e-01  0.5819334418  5.250087e-01 0.9460000000000001
1  1.20e-01  0.581766339  5.250087e-01 0.9460000000000001
1  1.26e-01  0.5815911756  5.250087e-01 0.9460000000000001
1  1.32e-01  0.5814075753  5.250087e-01 0.9460000000000001
1  1.38e-01  0.5812144036  5.250087e-01 0.9460000000000001
1  1.45e-01  0.5810123564  5.250087e-01 0.9460000000000001
1  1.51e-01  0.5808004188  5.250087e-01 0.9460000000000001
1  1.58e-01  0.5805784269  5.250087e-01 0.9460000000000001
1  1.66e-01  0.5803447003  5.250087e-01 0.9460000000000001
1  1.74e-01  0.5801007231  5.250087e-01 0.9460000000000001
1  1.82e-01  0.5798437121  5.250087e-01 0.9460000000000001
1  1.91e-01  0.579574713  5.250087e-01 0.9460000000000001
1  2.00e-01  0.579293115  5.250087e-01 0.9460000000000001
1  2.09e-01  0.5789963409  5.250087e-01 0.9460000000000001
1  2.19e-01  0.5786859842  5.250087e-01 0.9460000000000001
1  2.29e-01  0.5783592957  5.250087e-01 0.9460000000000001
1  2.40e-01  0.5780175353  5.250087e-01 0.9460000000000001
1  2.51e-01  0.5776578884  5.250087e-01 0.9460000000000001
1  2.63e-01  0.5772813052  5.250087e-01 0.9460000000000001
1  2.75e-01  0.5768855785  5.250087e-01 0.9460000000000001
1  2.88e-01  0.5764690677  5.250087e-01 0.9460000000000001
1  3.02e-01  0.5760329006  5.250087e-01 0.9460000000000001
1  3.16e-01  0.5755756868  5.250087e-01 0.9460000000000001
1  3.31e-01  0.5750933519  5.250087e-01 0.9460000000000001
1  3.47e-01  0.574587652  5.250087e-01 0.9460000000000001
1  3.63e-01  0.5740560177  5.250087e-01 0.9460000000000001
1  3.80e-01  0.5734986777  5.250087e-01 0.9460000000000001
1  3.98e-01  0.5729121198  5.250087e-01 0.9460000000000001
1  4.17e-01  0.5722959232  5.250087e-01 0.9460000000000001
1  4.37e-01  0.5716483734  5.250087e-01 0.9460000000000001
1  4.57e-01  0.5709649583  5.250087e-01 0.9460000000000001
1  4.79e-01  0.5702491109  5.250087e-01 0.9460000000000001
1  5.01e-01  0.569494948  5.250087e-01 0.9460000000000001
1  5.25e-01  0.568702232  5.250087e-01 0.9460000000000001
1  5.50e-01  0.5678689761  5.250087e-01 0.9460000000000001
1  5.75e-01  0.5669917285  5.250087e-01 0.9460000000000001
1  6.03e-01  0.5660676862  5.250087e-01 0.9460000000000001
1  6.31e-01  0.5650977973  5.250087e-01 0.9460000000000001
1  6.61e-01  0.5640737257  5.250087e-01 0.9460000000000001
1  6.92e-01  0.562994163  5.250087e-01 0.9460000000000001
1  7.24e-01  0.5618613837  5.250087e-01 0.9460000000000001
1  7.59e-01  0.5606651633  5.250087e-01 0.9460000000000001
1  7.94e-01  0.5594015722  5.250087e-01 0.9460000000000001
1  8.32e-01  0.5580753756  5.250087e-01 0.9460000000000001
1  8.71e-01  0.5566738065  5.250087e-01 0.9460000000000001
1  9.12e-01  0.5552010556  5.250087e-01 0.9460000000000001
1  9.55e-01  0.5536405919  5.250087e-01 0.9460000000000001
1  1.00e+00  0.5519991914  5.250087e-01 0.9460000000000001
1  1.05e+00  0.550269998  5.250087e-01 0.9460000000000001
1  1.10e+00  0.5484424564  5.250087e-01 0.9460000000000001
1  1.15e+00  0.5465103126  5.250087e-01 0.9460000000000001
1  1.20e+00  0.5444783513  5.250087e-01 0.9460000000000001
1  1.26e+00  0.5423299791  5.250087e-01 0.9460000000000001
1  1.32e+00  0.5400659176  5.250087e-01 0.9460000000000001
1  1.38e+00  0.5376718781  5.250087e-01 0.9460000000000001
1  1.45e+00  0.5351424493  5.250087e-01 0.9460000000000001
1  1.51e+00  0.5324754229  5.250087e-01 0.9460000000000001
1  1.58e+00  0.5296670111  5.250087e-01 0.9460000000000001
1  1.66e+00  0.5266950024  5.250087e-01 0.9460000000000001
1  1.74e+00  0.5235515899  5.250087e-01 0.9460000000000001
1  1.82e+00  0.5202427185  5.250087e-01 0.9460000000000001
1  1.91e+00  0.5167517269  5.250087e-01 0.9460000000000001
1  2.00e+00  0.5130784409  5.250087e-01 0.9460000000000001
1  2.09e+00  0.5091944946  5.250087e-01 0.9460000000000001
1  2.19e+00  0.5051106609  5.250087e-01 0.9460000000000001
1  2.29e+00  0.500824276  5.250087e-01 0.9460000000000001
1  2.40e+00  0.4962970691  5.250087e-01 0.9460000000000001
1  2.51e+00  0.4915527545  5.250087e-01 0.9460000000000001
1  2.63e+00  0.486587657  5.250087e-01 0.9460000000000001
1  2.75e+00  0.4813729807  5.250087e-01 0.9460000000000001
1  2.88e+00  0.4759112172  5.250087e-01 0.9460000000000001
1  3.02e+00  0.4702335127  5.250087e-01 0.9460000000000001
1  3.16e+00  0.4643006972  5.250087e-01 0.9460000000000001
1  3.31e+00  0.4581439118  5.250087e-01 0.9460000000000001
1  3.47e+00  0.4517802627  5.250087e-01 0.9460000000000001
1  3.63e+00  0.4451977488  5.250087e-01 0.9460000000000001
1  3.80e+00  0.4383988415  5.250087e-01 0.9460000000000001
1  3.98e+00  0.4314424337  5.250087e-01 0.9460000000000001
1  4.17e+00  0.4243521811  5.250087e-01 0.9460000000000001
1  4.37e+00  0.4171052485  5.250087e-01 0.9460000000000001
1  4.57e+00  0.4097959675  5.250087e-01 0.9460000000000001
1  4.79e+00  0.402395982  5.250087e-01 0.9460000000000001
1  5.01e+00  0.395007323  5.250087e-01 0.9460000000000001
1  5.25e+00  0.3876016407  5.250087e-01 0.9460000000000001
1  5.50e+00  0.3802793433  5.250087e-01 0.9460000000000001
1  5.75e+00  0.3730408027  5.250087e-01 0.9460000000000001
1  6.03e+00  0.3659488209  5.250087e-01 0.9460000000000001
1  6.31e+00  0.3590336577  5.250087e-01 0.9460000000000001
1  6.61e+00  0.3523425898  5.250087e-01 0.9460000000000001
1  6.92e+00  0.3458536865  5.250087e-01 0.9460000000000001
1  7.24e+00  0.3396669036  5.250087e-01 0.9460000000000001
1  7.59e+00  0.3337330833  5.250087e-01 0.9460000000000001
1  7.94e+00  0.3281116078  5.250087e-01 0.9460000000000001
1  8.32e+00  0.3228070569  5.250087e-01 0.9460000000000001
1  8.71e+00  0.3178234432  5.250087e-01 0.9460000000000001
1  9.12e+00  0.3131433813  5.250087e-01 0.9460000000000001
1  9.55e+00  0.30881432  5.250087e-01 0.9460000000000001
1  1.00e+01  0.304745234  5.250087e-01 0.9460000000000001
1  1.05e+01  0.3009873658  5.250087e-01 0.9460000000000001
1  1.10e+01  0.2975254482  5.250087e-01 0.9460000000000001
1  1.15e+01  0.2943612726  5.250087e-01 0.9460000000000001
1  1.20e+01  0.2914063464  5.250087e-01 0.9460000000000001
1  1.26e+01  0.2887208206  5.250087e-01 0.9460000000000001
1  1.32e+01  0.2862528416  5.250087e-01 0.9460000000000001
1  1.38e+01  0.2840039627  5.250087e-01 0.9460000000000001
1  1.45e+01  0.2819347941  5.250087e-01 0.9460000000000001
1  1.51e+01  0.2800514162  5.250087e-01 0.9460000000000001
1  1.58e+01  0.2783580389  5.250087e-01 0.9460000000000001
1  1.66e+01  0.2767930718  5.250087e-01 0.9460000000000001
1  1.74e+01  0.275343837  5.250087e-01 0.9460000000000001
1  1.82e+01  0.2740584916  5.250087e-01 0.9460000000000001
1  1.91e+01  0.2728675947  5.250087e-01 0.9460000000000001
1  2.00e+01  0.2717729445  5.250087e-01 0.9460000000000001
1  2.09e+01  0.2707690655  5.250087e-01 0.9460000000000001
1  2.19e+01  0.2698566156  5.250087e-01 0.9460000000000001
1  2.29e+01  0.2690211937  5.250087e-01 0.9460000000000001
1  2.40e+01  0.2682193718  5.250087e-01 0.9460000000000001
1  2.51e+01  0.2674995959  5.250087e-01 0.9460000000000001
1  2.63e+01  0.2668569634  5.250087e-01 0.9460000000000001
1  2.75e+01  0.2662272216  5.250087e-01 0.9460000000000001
1  2.88e+01  0.2656527619  5.250087e-01 0.9460000000000001
1  3.02e+01  0.2650943636  5.250087e-01 0.9460000000000001
1  3.16e+01  0.2645869317  5.250087e-01 0.9460000000000001
1  3.31e+01  0.2641136612  5.250087e-01 0.9460000000000001
1  3.47e+01  0.2636163429  5.250087e-01 0.9460000000000001
1  3.63e+01  0.2631897309  5.250087e-01 0.9460000000000001
1  3.80e+01  0.262721114  5.250087e-01 0.9460000000000001
1  3.98e+01  0.2623162097  5.250087e-01 0.9460000000000001
1  4.17e+01  0.2618629922  5.250087e-01 0.9460000000000001
1  4.37e+01  0.2614387997  5.250087e-01 0.9460000000000001
1  4.57e+01  0.2610171345  5.250087e-01 0.9460000000000001
1  4.79e+01  0.2605685516  5.250087e-01 0.9460000000000001
1  5.01e+01  0.2601139215  5.250087e-01 0.9460000000000001
1  5.25e+01  0.2596470949  5.250087e-01 0.9460000000000001
1  5.50e+01  0.2591578952  5.250087e-01 0.9460000000000001
1  5.75e+01  0.2586337876  5.250087e-01 0.9460000000000001
1  6.03e+01  0.2580790758  5.250087e-01 0.9460000000000001
1  6.31e+01  0.2574833964  5.250087e-01 0.9460000000000001
1  6.61e+01  0.2568551747  5.250087e-01 0.9460000000000001
1  6.92e+01  0.2561418492  5.250087e-01 0.9460000000000001
1  7.24e+01  0.2553907672  5.250087e-01 0.9460000000000001
1  7.59e+01  0.2545229858  5.250087e-01 0.9460000000000001
1  7.94e+01  0.2535763924  5.250087e-01 0.9460000000000001
1  8.32e+01  0.2524760257  5.250087e-01 0.9460000000000001
1  8.71e+01  0.2512540697  5.250087e-01 0.9460000000000001
1  9.12e+01  0.2498798252  5.250087e-01 0.9460000000000001
1  9.55e+01  0.2482535413  5.250087e-01 0.9460000000000001
1  1.00e+02  0.2463870153  5.250087e-01 0.9460000000000001
1  1.05e+02  0.244215126  5.250087e-01 0.9460000000000001
1  1.10e+02  0.2416114595  5.250087e-01 0.9460000000000001
1  1.15e+02  0.2385346446  5.250087e-01 0.9460000000000001
1  1.20e+02  0.2348423912  5.250087e-01 0.9460000000000001
1  1.26e+02  0.2303914254  5.250087e-01 0.9460000000000001
1  1.32e+02  0.2249421868  5.250087e-01 0.9460000000000001
1  1.38e+02  0.2182865915  5.250087e-01 0.9460000000000001
1  1.45e+02  0.210093689  5.250087e-01 0.9460000000000001
1  1.51e+02  0.2000911029  5.250087e-01 0.9460000000000001
1  1.58e+02  0.1880085945  5.250087e-01 0.9460000000000001
1  1.66e+02  0.1737315558  5.250087e-01 0.9460000000000001
1  1.74e+02  0.1574445193  5.250087e-01 0.9460000000000001
1  1.82e+02  0.1397553368  5.250087e-01 0.9460000000000001
1  1.91e+02  0.1216818825  5.250087e-01 0.9460000000000001
1  2.00e+02  0.1043990433  5.250087e-01 0.9460000000000001
1  2.09e+02  0.08890420441  5.250087e-01 0.9460000000000001
1  2.19e+02  0.07572027362  5.250087e-01 0.9460000000000001
1  2.29e+02  0.06496395434  5.250087e-01 0.9460000000000001
1  2.40e+02  0.05640097152  5.250087e-01 0.9460000000000001
1  2.51e+02  0.04969629572  5.250087e-01 0.9460000000000001
1  2.63e+02  0.04447935591  5.250087e-01 0.9460000000000001
1  2.75e+02  0.04041549546  5.250087e-01 0.9460000000000001
1  2.88e+02  0.03723338473  5.250087e-01 0.9460000000000001
1  3.02e+02  0.03473884016  5.250087e-01 0.9460000000000001
1  3.16e+02  0.03276297899  5.250087e-01 0.9460000000000001
1  3.31e+02  0.03118403422  5.250087e-01 0.9460000000000001
1  3.47e+02  0.02991128915  5.250087e-01 0.9460000000000001
1  3.63e+02  0.02888296416  5.250087e-01 0.9460000000000001
1  3.80e+02  0.02804127256  5.250087e-01 0.9460000000000001
1  3.98e+02  0.02735033267  5.250087e-01 0.9460000000000001
1  4.17e+02  0.02678005842  5.250087e-01 0.9460000000000001
1  4.37e+02  0.02630230975  5.250087e-01 0.9460000000000001
1  4.57e+02  0.02590431806  5.250087e-01 0.9460000000000001
1  4.79e+02  0.0255670187  5.250087e-01 0.9460000000000001
1  5.01e+02  0.02528250497  5.250087e-01 0.9460000000000001
1  5.25e+02  0.02503987469  5.250087e-01 0.9460000000000001
1  5.50e+02  0.02483133828  5.250087e-01 0.9460000000000001
1  5.75e+02  0.02465514224  5.250087e-01 0.9460000000000001
1  6.03e+02  0.0245025592  5.250087e-01 0.9460000000000001
1  6.31e+02  0.02436970563  5.250087e-01 0.9460000000000001
1  6.61e+02  0.02425415734  5.250087e-01 0.9460000000000001
1  6.92e+02  0.02415576928  5.250087e-01 0.9460000000000001
1  7.24e+02  0.02406894962  5.250087e-01 0.9460000000000001
1  7.59e+02  0.02399285538  5.250087e-01 0.9460000000000001
1  7.94e+02  0.02392778994  5.250087e-01 0.9460000000000001
1  8.32e+02  0.02386860958  5.250087e-01 0.9460000000000001
1  8.71e+02  0.02381712995  5.250087e-01 0.9460000000000001
1  9.12e+02  0.02377170886  5.250087e-01 0.9460000000000001
1  9.55e+02  0.02373242084  5.250087e-01 0.9460000000000001
1  1.00e+03  0.02369667202  5.250087e-01 0.9460000000000001
1  1.05e+03  0.02366592561  5.250087e-01 0.9460000000000001
1  1.10e+03  0.02363840209  5.250087e-01 0.9460000000000001
1  1.15e+03  0.02361402204  5.250087e-01 0.9460000000000001
1  1.20e+03  0.02359112501  5.250087e-01 0.9460000000000001
1  1.26e+03  0.02357300258  5.250087e-01 0.9460000000000001
1  1.32e+03  0.02355442973  5.250087e-01 0.9460000000000001
1  1.38e+03  0.02353963303  5.250087e-01 0.9460000000000001
1  1.45e+03  0.02352595353  5.250087e-01 0.9460000000000001
1  1.51e+03  0.02351393259  5.250087e-01 0.9460000000000001
1  1.58e+03  0.0235014415  5.250087e-01 0.9460000000000001
1  1.66e+03  0.02349146421  5.250087e-01 0.9460000000000001
1  1.74e+03  0.02348270223  5.250087e-01 0.9460000000000001
1  1.82e+03  0.02347438389  5.250087e-01 0.9460000000000001
1  1.91e+03  0.0234672248  5.250087e-01 0.9460000000000001
1  2.00e+03  0.02346070692  5.250087e-01 0.9460000000000001
1  2.09e+03  0.02345472577  5.250087e-01 0.9460000000000001
1  2.19e+03  0.02345021326  5.250087e-01 0.9460000000000001
1  2.29e+03  0.02344500766  5.250087e-01 0.9460000000000001
1  2.40e+03  0.02344053456  5.250087e-01 0.9460000000000001
1  2.51e+03  0.02343744409  5.250087e-01 0.9460000000000001
1  2.63e+03  0.02343329266  5.250087e-01 0.9460000000000001
1  2.75e+03  0.02343114151  5.250087e-01 0.9460000000000001
1  2.88e+03  0.02342762571  5.250087e-01 0.9460000000000001
1  3.02e+03  0.02342543922  5.250087e-01 0.9460000000000001
1  3.16e+03  0.02342389028  5.250087e-01 0.9460000000000001
1  3.31e+03  0.02342093061  5.250087e-01 0.9460000000000001
1  3.47e+03  0.02342023933  5.250087e-01 0.9460000000000001
1  3.63e+03  0.02341747381  5.250087e-01 0.9460000000000001
1  3.80e+03  0.02341648524  5.250087e-01 0.9460000000000001
1  3.98e+03  0.02341477777  5.250087e-01 0.9460000000000001
1  4.17e+03  0.02341541073  5.250087e-01 0.9460000000000001
1  4.37e+03  0.02341595865  5.250087e-01 0.9460000000000001
1  4.57e+03  0.0234133091  5.250087e-01 0.9460000000000001
1  4.79e+03  0.02341803226  5.250087e-01 0.9460000000000001
1  5.01e+03  0.02341542294  5.250087e-01 0.9460000000000001
1  5.25e+03  0.02340466638  5.250087e-01 0.9460000000000001
1  5.50e+03  0.02340226264  5.250087e-01 0.9460000000000001
1  5.75e+03  0.0234278286  5.250087e-01 0.9460000000000001
1  6.03e+03  0.02342064118  5.250087e-01 0.9460000000000001
1  6.31e+03  0.02341231083  5.250087e-01 0.9460000000000001
1  6.61e+03  0.02345562281  5.250087e-01 0.9460000000000001
1  6.92e+03  0.02342621029  5.250087e-01 0.9460000000000001
1  7.24e+03  0.02348600482  5.250087e-01 0.9460000000000001
1  7.59e+03  0.02351227925  5.250087e-01 0.9460000000000001
1  7.94e+03  0.02350003728  5.250087e-01 0.9460000000000001
1  8.32e+03  0.02363022784  5.250087e-01 0.9460000000000001
1  8.71e+03  0.02372079186  5.250087e-01 0.9460000000000001
1  9.12e+03  0.02375618042  5.250087e-01 0.9460000000000001
1  9.55e+03  0.0238612257  5.250087e-01 0.9460000000000001
1  1.00e+04  0.02408023665  5.250087e-01 0.9460000000000001
1  1.05e+04  0.02435480733  5.250087e-01 0.9460000000000001
1  1.10e+04  0.02473959437  5.250087e-01 0.9460000000000001
1  1.15e+04  0.02512749649  5.250087e-01 0.9460000000000001
1  1.20e+04  0.02569989489  5.250087e-01 0.9460000000000001
1  1.26e+04  0.02628920949  5.250087e-01 0.9460000000000001
1  1.32e+04  0.02693574794  5.250087e-01 0.9460000000000001
1  1.38e+04  0.02776367137  5.250087e-01 0.9460000000000001
1  1.45e+04  0.02887294897  5.250087e-01 0.9460000000000001
1  1.51e+04  0.03037563011  5.250087e-01 0.9460000000000001
1  1.58e+04  0.03215105205  5.250087e-01 0.9460000000000001
1  1.66e+04  0.03390661487  5.250087e-01 0.9460000000000001
1  1.74e+04  0.03564064653  5.250087e-01 0.9460000000000001
1  1.82e+04  0.03788156749  5.250087e-01 0.9460000000000001
1  1.91e+04  0.04099167167  5.250087e-01 0.9460000000000001
1  2.00e+04  0.0440955412  5.250087e-01 0.9460000000000001
1  2.09e+04  0.04720962553  5.250087e-01 0.9460000000000001
1  2.19e+04  0.05107352676  5.250087e-01 0.9460000000000001
1  2.29e+04  0.05510783251  5.250087e-01 0.9460000000000001
1  2.40e+04  0.05986305745  5.250087e-01 0.9460000000000001
1  2.51e+04  0.06431015537  5.250087e-01 0.9460000000000001
1  2.63e+04  0.07016951012  5.250087e-01 0.9460000000000001
1  2.75e+04  0.07517146329  5.250087e-01 0.9460000000000001
1  2.88e+04  0.081923526  5.250087e-01 0.9460000000000001
1  3.02e+04  0.08768186141  5.250087e-01 0.9460000000000001
1  3.16e+04  0.09490029829  5.250087e-01 0.9460000000000001
1  3.31e+04  0.1021132482  5.250087e-01 0.9460000000000001
1  3.47e+04  0.1087999075  5.250087e-01 0.9460000000000001
1  3.63e+04  0.1177993555  5.250087e-01 0.9460000000000001
1  3.80e+04  0.1252266431  5.250087e-01 0.9460000000000001
1  3.98e+04  0.1326603472  5.250087e-01 0.9460000000000001
1  4.17e+04  0.1433154327  5.250087e-01 0.9460000000000001
1  4.37e+04  0.151440108  5.250087e-01 0.9460000000000001
1  4.57e+04  0.1585152785  5.250087e-01 0.9460000000000001
1  4.79e+04  0.1696336449  5.250087e-01 0.9460000000000001
1  5.01e+04  0.1804984193  5.250087e-01 0.9460000000000001
1  5.25e+04  0.1880422769  5.250087e-01 0.9460000000000001
1  5.50e+04  0.1961765723  5.250087e-01 0.9460000000000001
1  5.75e+04  0.2071019111  5.250087e-01 0.9460000000000001
1  6.03e+04  0.218724077  5.250087e-01 0.9460000000000001
1  6.31e+04  0.2289124635  5.250087e-01 0.9460000000000001
1  6.61e+04  0.2373762546  5.250087e-01 0.9460000000000001
1  6.92e+04  0.2452687286  5.250087e-01 0.9460000000000001
1  7.24e+04  0.2543225448  5.250087e-01 0.9460000000000001
1  7.59e+04  0.2653871597  5.250087e-01 0.9460000000000001
1  7.94e+04  0.2774671784  5.250087e-01 0.9460000000000001
1  8.32e+04  0.2886404255  5.250087e-01 0.9460000000000001
1  8.71e+04  0.2977980669  5.250087e-01 0.9460000000000001
1  9.12e+04  0.305305132  5.250087e-01 0.9460000000000001
1  9.55e+04  0.3123401132  5.250087e-01 0.9460000000000001
1  1.00e+05  0.3199351331  5.250087e-01 0.9460000000000001
1  1.05e+05  0.328527622  5.250087e-01 0.9460000000000001
1  1.10e+05  0.3380532414  5.250087e-01 0.9460000000000001
1  1.15e+05  0.3481967891  5.250087e-01 0.9460000000000001
1  1.20e+05  0.3585467911  5.250087e-01 0.9460000000000001
1  1.26e+05  0.3686641825  5.250087e-01 0.9460000000000001
1  1.32e+05  0.3781508805  5.250087e-01 0.9460000000000001
1  1.38e+05  0.3867323439  5.250087e-01 0.9460000000000001
1  1.45e+05  0.3943124081  5.250087e-01 0.9460000000000001
1  1.51e+05  0.4009704999  5.250087e-01 0.9460000000000001
1  1.58e+05  0.4069088929  5.250087e-01 0.9460000000000001
1  1.66e+05  0.4123798905  5.250087e-01 0.9460000000000001
1  1.74e+05  0.4176220752  5.250087e-01 0.9460000000000001
1  1.82e+05  0.4228215069  5.250087e-01 0.9460000000000001
1  1.91e+05  0.4280993712  5.250087e-01 0.9460000000000001
1  2.00e+05  0.4335183783  5.250087e-01 0.9460000000000001
1  2.09e+05  0.4390976152  5.250087e-01 0.9460000000000001
1  2.19e+05  0.4448277494  5.250087e-01 0.9460000000000001
1  2.29e+05  0.4506825176  5.250087e-01 0.9460000000000001
1  2.40e+05  0.4566259033  5.250087e-01 0.9460000000000001
1  2.51e+05  0.4626162464  5.250087e-01 0.9460000000000001
1  2.63e+05  0.4686088592  5.250087e-01 0.9460000000000001
1  2.75e+05  0.474558225  5.250087e-01 0.9460000000000001
1  2.88e+05  0.4804201764  5.250087e-01 0.9460000000000001
1  3.02e+05  0.4861539752  5.250087e-01 0.9460000000000001
1  3.16e+05  0.491724041  5.250087e-01 0.9460000000000001
1  3.31e+05  0.4971011087  5.250087e-01 0.9460000000000001
1  3.47e+05  0.5022627374  5.250087e-01 0.9460000000000001
1  3.63e+05  0.5071932226  5.250087e-01 0.9460000000000001
1  3.80e+05  0.5118830555  5.250087e-01 0.9460000000000001
1  3.98e+05  0.5163281005  5.250087e-01 0.9460000000000001
1  4.17e+05  0.5205286495  5.250087e-01 0.9460000000000001
1  4.37e+05  0.5244884766  5.250087e-01 0.9460000000000001
1  4.57e+05  0.5282139713  5.250087e-01 0.9460000000000001
1  4.79e+05  0.5317133927  5.250087e-01 0.9460000000000001
1  5.01e+05  0.5349962582  5.250087e-01 0.9460000000000001
1  5.25e+05  0.5380728592  5.250087e-01 0.9460000000000001
1  5.50e+05  0.5409538898  5.250087e-01 0.9460000000000001
1  5.75e+05  0.5436501694  5.250087e-01 0.9460000000000001
1  6.03e+05  0.546172439  5.250087e-01 0.9460000000000001
1  6.31e+05  0.5485312155  5.250087e-01 0.9460000000000001
1  6.61e+05  0.5507366895  5.250087e-01 0.9460000000000001
1  6.92e+05  0.5527986561  5.250087e-01 0.9460000000000001
1  7.24e+05  0.5547264701  5.250087e-01 0.9460000000000001
1  7.59e+05  0.5565290188  5.250087e-01 0.9460000000000001
1  7.94e+05  0.5582147094  5.250087e-01 0.9460000000000001
1  8.32e+05  0.5597914659  5.250087e-01 0.9460000000000001
1  8.71e+05  0.5612667339  5.250087e-01 0.9460000000000001
1  9.12e+05  0.562647491  5.250087e-01 0.9460000000000001
1  9.55e+05  0.5639402613  5.250087e-01 0.9460000000000001
1  1.00e+06  0.5651511335  5.250087e-01 0.9460000000000001
1  1.05e+06  0.5662857803  5.250087e-01 0.9460000000000001
1  1.10e+06  0.5673494792  5.250087e-01 0.9460000000000001
1  1.15e+06  0.5683471353  5.250087e-01 0.9460000000000001
1  1.20e+06  0.5692833022  5.250087e-01 0.9460000000000001
1  1.26e+06  0.5701622049  5.250087e-01 0.9460000000000001
1  1.32e+06  0.5709877606  5.250087e-01 0.9460000000000001
1  1.38e+06  0.5717636001  5.250087e-01 0.9460000000000001
1  1.45e+06  0.5724930876  5.250087e-01 0.9460000000000001
1  1.51e+06  0.5731793398  5.250087e-01 0.9460000000000001
1  1.58e+06  0.5738252441  5.250087e-01 0.9460000000000001
1  1.66e+06  0.5744334754  5.250087e-01 0.9460000000000001
1  1.74e+06  0.5750065126  5.250087e-01 0.9460000000000001
1  1.82e+06  0.5755466536  5.250087e-01 0.9460000000000001
1  1.91e+06  0.5760560308  5.250087e-01 0.9460000000000001
1  2.00e+06  0.5765366163  5.250087e-01 0.9460000000000001
1  2.09e+06  0.5769902431  5.250087e-01 0.9460000000000001
1  2.19e+06  0.5774186134  5.250087e-01 0.9460000000000001
1  2.29e+06  0.5778233076  5.250087e-01 0.9460000000000001
1  2.40e+06  0.5782057943  5.250087e-01 0.9460000000000001
1  2.51e+06  0.5785674389  5.250087e-01 0.9460000000000001
1  2.63e+06  0.5789095123  5.250087e-01 0.9460000000000001
1  2.75e+06  0.5792331971  5.250087e-01 0.9460000000000001
1  2.88e+06  0.579539595  5.250087e-01 0.9460000000000001
1  3.02e+06  0.5798297326  5.250087e-01 0.9460000000000001
1  3.16e+06  0.5801045679  5.250087e-01 0.9460000000000001
1  3.31e+06  0.5803649945  5.250087e-01 0.9460000000000001
1  3.47e+06  0.5806118472  5.250087e-01 0.9460000000000001
1  3.63e+06  0.5808459057  5.250087e-01 0.9460000000000001
1  3.80e+06  0.5810678995  5.250087e-01 0.9460000000000001
1  3.98e+06  0.5812785108  5.250087e-01 0.9460000000000001
1  4.17e+06  0.5814783784  5.250087e-01 0.9460000000000001
1  4.37e+06  0.5816681008  5.250087e-01 0.9460000000000001
1  4.57e+06  0.581848239  5.250087e-01 0.9460000000000001
1  4.79e+06  0.5820193191  5.250087e-01 0.9460000000000001
1  5.01e+06  0.5821818349  5.250087e-01 0.9460000000000001
1  5.25e+06  0.5823362501  5.250087e-01 0.9460000000000001
1  5.50e+06  0.5824830004  5.250087e-01 0.9460000000000001
1  5.75e+06  0.5826224953  5.250087e-01 0.9460000000000001
1  6.03e+06  0.5827551201  5.250087e-01 0.9460000000000001
1  6.31e+06  0.5828812374  5.250087e-01 0.9460000000000001
1  6.61e+06  0.5830011886  5.250087e-01 0.9460000000000001
1  6.92e+06  0.5831152953  5.250087e-01 0.9460000000000001
1  7.24e+06  0.5832238605  5.250087e-01 0.9460000000000001
1  7.59e+06  0.5833271703  5.250087e-01 0.9460000000000001
1  7.94e+06  0.5834254943  5.250087e-01 0.9460000000000001
1  8.32e+06  0.5835190869  5.250087e-01 0.9460000000000001
1  8.71e+06  0.5836081887  5.250087e-01 0.9460000000000001
1  9.12e+06  0.5836930267  5.250087e-01 0.9460000000000001
1  9.55e+06  0.5837738154  5.250087e-01 0.9460000000000001
1  1.00e+07  0.5838507578  5.250087e-01 0.9460000000000001
