1  1.00e-03  0.5692415536  5.427680e-01 0.978
1  1.05e-03  0.5692403077  5.427680e-01 0.978
1  1.10e-03  0.5692387963  5.427680e-01 0.978
1  1.15e-03  0.5692374125  5.427680e-01 0.978
1  1.20e-03  0.5692358117  5.427680e-01 0.978
1  1.26e-03  0.5692342166  5.427680e-01 0.978
1  1.32e-03  0.5692324137  5.427680e-01 0.978
1  1.38e-03  0.5692305947  5.427680e-01 0.978
1  1.45e-03  0.5692287158  5.427680e-01 0.978
1  1.51e-03  0.5692268742  5.427680e-01 0.978
1  1.58e-03  0.5692247266  5.427680e-01 0.978
1  1.66e-03  0.5692226095  5.427680e-01 0.978
1  1.74e-03  0.5692203707  5.427680e-01 0.978
1  1.82e-03  0.5692179945  5.427680e-01 0.978
1  1.91e-03  0.5692155762  5.427680e-01 0.978
1  2.00e-03  0.5692129681  5.427680e-01 0.978
1  2.09e-03  0.5692102016  5.427680e-01 0.978
1  2.19e-03  0.5692073793  5.427680e-01 0.978
1  2.29e-03  0.5692044496  5.427680e-01 0.978
1  2.40e-03  0.569201366  5.427680e-01 0.978
1  2.51e-03  0.5691980648  5.427680e-01 0.978
1  2.63e-03  0.5691946782  5.427680e-01 0.978
1  2.75e-03  0.5691911123  5.427680e-01 0.978
1  2.88e-03  0.5691873849  5.427680e-01 0.978
1  3.02e-03  0.5691834686  5.427680e-01 0.978
1  3.16e-03  0.5691794112  5.427680e-01 0.978
1  3.31e-03  0.5691750754  5.427680e-01 0.978
1  3.47e-03  0.5691706059  5.427680e-01 0.978
1  3.63e-03  0.5691659101  5.427680e-01 0.978
1  3.80e-03  0.5691609999  5.427680e-01 0.978
1  3.98e-03  0.5691558324  5.427680e-01 0.978
1  4.17e-03  0.5691504281  5.427680e-01 0.978
1  4.37e-03  0.5691447923  5.427680e-01 0.978
1  4.57e-03  0.5691388701  5.427680e-01 0.978
1  4.79e-03  0.5691326513  5.427680e-01 0.978
1  5.01e-03  0.5691261902  5.427680e-01 0.978
1  5.25e-03  0.5691193874  5.427680e-01 0.978
1  5.50e-03  0.5691122433  5.427680e-01 0.978
1  5.75e-03  0.5691047872  5.427680e-01 0.978
1  6.03e-03  0.5690970041  5.427680e-01 0.978
1  6.31e-03  0.569088809  5.427680e-01 0.978
1  6.61e-03  0.5690802658  5.427680e-01 0.978
1  6.92e-03  0.5690712825  5.427680e-01 0.978
1  7.24e-03  0.5690618986  5.427680e-01 0.978
1  7.59e-03  0.5690520873  5.427680e-01 0.978
1  7.94e-03  0.5690417578  5.427680e-01 0.978
1  8.32e-03  0.5690310089  5.427680e-01 0.978
1  8.71e-03  0.5690197087  5.427680e-01 0.978
1  9.12e-03  0.5690078935  5.427680e-01 0.978
1  9.55e-03  0.5689954971  5.427680e-01 0.978
1  1.00e-02  0.5689825242  5.427680e-01 0.978
1  1.05e-02  0.5689689356  5.427680e-01 0.978
1  1.10e-02  0.5689547437  5.427680e-01 0.978
1  1.15e-02  0.5689398142  5.427680e-01 0.978
1  1.20e-02  0.568924214  5.427680e-01 0.978
1  1.26e-02  0.5689078758  5.427680e-01 0.978
1  1.32e-02  0.5688908044  5.427680e-01 0.978
1  1.38e-02  0.5688728725  5.427680e-01 0.978
1  1.45e-02  0.5688541306  5.427680e-01 0.978
1  1.51e-02  0.5688344817  5.427680e-01 0.978
1  1.58e-02  0.5688139054  5.427680e-01 0.978
1  1.66e-02  0.5687923308  5.427680e-01 0.978
1  1.74e-02  0.5687697398  5.427680e-01 0.978
1  1.82e-02  0.5687461467  5.427680e-01 0.978
1  1.91e-02  0.5687213058  5.427680e-01 0.978
1  2.00e-02  0.5686954318  5.427680e-01 0.978
1  2.09e-02  0.5686682457  5.427680e-01 0.978
1  2.19e-02  0.5686398548  5.427680e-01 0.978
1  2.29e-02  0.5686100186  5.427680e-01 0.978
1  2.40e-02  0.56857887  5.427680e-01 0.978
1  2.51e-02  0.5685461053  5.427680e-01 0.978
1  2.63e-02  0.5685118619  5.427680e-01 0.978
1  2.75e-02  0.5684760288  5.427680e-01 0.978
1  2.88e-02  0.5684385779  5.427680e-01 0.978
1  3.02e-02  0.5683991455  5.427680e-01 0.978
1  3.16e-02  0.568358063  5.427680e-01 0.978
1  3.31e-02  0.568314879  5.427680e-01 0.978
1  3.47e-02  0.5682696608  5.427680e-01 0.978
1  3.63e-02  0.5682223665  5.427680e-01 0.978
1  3.80e-02  0.5681726912  5.427680e-01 0.978
1  3.98e-02  0.5681208326  5.427680e-01 0.978
1  4.17e-02  0.568066288  5.427680e-01 0.978
1  4.37e-02  0.5680093955  5.427680e-01 0.978
1  4.57e-02  0.5679496327  5.427680e-01 0.978
1  4.79e-02  0.5678869931  5.427680e-01 0.978
1  5.01e-02  0.5678214994  5.427680e-01 0.978
1  5.25e-02  0.5677528764  5.427680e-01 0.978
1  5.50e-02  0.5676811038  5.427680e-01 0.978
1  5.75e-02  0.5676057702  5.427680e-01 0.978
1  6.03e-02  0.5675268318  5.427680e-01 0.978
1  6.31e-02  0.5674438525  5.427680e-01 0.978
1  6.61e-02  0.5673573162  5.427680e-01 0.978
1  6.92e-02  0.5672663801  5.427680e-01 0.978
1  7.24e-02  0.5671713966  5.427680e-01 0.978
1  7.59e-02  0.5670716144  5.427680e-01 0.978
1  7.94e-02  0.5669673217  5.427680e-01 0.978
1  8.32e-02  0.5668577471  5.427680e-01 0.978
1  8.71e-02  0.5667432108  5.427680e-01 0.978
1  9.12e-02  0.5666228398  5.427680e-01 0.978
1  9.55e-02  0.5664966477  5.427680e-01 0.978
1  1.00e-01  0.5663649374  5.427680e-01 0.978
1  1.05e-01  0.566226512  5.427680e-01 0.978
1  1.10e-01  0.566081161  5.427680e-01 0.978
1  1.15e-01  0.5659291136  5.427680e-01 0.978
1  1.20e-01  0.5657699304  5.427680e-01 0.978
1  1.26e-01  0.5656030009  5.427680e-01 0.978
1  1.32e-01  0.5654279266  5.427680e-01 0.978
1  1.38e-01  0.5652440577  5.427680e-01 0.978
1  1.45e-01  0.5650516008  5.427680e-01 0.978
1  1.51e-01  0.5648494462  5.427680e-01 0.978
1  1.58e-01  0.5646382705  5.427680e-01 0.978
1  1.66e-01  0.5644157395  5.427680e-01 0.978
1  1.74e-01  0.5641834888  5.427680e-01 0.978
1  1.82e-01  0.5639388507  5.427680e-01 0.978
1  1.91e-01  0.563682634  5.427680e-01 0.978
1  2.00e-01  0.5634146933  5.427680e-01 0.978
1  2.09e-01  0.5631323344  5.427680e-01 0.978
1  2.19e-01  0.5628371155  5.427680e-01 0.978
1  2.29e-01  0.5625265001  5.427680e-01 0.978
1  2.40e-01  0.5622015275  5.427680e-01 0.978
1  2.51e-01  0.5618598512  5.427680e-01 0.978
1  2.63e-01  0.5615018111  5.427680e-01 0.978
1  2.75e-01  0.5611258586  5.427680e-01 0.978
1  2.88e-01  0.5607302832  5.427680e-01 0.978
1  3.02e-01  0.5603161394  5.427680e-01 0.978
1  3.16e-01  0.5598820841  5.427680e-01 0.978
1  3.31e-01  0.5594243055  5.427680e-01 0.978
1  3.47e-01  0.5589446332  5.427680e-01 0.978
1  3.63e-01  0.5584404333  5.427680e-01 0.978
1  3.80e-01  0.557912128  5.427680e-01 0.978
1  3.98e-01  0.5573558969  5.427680e-01 0.978
1  4.17e-01  0.5567720944  5.427680e-01 0.978
1  4.37e-01  0.5561590084  5.427680e-01 0.978
1  4.57e-01  0.5555122896  5.427680e-01 0.978
1  4.79e-01  0.5548345911  5.427680e-01 0.978
1  5.01e-01  0.5541221479  5.427680e-01 0.978
1  5.25e-01  0.5533724845  5.427680e-01 0.978
1  5.50e-01  0.5525847753  5.427680e-01 0.978
1  5.75e-01  0.5517579889  5.427680e-01 0.978
1  6.03e-01  0.5508845829  5.427680e-01 0.978
1  6.31e-01  0.549969833  5.427680e-01 0.978
1  6.61e-01  0.5490058569  5.427680e-01 0.978
1  6.92e-01  0.5479902607  5.427680e-01 0.978
1  7.24e-01  0.5469218926  5.427680e-01 0.978
1  7.59e-01  0.5457959873  5.427680e-01 0.978
1  7.94e-01  0.5446116045  5.427680e-01 0.978
1  8.32e-01  0.5433672842  5.427680e-01 0.978
1  8.71e-01  0.5420534343  5.427680e-01 0.978
1  9.12e-01  0.5406703938  5.427680e-01 0.978
1  9.55e-01  0.5392120316  5.427680e-01 0.978
1  1.00e+00  0.5376760218  5.427680e-01 0.978
1  1.05e+00  0.5360610347  5.427680e-01 0.978
1  1.10e+00  0.5343563781  5.427680e-01 0.978
1  1.15e+00  0.5325597843  5.427680e-01 0.978
1  1.20e+00  0.5306662016  5.427680e-01 0.978
1  1.26e+00  0.5286674439  5.427680e-01 0.978
1  1.32e+00  0.5265608172  5.427680e-01 0.978
1  1.38e+00  0.5243466605  5.427680e-01 0.978
1  1.45e+00  0.5220106289  5.427680e-01 0.978
1  1.51e+00  0.5195489201  5.427680e-01 0.978
1  1.58e+00  0.5169434386  5.427680e-01 0.978
1  1.66e+00  0.5142085819  5.427680e-01 0.978
1  1.74e+00  0.5113331425  5.427680e-01 0.978
1  1.82e+00  0.5083008327  5.427680e-01 0.978
1  1.91e+00  0.5051076564  5.427680e-01 0.978
1  2.00e+00  0.5017401638  5.427680e-01 0.978
1  2.09e+00  0.4982168174  5.427680e-01 0.978
1  2.19e+00  0.4945048919  5.427680e-01 0.978
1  2.29e+00  0.4906087993  5.427680e-01 0.978
1  2.40e+00  0.4865278537  5.427680e-01 0.978
1  2.51e+00  0.4822417517  5.427680e-01 0.978
1  2.63e+00  0.4777725655  5.427680e-01 0.978
1  2.75e+00  0.4730939625  5.427680e-01 0.978
1  2.88e+00  0.468222648  5.427680e-01 0.978
1  3.02e+00  0.4631589895  5.427680e-01 0.978
1  3.16e+00  0.4578877002  5.427680e-01 0.978
1  3.31e+00  0.4524282287  5.427680e-01 0.978
1  3.47e+00  0.4467924973  5.427680e-01 0.978
1  3.63e+00  0.4409957907  5.427680e-01 0.978
1  3.80e+00  0.4350277267  5.427680e-01 0.978
1  3.98e+00  0.4289232766  5.427680e-01 0.978
1  4.17e+00  0.4227245891  5.427680e-01 0.978
1  4.37e+00  0.4164129078  5.427680e-01 0.978
1  4.57e+00  0.4100362852  5.427680e-01 0.978
1  4.79e+00  0.4036062621  5.427680e-01 0.978
1  5.01e+00  0.3971883964  5.427680e-01 0.978
1  5.25e+00  0.3908021324  5.427680e-01 0.978
1  5.50e+00  0.3844421346  5.427680e-01 0.978
1  5.75e+00  0.3782031668  5.427680e-01 0.978
1  6.03e+00  0.3720721795  5.427680e-01 0.978
1  6.31e+00  0.3660853042  5.427680e-01 0.978
1  6.61e+00  0.3602752343  5.427680e-01 0.978
1  6.92e+00  0.354669417  5.427680e-01 0.978
1  7.24e+00  0.3492755654  5.427680e-01 0.978
1  7.59e+00  0.3441338916  5.427680e-01 0.978
1  7.94e+00  0.339239704  5.427680e-01 0.978
1  8.32e+00  0.3346120964  5.427680e-01 0.978
1  8.71e+00  0.3302525199  5.427680e-01 0.978
1  9.12e+00  0.3261748527  5.427680e-01 0.978
1  9.55e+00  0.322330781  5.427680e-01 0.978
1  1.00e+01  0.3187652157  5.427680e-01 0.978
1  1.05e+01  0.315428599  5.427680e-01 0.978
1  1.10e+01  0.3123762222  5.427680e-01 0.978
1  1.15e+01  0.3095159847  5.427680e-01 0.978
1  1.20e+01  0.3069093303  5.427680e-01 0.978
1  1.26e+01  0.3045420671  5.427680e-01 0.978
1  1.32e+01  0.3022753093  5.427680e-01 0.978
1  1.38e+01  0.3002269044  5.427680e-01 0.978
1  1.45e+01  0.2983936185  5.427680e-01 0.978
1  1.51e+01  0.2966774147  5.427680e-01 0.978
1  1.58e+01  0.2951296246  5.427680e-01 0.978
1  1.66e+01  0.2936858696  5.427680e-01 0.978
1  1.74e+01  0.2923874161  5.427680e-01 0.978
1  1.82e+01  0.2911590106  5.427680e-01 0.978
1  1.91e+01  0.2900674852  5.427680e-01 0.978
1  2.00e+01  0.289069361  5.427680e-01 0.978
1  2.09e+01  0.2881454093  5.427680e-01 0.978
1  2.19e+01  0.2872736123  5.427680e-01 0.978
1  2.29e+01  0.2864851867  5.427680e-01 0.978
1  2.40e+01  0.285741682  5.427680e-01 0.978
1  2.51e+01  0.2850653548  5.427680e-01 0.978
1  2.63e+01  0.284451907  5.427680e-01 0.978
1  2.75e+01  0.2838526432  5.427680e-01 0.978
1  2.88e+01  0.2833088399  5.427680e-01 0.978
1  3.02e+01  0.2827652453  5.427680e-01 0.978
1  3.16e+01  0.2822581119  5.427680e-01 0.978
1  3.31e+01  0.2817855144  5.427680e-01 0.978
1  3.47e+01  0.2813409154  5.427680e-01 0.978
1  3.63e+01  0.2808810484  5.427680e-01 0.978
1  3.80e+01  0.2804285037  5.427680e-01 0.978
1  3.98e+01  0.2800168758  5.427680e-01 0.978
1  4.17e+01  0.2795822428  5.427680e-01 0.978
1  4.37e+01  0.279138048  5.427680e-01 0.978
1  4.57e+01  0.2787005756  5.427680e-01 0.978
1  4.79e+01  0.2782558475  5.427680e-01 0.978
1  5.01e+01  0.2777643197  5.427680e-01 0.978
1  5.25e+01  0.2772774938  5.427680e-01 0.978
1  5.50e+01  0.2767614364  5.427680e-01 0.978
1  5.75e+01  0.2762429607  5.427680e-01 0.978
1  6.03e+01  0.2756587108  5.427680e-01 0.978
1  6.31e+01  0.2750189336  5.427680e-01 0.978
1  6.61e+01  0.2743488754  5.427680e-01 0.978
1  6.92e+01  0.2735844345  5.427680e-01 0.978
1  7.24e+01  0.2727754426  5.427680e-01 0.978
1  7.59e+01  0.2718374852  5.427680e-01 0.978
1  7.94e+01  0.2708184995  5.427680e-01 0.978
1  8.32e+01  0.2696761079  5.427680e-01 0.978
1  8.71e+01  0.2683717811  5.427680e-01 0.978
1  9.12e+01  0.2668545618  5.427680e-01 0.978
1  9.55e+01  0.2651421271  5.427680e-01 0.978
1  1.00e+02  0.2631277805  5.427680e-01 0.978
1  1.05e+02  0.2607830259  5.427680e-01 0.978
1  1.10e+02  0.2579778495  5.427680e-01 0.978
1  1.15e+02  0.2546811767  5.427680e-01 0.978
1  1.20e+02  0.2507083456  5.427680e-01 0.978
1  1.26e+02  0.2458814312  5.427680e-01 0.978
1  1.32e+02  0.2400245759  5.427680e-01 0.978
1  1.38e+02  0.2328321575  5.427680e-01 0.978
1  1.45e+02  0.2240328363  5.427680e-01 0.978
1  1.51e+02  0.2132510379  5.427680e-01 0.978
1  1.58e+02  0.2002228771  5.427680e-01 0.978
1  1.66e+02  0.1848373163  5.427680e-01 0.978
1  1.74e+02  0.1672963665  5.427680e-01 0.978
1  1.82e+02  0.1482599912  5.427680e-01 0.978
1  1.91e+02  0.1288289421  5.427680e-01 0.978
1  2.00e+02  0.1102748694  5.427680e-01 0.978
1  2.09e+02  0.09363414392  5.427680e-01 0.978
1  2.19e+02  0.07948830108  5.427680e-01 0.978
1  2.29e+02  0.06794994545  5.427680e-01 0.978
1  2.40e+02  0.05877940482  5.427680e-01 0.978
1  2.51e+02  0.05159133355  5.427680e-01 0.978
1  2.63e+02  0.04599377019  5.427680e-01 0.978
1  2.75e+02  0.04164077158  5.427680e-01 0.978
1  2.88e+02  0.03823490466  5.427680e-01 0.978
1  3.02e+02  0.03556354435  5.427680e-01 0.978
1  3.16e+02  0.03344026871  5.427680e-01 0.978
1  3.31e+02  0.03174455993  5.427680e-01 0.978
1  3.47e+02  0.03038462687  5.427680e-01 0.978
1  3.63e+02  0.02927991482  5.427680e-01 0.978
1  3.80e+02  0.02837979255  5.427680e-01 0.978
1  3.98e+02  0.02763916543  5.427680e-01 0.978
1  4.17e+02  0.02702464712  5.427680e-01 0.978
1  4.37e+02  0.02651532123  5.427680e-01 0.978
1  4.57e+02  0.0260860354  5.427680e-01 0.978
1  4.79e+02  0.02572292646  5.427680e-01 0.978
1  5.01e+02  0.02541721614  5.427680e-01 0.978
1  5.25e+02  0.02515670472  5.427680e-01 0.978
1  5.50e+02  0.02493509812  5.427680e-01 0.978
1  5.75e+02  0.0247447969  5.427680e-01 0.978
1  6.03e+02  0.02458110516  5.427680e-01 0.978
1  6.31e+02  0.02444052262  5.427680e-01 0.978
1  6.61e+02  0.02431843497  5.427680e-01 0.978
1  6.92e+02  0.02421035566  5.427680e-01 0.978
1  7.24e+02  0.02411646034  5.427680e-01 0.978
1  7.59e+02  0.02403706998  5.427680e-01 0.978
1  7.94e+02  0.02396456001  5.427680e-01 0.978
1  8.32e+02  0.02390271968  5.427680e-01 0.978
1  8.71e+02  0.02384913717  5.427680e-01 0.978
1  9.12e+02  0.02380015267  5.427680e-01 0.978
1  9.55e+02  0.02375596316  5.427680e-01 0.978
1  1.00e+03  0.0237191661  5.427680e-01 0.978
1  1.05e+03  0.02368632693  5.427680e-01 0.978
1  1.10e+03  0.02365634542  5.427680e-01 0.978
1  1.15e+03  0.02362877657  5.427680e-01 0.978
1  1.20e+03  0.0236053908  5.427680e-01 0.978
1  1.26e+03  0.02358511563  5.427680e-01 0.978
1  1.32e+03  0.02356586574  5.427680e-01 0.978
1  1.38e+03  0.02354975024  5.427680e-01 0.978
1  1.45e+03  0.02353469035  5.427680e-01 0.978
1  1.51e+03  0.02352141785  5.427680e-01 0.978
1  1.58e+03  0.0235087919  5.427680e-01 0.978
1  1.66e+03  0.02349793955  5.427680e-01 0.978
1  1.74e+03  0.02348941623  5.427680e-01 0.978
1  1.82e+03  0.02347977088  5.427680e-01 0.978
1  1.91e+03  0.02347231808  5.427680e-01 0.978
1  2.00e+03  0.02346529138  5.427680e-01 0.978
1  2.09e+03  0.02345877163  5.427680e-01 0.978
1  2.19e+03  0.02345344606  5.427680e-01 0.978
1  2.29e+03  0.02344814555  5.427680e-01 0.978
1  2.40e+03  0.02344341072  5.427680e-01 0.978
1  2.51e+03  0.02344040146  5.427680e-01 0.978
1  2.63e+03  0.02343593299  5.427680e-01 0.978
1  2.75e+03  0.02343322042  5.427680e-01 0.978
1  2.88e+03  0.02342954108  5.427680e-01 0.978
1  3.02e+03  0.02342771074  5.427680e-01 0.978
1  3.16e+03  0.02342527905  5.427680e-01 0.978
1  3.31e+03  0.02342285764  5.427680e-01 0.978
1  3.47e+03  0.02342163369  5.427680e-01 0.978
1  3.63e+03  0.0234183771  5.427680e-01 0.978
1  3.80e+03  0.02341780197  5.427680e-01 0.978
1  3.98e+03  0.02341603893  5.427680e-01 0.978
1  4.17e+03  0.02341668227  5.427680e-01 0.978
1  4.37e+03  0.02341692389  5.427680e-01 0.978
1  4.57e+03  0.02341416136  5.427680e-01 0.978
1  4.79e+03  0.02341949247  5.427680e-01 0.978
1  5.01e+03  0.02341732598  5.427680e-01 0.978
1  5.25e+03  0.02340600886  5.427680e-01 0.978
1  5.50e+03  0.02340166446  5.427680e-01 0.978
1  5.75e+03  0.02342843094  5.427680e-01 0.978
1  6.03e+03  0.02342435857  5.427680e-01 0.978
1  6.31e+03  0.0234112156  5.427680e-01 0.978
1  6.61e+03  0.02346092969  5.427680e-01 0.978
1  6.92e+03  0.02342550844  5.427680e-01 0.978
1  7.24e+03  0.02349478389  5.427680e-01 0.978
1  7.59e+03  0.02351372094  5.427680e-01 0.978
1  7.94e+03  0.02350608524  5.427680e-01 0.978
1  8.32e+03  0.02364414574  5.427680e-01 0.978
1  8.71e+03  0.02372938492  5.427680e-01 0.978
1  9.12e+03  0.02376278602  5.427680e-01 0.978
1  9.55e+03  0.02387593217  5.427680e-01 0.978
1  1.00e+04  0.02410765967  5.427680e-01 0.978
1  1.05e+04  0.02438904822  5.427680e-01 0.978
1  1.10e+04  0.02477144197  5.427680e-01 0.978
1  1.15e+04  0.02516641893  5.427680e-01 0.978
1  1.20e+04  0.02573694285  5.427680e-01 0.978
1  1.26e+04  0.02631991456  5.427680e-01 0.978
1  1.32e+04  0.02697325707  5.427680e-01 0.978
1  1.38e+04  0.02779668827  5.427680e-01 0.978
1  1.45e+04  0.02888284473  5.427680e-01 0.978
1  1.51e+04  0.03035723527  5.427680e-01 0.978
1  1.58e+04  0.03211509565  5.427680e-01 0.978
1  1.66e+04  0.03386067484  5.427680e-01 0.978
1  1.74e+04  0.03556656698  5.427680e-01 0.978
1  1.82e+04  0.03774128696  5.427680e-01 0.978
1  1.91e+04  0.04077596759  5.427680e-01 0.978
1  2.00e+04  0.0438296976  5.427680e-01 0.978
1  2.09e+04  0.0468794581  5.427680e-01 0.978
1  2.19e+04  0.05065755583  5.427680e-01 0.978
1  2.29e+04  0.05457868047  5.427680e-01 0.978
1  2.40e+04  0.05924033922  5.427680e-01 0.978
1  2.51e+04  0.06356302303  5.427680e-01 0.978
1  2.63e+04  0.06927899147  5.427680e-01 0.978
1  2.75e+04  0.07415047717  5.427680e-01 0.978
1  2.88e+04  0.08072977616  5.427680e-01 0.978
1  3.02e+04  0.08632030538  5.427680e-01 0.978
1  3.16e+04  0.09337171091  5.427680e-01 0.978
1  3.31e+04  0.1003513683  5.427680e-01 0.978
1  3.47e+04  0.1068824717  5.427680e-01 0.978
1  3.63e+04  0.1156332287  5.427680e-01 0.978
1  3.80e+04  0.1228129865  5.427680e-01 0.978
1  3.98e+04  0.1300820978  5.427680e-01 0.978
1  4.17e+04  0.1404369216  5.427680e-01 0.978
1  4.37e+04  0.1482718597  5.427680e-01 0.978
1  4.57e+04  0.1551802833  5.427680e-01 0.978
1  4.79e+04  0.166019006  5.427680e-01 0.978
1  5.01e+04  0.1765210456  5.427680e-01 0.978
1  5.25e+04  0.1838147028  5.427680e-01 0.978
1  5.50e+04  0.1917470968  5.427680e-01 0.978
1  5.75e+04  0.2023837033  5.427680e-01 0.978
1  6.03e+04  0.2136544319  5.427680e-01 0.978
1  6.31e+04  0.2235137289  5.427680e-01 0.978
1  6.61e+04  0.2317078005  5.427680e-01 0.978
1  6.92e+04  0.2393711742  5.427680e-01 0.978
1  7.24e+04  0.2481828708  5.427680e-01 0.978
1  7.59e+04  0.2589451848  5.427680e-01 0.978
1  7.94e+04  0.2706691785  5.427680e-01 0.978
1  8.32e+04  0.2814883756  5.427680e-01 0.978
1  8.71e+04  0.2903449104  5.427680e-01 0.978
1  9.12e+04  0.2976110707  5.427680e-01 0.978
1  9.55e+04  0.3044359219  5.427680e-01 0.978
1  1.00e+05  0.3118156324  5.427680e-01 0.978
1  1.05e+05  0.3201665617  5.427680e-01 0.978
1  1.10e+05  0.329420736  5.427680e-01 0.978
1  1.15e+05  0.3392696705  5.427680e-01 0.978
1  1.20e+05  0.3493129702  5.427680e-01 0.978
1  1.26e+05  0.3591244014  5.427680e-01 0.978
1  1.32e+05  0.3683186083  5.427680e-01 0.978
1  1.38e+05  0.3766311712  5.427680e-01 0.978
1  1.45e+05  0.3839712315  5.427680e-01 0.978
1  1.51e+05  0.3904180355  5.427680e-01 0.978
1  1.58e+05  0.3961692437  5.427680e-01 0.978
1  1.66e+05  0.4014701533  5.427680e-01 0.978
1  1.74e+05  0.4065520257  5.427680e-01 0.978
1  1.82e+05  0.4115947579  5.427680e-01 0.978
1  1.91e+05  0.4167151965  5.427680e-01 0.978
1  2.00e+05  0.4219735379  5.427680e-01 0.978
1  2.09e+05  0.4273878141  5.427680e-01 0.978
1  2.19e+05  0.4329486359  5.427680e-01 0.978
1  2.29e+05  0.4386302986  5.427680e-01 0.978
1  2.40e+05  0.4443977038  5.427680e-01 0.978
1  2.51e+05  0.4502103198  5.427680e-01 0.978
1  2.63e+05  0.45602471  5.427680e-01 0.978
1  2.75e+05  0.4617966649  5.427680e-01 0.978
1  2.88e+05  0.467483315  5.427680e-01 0.978
1  3.02e+05  0.4730451486  5.427680e-01 0.978
1  3.16e+05  0.4784476824  5.427680e-01 0.978
1  3.31e+05  0.4836625785  5.427680e-01 0.978
1  3.47e+05  0.4886681294  5.427680e-01 0.978
1  3.63e+05  0.4934491664  5.427680e-01 0.978
1  3.80e+05  0.497996529  5.427680e-01 0.978
1  3.98e+05  0.5023062637  5.427680e-01 0.978
1  4.17e+05  0.5063787046  5.427680e-01 0.978
1  4.37e+05  0.5102175556  5.427680e-01 0.978
1  4.57e+05  0.5138290501  5.427680e-01 0.978
1  4.79e+05  0.5172212285  5.427680e-01 0.978
1  5.01e+05  0.5204033454  5.427680e-01 0.978
1  5.25e+05  0.5233854014  5.427680e-01 0.978
1  5.50e+05  0.5261777841  5.427680e-01 0.978
1  5.75e+05  0.5287909988  5.427680e-01 0.978
1  6.03e+05  0.5312354726  5.427680e-01 0.978
1  6.31e+05  0.5335214129  5.427680e-01 0.978
1  6.61e+05  0.5356587093  5.427680e-01 0.978
1  6.92e+05  0.537656866  5.427680e-01 0.978
1  7.24e+05  0.5395249591  5.427680e-01 0.978
1  7.59e+05  0.5412716105  5.427680e-01 0.978
1  7.94e+05  0.5429049757  5.427680e-01 0.978
1  8.32e+05  0.5444327407  5.427680e-01 0.978
1  8.71e+05  0.5458621272  5.427680e-01 0.978
1  9.12e+05  0.5471999025  5.427680e-01 0.978
1  9.55e+05  0.5484523937  5.427680e-01 0.978
1  1.00e+06  0.5496255054  5.427680e-01 0.978
1  1.05e+06  0.5507247382  5.427680e-01 0.978
1  1.10e+06  0.5517552098  5.427680e-01 0.978
1  1.15e+06  0.552721676  5.427680e-01 0.978
1  1.20e+06  0.5536285521  5.427680e-01 0.978
1  1.26e+06  0.5544799342  5.427680e-01 0.978
1  1.32e+06  0.5552796203  5.427680e-01 0.978
1  1.38e+06  0.55603113  5.427680e-01 0.978
1  1.45e+06  0.5567377249  5.427680e-01 0.978
1  1.51e+06  0.5574024261  5.427680e-01 0.978
1  1.58e+06  0.5580280326  5.427680e-01 0.978
1  1.66e+06  0.5586171375  5.427680e-01 0.978
1  1.74e+06  0.5591721433  5.427680e-01 0.978
1  1.82e+06  0.5596952773  5.427680e-01 0.978
1  1.91e+06  0.5601886064  5.427680e-01 0.978
1  2.00e+06  0.560654042  5.427680e-01 0.978
1  2.09e+06  0.5610933605  5.427680e-01 0.978
1  2.19e+06  0.5615082117  5.427680e-01 0.978
1  2.29e+06  0.561900127  5.427680e-01 0.978
1  2.40e+06  0.5622705298  5.427680e-01 0.978
1  2.51e+06  0.5626207432  5.427680e-01 0.978
1  2.63e+06  0.5629519989  5.427680e-01 0.978
1  2.75e+06  0.5632654425  5.427680e-01 0.978
1  2.88e+06  0.5635621418  5.427680e-01 0.978
1  3.02e+06  0.5638430914  5.427680e-01 0.978
1  3.16e+06  0.5641092196  5.427680e-01 0.978
1  3.31e+06  0.5643613922  5.427680e-01 0.978
1  3.47e+06  0.5646004179  5.427680e-01 0.978
1  3.63e+06  0.5648270524  5.427680e-01 0.978
1  3.80e+06  0.5650420022  5.427680e-01 0.978
1  3.98e+06  0.5652459284  5.427680e-01 0.978
1  4.17e+06  0.5654394496  5.427680e-01 0.978
1  4.37e+06  0.5656231459  5.427680e-01 0.978
1  4.57e+06  0.5657975605  5.427680e-01 0.978
1  4.79e+06  0.5659632032  5.427680e-01 0.978
1  5.01e+06  0.5661205522  5.427680e-01 0.978
1  5.25e+06  0.5662700569  5.427680e-01 0.978
1  5.50e+06  0.5664121391  5.427680e-01 0.978
1  5.75e+06  0.5665471955  5.427680e-01 0.978
1  6.03e+06  0.5666755994  5.427680e-01 0.978
1  6.31e+06  0.566797702  5.427680e-01 0.978
1  6.61e+06  0.5669138338  5.427680e-01 0.978
1  6.92e+06  0.5670243063  5.427680e-01 0.978
1  7.24e+06  0.5671294133  5.427680e-01 0.978
1  7.59e+06  0.5672294314  5.427680e-01 0.978
1  7.94e+06  0.567324622  5.427680e-01 0.978
1  8.32e+06  0.5674152315  5.427680e-01 0.978
1  8.71e+06  0.5675014928  5.427680e-01 0.978
1  9.12e+06  0.5675836257  5.427680e-01 0.978
1  9.55e+06  0.567661838  5.427680e-01 0.978
1  1.00e+07  0.5677363263  5.427680e-01 0.978
