1  1.00e-03  0.5245692416  5.993757e-01 1.08
1  1.05e-03  0.5245682208  5.993757e-01 1.08
1  1.10e-03  0.5245671034  5.993757e-01 1.08
1  1.15e-03  0.5245660536  5.993757e-01 1.08
1  1.20e-03  0.5245647744  5.993757e-01 1.08
1  1.26e-03  0.5245635541  5.993757e-01 1.08
1  1.32e-03  0.5245623257  5.993757e-01 1.08
1  1.38e-03  0.5245608326  5.993757e-01 1.08
1  1.45e-03  0.5245593876  5.993757e-01 1.08
1  1.51e-03  0.5245579337  5.993757e-01 1.08
1  1.58e-03  0.5245562829  5.993757e-01 1.08
1  1.66e-03  0.5245547616  5.993757e-01 1.08
1  1.74e-03  0.5245530183  5.993757e-01 1.08
1  1.82e-03  0.5245512134  5.993757e-01 1.08
1  1.91e-03  0.5245492123  5.993757e-01 1.08
1  2.00e-03  0.5245472097  5.993757e-01 1.08
1  2.09e-03  0.5245451287  5.993757e-01 1.08
1  2.19e-03  0.5245429724  5.993757e-01 1.08
1  2.29e-03  0.5245407651  5.993757e-01 1.08
1  2.40e-03  0.524538343  5.993757e-01 1.08
1  2.51e-03  0.5245357939  5.993757e-01 1.08
1  2.63e-03  0.524533252  5.993757e-01 1.08
1  2.75e-03  0.5245304907  5.993757e-01 1.08
1  2.88e-03  0.5245276225  5.993757e-01 1.08
1  3.02e-03  0.5245245946  5.993757e-01 1.08
1  3.16e-03  0.5245214262  5.993757e-01 1.08
1  3.31e-03  0.5245181079  5.993757e-01 1.08
1  3.47e-03  0.5245146729  5.993757e-01 1.08
1  3.63e-03  0.524511045  5.993757e-01 1.08
1  3.80e-03  0.5245072617  5.993757e-01 1.08
1  3.98e-03  0.5245033338  5.993757e-01 1.08
1  4.17e-03  0.524499142  5.993757e-01 1.08
1  4.37e-03  0.524494827  5.993757e-01 1.08
1  4.57e-03  0.524490282  5.993757e-01 1.08
1  4.79e-03  0.5244854785  5.993757e-01 1.08
1  5.01e-03  0.5244804896  5.993757e-01 1.08
1  5.25e-03  0.5244752672  5.993757e-01 1.08
1  5.50e-03  0.5244697809  5.993757e-01 1.08
1  5.75e-03  0.5244640543  5.993757e-01 1.08
1  6.03e-03  0.5244580623  5.993757e-01 1.08
1  6.31e-03  0.5244517557  5.993757e-01 1.08
1  6.61e-03  0.5244451815  5.993757e-01 1.08
1  6.92e-03  0.5244382806  5.993757e-01 1.08
1  7.24e-03  0.5244310647  5.993757e-01 1.08
1  7.59e-03  0.5244235071  5.993757e-01 1.08
1  7.94e-03  0.5244155692  5.993757e-01 1.08
1  8.32e-03  0.5244072936  5.993757e-01 1.08
1  8.71e-03  0.5243985953  5.993757e-01 1.08
1  9.12e-03  0.5243895219  5.993757e-01 1.08
1  9.55e-03  0.5243800008  5.993757e-01 1.08
1  1.00e-02  0.5243699964  5.993757e-01 1.08
1  1.05e-02  0.5243595767  5.993757e-01 1.08
1  1.10e-02  0.5243486451  5.993757e-01 1.08
1  1.15e-02  0.5243371857  5.993757e-01 1.08
1  1.20e-02  0.5243251912  5.993757e-01 1.08
1  1.26e-02  0.5243126012  5.993757e-01 1.08
1  1.32e-02  0.524299489  5.993757e-01 1.08
1  1.38e-02  0.5242857163  5.993757e-01 1.08
1  1.45e-02  0.5242712908  5.993757e-01 1.08
1  1.51e-02  0.5242561683  5.993757e-01 1.08
1  1.58e-02  0.5242403608  5.993757e-01 1.08
1  1.66e-02  0.5242238003  5.993757e-01 1.08
1  1.74e-02  0.524206398  5.993757e-01 1.08
1  1.82e-02  0.5241882778  5.993757e-01 1.08
1  1.91e-02  0.5241692083  5.993757e-01 1.08
1  2.00e-02  0.5241493296  5.993757e-01 1.08
1  2.09e-02  0.5241283953  5.993757e-01 1.08
1  2.19e-02  0.5241065716  5.993757e-01 1.08
1  2.29e-02  0.5240836467  5.993757e-01 1.08
1  2.40e-02  0.524059746  5.993757e-01 1.08
1  2.51e-02  0.5240345604  5.993757e-01 1.08
1  2.63e-02  0.5240082776  5.993757e-01 1.08
1  2.75e-02  0.5239807739  5.993757e-01 1.08
1  2.88e-02  0.5239519763  5.993757e-01 1.08
1  3.02e-02  0.5239216752  5.993757e-01 1.08
1  3.16e-02  0.5238901084  5.993757e-01 1.08
1  3.31e-02  0.5238569366  5.993757e-01 1.08
1  3.47e-02  0.5238222186  5.993757e-01 1.08
1  3.63e-02  0.5237859096  5.993757e-01 1.08
1  3.80e-02  0.5237477859  5.993757e-01 1.08
1  3.98e-02  0.5237080379  5.993757e-01 1.08
1  4.17e-02  0.523666193  5.993757e-01 1.08
1  4.37e-02  0.5236224473  5.993757e-01 1.08
1  4.57e-02  0.5235765995  5.993757e-01 1.08
1  4.79e-02  0.5235286068  5.993757e-01 1.08
1  5.01e-02  0.5234784037  5.993757e-01 1.08
1  5.25e-02  0.5234257794  5.993757e-01 1.08
1  5.50e-02  0.523370697  5.993757e-01 1.08
1  5.75e-02  0.5233129149  5.993757e-01 1.08
1  6.03e-02  0.5232524081  5.993757e-01 1.08
1  6.31e-02  0.5231888518  5.993757e-01 1.08
1  6.61e-02  0.5231225776  5.993757e-01 1.08
1  6.92e-02  0.5230528583  5.993757e-01 1.08
1  7.24e-02  0.5229800483  5.993757e-01 1.08
1  7.59e-02  0.5229036533  5.993757e-01 1.08
1  7.94e-02  0.5228238908  5.993757e-01 1.08
1  8.32e-02  0.5227400361  5.993757e-01 1.08
1  8.71e-02  0.5226523567  5.993757e-01 1.08
1  9.12e-02  0.5225602052  5.993757e-01 1.08
1  9.55e-02  0.5224637722  5.993757e-01 1.08
1  1.00e-01  0.5223630728  5.993757e-01 1.08
1  1.05e-01  0.5222572085  5.993757e-01 1.08
1  1.10e-01  0.5221462091  5.993757e-01 1.08
1  1.15e-01  0.522030068  5.993757e-01 1.08
1  1.20e-01  0.5219085221  5.993757e-01 1.08
1  1.26e-01  0.5217810997  5.993757e-01 1.08
1  1.32e-01  0.5216475157  5.993757e-01 1.08
1  1.38e-01  0.5215072771  5.993757e-01 1.08
1  1.45e-01  0.5213605501  5.993757e-01 1.08
1  1.51e-01  0.5212065626  5.993757e-01 1.08
1  1.58e-01  0.5210456719  5.993757e-01 1.08
1  1.66e-01  0.5208762417  5.993757e-01 1.08
1  1.74e-01  0.5206995142  5.993757e-01 1.08
1  1.82e-01  0.5205134601  5.993757e-01 1.08
1  1.91e-01  0.5203189168  5.993757e-01 1.08
1  2.00e-01  0.5201154027  5.993757e-01 1.08
1  2.09e-01  0.5199011501  5.993757e-01 1.08
1  2.19e-01  0.5196772431  5.993757e-01 1.08
1  2.29e-01  0.5194417596  5.993757e-01 1.08
1  2.40e-01  0.5191956945  5.993757e-01 1.08
1  2.51e-01  0.5189365406  5.993757e-01 1.08
1  2.63e-01  0.5186663258  5.993757e-01 1.08
1  2.75e-01  0.5183821862  5.993757e-01 1.08
1  2.88e-01  0.5180835505  5.993757e-01 1.08
1  3.02e-01  0.5177705696  5.993757e-01 1.08
1  3.16e-01  0.5174434387  5.993757e-01 1.08
1  3.31e-01  0.5170987292  5.993757e-01 1.08
1  3.47e-01  0.5167390592  5.993757e-01 1.08
1  3.63e-01  0.5163604901  5.993757e-01 1.08
1  3.80e-01  0.515963501  5.993757e-01 1.08
1  3.98e-01  0.515545796  5.993757e-01 1.08
1  4.17e-01  0.5151086153  5.993757e-01 1.08
1  4.37e-01  0.5146498759  5.993757e-01 1.08
1  4.57e-01  0.5141699742  5.993757e-01 1.08
1  4.79e-01  0.5136643553  5.993757e-01 1.08
1  5.01e-01  0.5131346737  5.993757e-01 1.08
1  5.25e-01  0.5125783676  5.993757e-01 1.08
1  5.50e-01  0.5119941343  5.993757e-01 1.08
1  5.75e-01  0.5113795728  5.993757e-01 1.08
1  6.03e-01  0.5107374478  5.993757e-01 1.08
1  6.31e-01  0.5100606017  5.993757e-01 1.08
1  6.61e-01  0.5093499041  5.993757e-01 1.08
1  6.92e-01  0.5086047906  5.993757e-01 1.08
1  7.24e-01  0.5078243675  5.993757e-01 1.08
1  7.59e-01  0.5070034633  5.993757e-01 1.08
1  7.94e-01  0.5061382272  5.993757e-01 1.08
1  8.32e-01  0.5052337382  5.993757e-01 1.08
1  8.71e-01  0.5042816888  5.993757e-01 1.08
1  9.12e-01  0.5032848707  5.993757e-01 1.08
1  9.55e-01  0.5022334402  5.993757e-01 1.08
1  1.00e+00  0.5011317139  5.993757e-01 1.08
1  1.05e+00  0.4999774871  5.993757e-01 1.08
1  1.10e+00  0.4987627912  5.993757e-01 1.08
1  1.15e+00  0.4974882761  5.993757e-01 1.08
1  1.20e+00  0.4961488569  5.993757e-01 1.08
1  1.26e+00  0.4947451681  5.993757e-01 1.08
1  1.32e+00  0.4932703935  5.993757e-01 1.08
1  1.38e+00  0.4917200558  5.993757e-01 1.08
1  1.45e+00  0.4900986069  5.993757e-01 1.08
1  1.51e+00  0.4883991689  5.993757e-01 1.08
1  1.58e+00  0.4866192541  5.993757e-01 1.08
1  1.66e+00  0.4847517008  5.993757e-01 1.08
1  1.74e+00  0.4827924872  5.993757e-01 1.08
1  1.82e+00  0.4807443643  5.993757e-01 1.08
1  1.91e+00  0.478606073  5.993757e-01 1.08
1  2.00e+00  0.4763729359  5.993757e-01 1.08
1  2.09e+00  0.4740365606  5.993757e-01 1.08
1  2.19e+00  0.4716021903  5.993757e-01 1.08
1  2.29e+00  0.4690568907  5.993757e-01 1.08
1  2.40e+00  0.4664219111  5.993757e-01 1.08
1  2.51e+00  0.4636715642  5.993757e-01 1.08
1  2.63e+00  0.4608202464  5.993757e-01 1.08
1  2.75e+00  0.4578646383  5.993757e-01 1.08
1  2.88e+00  0.4548152784  5.993757e-01 1.08
1  3.02e+00  0.4516671842  5.993757e-01 1.08
1  3.16e+00  0.4484178843  5.993757e-01 1.08
1  3.31e+00  0.4450791838  5.993757e-01 1.08
1  3.47e+00  0.4416564253  5.993757e-01 1.08
1  3.63e+00  0.438166422  5.993757e-01 1.08
1  3.80e+00  0.4346087811  5.993757e-01 1.08
1  3.98e+00  0.4309879164  5.993757e-01 1.08
1  4.17e+00  0.4273195659  5.993757e-01 1.08
1  4.37e+00  0.4236307758  5.993757e-01 1.08
1  4.57e+00  0.4199147022  5.993757e-01 1.08
1  4.79e+00  0.4162003967  5.993757e-01 1.08
1  5.01e+00  0.4124948855  5.993757e-01 1.08
1  5.25e+00  0.4088156607  5.993757e-01 1.08
1  5.50e+00  0.4051731777  5.993757e-01 1.08
1  5.75e+00  0.401576922  5.993757e-01 1.08
1  6.03e+00  0.3980638502  5.993757e-01 1.08
1  6.31e+00  0.3946377703  5.993757e-01 1.08
1  6.61e+00  0.3913032111  5.993757e-01 1.08
1  6.92e+00  0.3880816428  5.993757e-01 1.08
1  7.24e+00  0.3849638667  5.993757e-01 1.08
1  7.59e+00  0.3819845755  5.993757e-01 1.08
1  7.94e+00  0.3791153446  5.993757e-01 1.08
1  8.32e+00  0.3764124195  5.993757e-01 1.08
1  8.71e+00  0.373819864  5.993757e-01 1.08
1  9.12e+00  0.3713759754  5.993757e-01 1.08
1  9.55e+00  0.3690878758  5.993757e-01 1.08
1  1.00e+01  0.3669258079  5.993757e-01 1.08
1  1.05e+01  0.3648922403  5.993757e-01 1.08
1  1.10e+01  0.3630008223  5.993757e-01 1.08
1  1.15e+01  0.3612643002  5.993757e-01 1.08
1  1.20e+01  0.3595484265  5.993757e-01 1.08
1  1.26e+01  0.3580532276  5.993757e-01 1.08
1  1.32e+01  0.356640989  5.993757e-01 1.08
1  1.38e+01  0.3553048773  5.993757e-01 1.08
1  1.45e+01  0.3540791958  5.993757e-01 1.08
1  1.51e+01  0.3529537426  5.993757e-01 1.08
1  1.58e+01  0.3519049404  5.993757e-01 1.08
1  1.66e+01  0.3509367793  5.993757e-01 1.08
1  1.74e+01  0.3500198542  5.993757e-01 1.08
1  1.82e+01  0.3491920286  5.993757e-01 1.08
1  1.91e+01  0.3484113636  5.993757e-01 1.08
1  2.00e+01  0.3476792297  5.993757e-01 1.08
1  2.09e+01  0.3470011524  5.993757e-01 1.08
1  2.19e+01  0.3463692999  5.993757e-01 1.08
1  2.29e+01  0.3457764938  5.993757e-01 1.08
1  2.40e+01  0.3452356935  5.993757e-01 1.08
1  2.51e+01  0.3447015571  5.993757e-01 1.08
1  2.63e+01  0.3442028945  5.993757e-01 1.08
1  2.75e+01  0.3437179253  5.993757e-01 1.08
1  2.88e+01  0.3432542594  5.993757e-01 1.08
1  3.02e+01  0.3428061881  5.993757e-01 1.08
1  3.16e+01  0.3423774071  5.993757e-01 1.08
1  3.31e+01  0.3419302357  5.993757e-01 1.08
1  3.47e+01  0.3415244837  5.993757e-01 1.08
1  3.63e+01  0.3411014498  5.993757e-01 1.08
1  3.80e+01  0.340663909  5.993757e-01 1.08
1  3.98e+01  0.3402410532  5.993757e-01 1.08
1  4.17e+01  0.3398167272  5.993757e-01 1.08
1  4.37e+01  0.3393457994  5.993757e-01 1.08
1  4.57e+01  0.3388969695  5.993757e-01 1.08
1  4.79e+01  0.3384070215  5.993757e-01 1.08
1  5.01e+01  0.3378935247  5.993757e-01 1.08
1  5.25e+01  0.3373383104  5.993757e-01 1.08
1  5.50e+01  0.3367624326  5.993757e-01 1.08
1  5.75e+01  0.3361333733  5.993757e-01 1.08
1  6.03e+01  0.3354461189  5.993757e-01 1.08
1  6.31e+01  0.3347147338  5.993757e-01 1.08
1  6.61e+01  0.3338894185  5.993757e-01 1.08
1  6.92e+01  0.3330045307  5.993757e-01 1.08
1  7.24e+01  0.3320007182  5.993757e-01 1.08
1  7.59e+01  0.3308961171  5.993757e-01 1.08
1  7.94e+01  0.3296328959  5.993757e-01 1.08
1  8.32e+01  0.328222493  5.993757e-01 1.08
1  8.71e+01  0.3265996591  5.993757e-01 1.08
1  9.12e+01  0.3247570765  5.993757e-01 1.08
1  9.55e+01  0.3226062498  5.993757e-01 1.08
1  1.00e+02  0.3201351471  5.993757e-01 1.08
1  1.05e+02  0.3172085561  5.993757e-01 1.08
1  1.10e+02  0.3137553923  5.993757e-01 1.08
1  1.15e+02  0.3096165164  5.993757e-01 1.08
1  1.20e+02  0.3046745668  5.993757e-01 1.08
1  1.26e+02  0.2986714037  5.993757e-01 1.08
1  1.32e+02  0.2913444353  5.993757e-01 1.08
1  1.38e+02  0.2823591858  5.993757e-01 1.08
1  1.45e+02  0.2713466642  5.993757e-01 1.08
1  1.51e+02  0.2578890704  5.993757e-01 1.08
1  1.58e+02  0.241646444  5.993757e-01 1.08
1  1.66e+02  0.2224531514  5.993757e-01 1.08
1  1.74e+02  0.200627521  5.993757e-01 1.08
1  1.82e+02  0.1770071661  5.993757e-01 1.08
1  1.91e+02  0.1529434781  5.993757e-01 1.08
1  2.00e+02  0.1300379633  5.993757e-01 1.08
1  2.09e+02  0.1095415182  5.993757e-01 1.08
1  2.19e+02  0.09217285188  5.993757e-01 1.08
1  2.29e+02  0.07801640535  5.993757e-01 1.08
1  2.40e+02  0.06677397971  5.993757e-01 1.08
1  2.51e+02  0.05796501223  5.993757e-01 1.08
1  2.63e+02  0.0511136912  5.993757e-01 1.08
1  2.75e+02  0.04577333027  5.993757e-01 1.08
1  2.88e+02  0.04160768039  5.993757e-01 1.08
1  3.02e+02  0.03832394739  5.993757e-01 1.08
1  3.16e+02  0.03572341031  5.993757e-01 1.08
1  3.31e+02  0.03365019505  5.993757e-01 1.08
1  3.47e+02  0.03197879128  5.993757e-01 1.08
1  3.63e+02  0.03062643871  5.993757e-01 1.08
1  3.80e+02  0.02951798617  5.993757e-01 1.08
1  3.98e+02  0.02860686448  5.993757e-01 1.08
1  4.17e+02  0.02785337684  5.993757e-01 1.08
1  4.37e+02  0.0272280539  5.993757e-01 1.08
1  4.57e+02  0.02669905716  5.993757e-01 1.08
1  4.79e+02  0.02625382639  5.993757e-01 1.08
1  5.01e+02  0.02588013601  5.993757e-01 1.08
1  5.25e+02  0.02556159142  5.993757e-01 1.08
1  5.50e+02  0.02528786717  5.993757e-01 1.08
1  5.75e+02  0.02505505478  5.993757e-01 1.08
1  6.03e+02  0.02485347635  5.993757e-01 1.08
1  6.31e+02  0.02467896671  5.993757e-01 1.08
1  6.61e+02  0.02452748107  5.993757e-01 1.08
1  6.92e+02  0.0243961126  5.993757e-01 1.08
1  7.24e+02  0.02428186645  5.993757e-01 1.08
1  7.59e+02  0.02418256049  5.993757e-01 1.08
1  7.94e+02  0.02409442006  5.993757e-01 1.08
1  8.32e+02  0.02401766621  5.993757e-01 1.08
1  8.71e+02  0.02394936369  5.993757e-01 1.08
1  9.12e+02  0.02389060193  5.993757e-01 1.08
1  9.55e+02  0.02383891762  5.993757e-01 1.08
1  1.00e+03  0.02379266283  5.993757e-01 1.08
1  1.05e+03  0.02375025879  5.993757e-01 1.08
1  1.10e+03  0.02371339278  5.993757e-01 1.08
1  1.15e+03  0.02368156157  5.993757e-01 1.08
1  1.20e+03  0.02365406884  5.993757e-01 1.08
1  1.26e+03  0.02362721284  5.993757e-01 1.08
1  1.32e+03  0.02360392447  5.993757e-01 1.08
1  1.38e+03  0.02358329476  5.993757e-01 1.08
1  1.45e+03  0.02356547036  5.993757e-01 1.08
1  1.51e+03  0.02354854066  5.993757e-01 1.08
1  1.58e+03  0.02353462296  5.993757e-01 1.08
1  1.66e+03  0.02352089839  5.993757e-01 1.08
1  1.74e+03  0.02350989964  5.993757e-01 1.08
1  1.82e+03  0.0234986939  5.993757e-01 1.08
1  1.91e+03  0.02348955188  5.993757e-01 1.08
1  2.00e+03  0.02347985267  5.993757e-01 1.08
1  2.09e+03  0.02347259097  5.993757e-01 1.08
1  2.19e+03  0.02346520435  5.993757e-01 1.08
1  2.29e+03  0.02346007162  5.993757e-01 1.08
1  2.40e+03  0.02345394379  5.993757e-01 1.08
1  2.51e+03  0.02344879562  5.993757e-01 1.08
1  2.63e+03  0.02344363868  5.993757e-01 1.08
1  2.75e+03  0.02343965509  5.993757e-01 1.08
1  2.88e+03  0.02343718084  5.993757e-01 1.08
1  3.02e+03  0.02343420729  5.993757e-01 1.08
1  3.16e+03  0.02343024964  5.993757e-01 1.08
1  3.31e+03  0.02342869235  5.993757e-01 1.08
1  3.47e+03  0.02342558128  5.993757e-01 1.08
1  3.63e+03  0.02342270182  5.993757e-01 1.08
1  3.80e+03  0.02342222862  5.993757e-01 1.08
1  3.98e+03  0.02341901036  5.993757e-01 1.08
1  4.17e+03  0.02341921048  5.993757e-01 1.08
1  4.37e+03  0.02341868464  5.993757e-01 1.08
1  4.57e+03  0.02341537196  5.993757e-01 1.08
1  4.79e+03  0.02342224288  5.993757e-01 1.08
1  5.01e+03  0.02342326508  5.993757e-01 1.08
1  5.25e+03  0.02341239037  5.993757e-01 1.08
1  5.50e+03  0.02340049222  5.993757e-01 1.08
1  5.75e+03  0.02342705386  5.993757e-01 1.08
1  6.03e+03  0.02343842472  5.993757e-01 1.08
1  6.31e+03  0.02340745303  5.993757e-01 1.08
1  6.61e+03  0.02347886848  5.993757e-01 1.08
1  6.92e+03  0.02342414984  5.993757e-01 1.08
1  7.24e+03  0.02352803616  5.993757e-01 1.08
1  7.59e+03  0.02351685477  5.993757e-01 1.08
1  7.94e+03  0.02353658793  5.993757e-01 1.08
1  8.32e+03  0.02370152195  5.993757e-01 1.08
1  8.71e+03  0.02376706945  5.993757e-01 1.08
1  9.12e+03  0.02380267234  5.993757e-01 1.08
1  9.55e+03  0.0239543496  5.993757e-01 1.08
1  1.00e+04  0.02423729747  5.993757e-01 1.08
1  1.05e+04  0.0245584871  5.993757e-01 1.08
1  1.10e+04  0.02494385921  5.993757e-01 1.08
1  1.15e+04  0.02538568302  5.993757e-01 1.08
1  1.20e+04  0.02596852987  5.993757e-01 1.08
1  1.26e+04  0.02656729819  5.993757e-01 1.08
1  1.32e+04  0.02727998299  5.993757e-01 1.08
1  1.38e+04  0.02812319993  5.993757e-01 1.08
1  1.45e+04  0.02917420423  5.993757e-01 1.08
1  1.51e+04  0.03060924612  5.993757e-01 1.08
1  1.58e+04  0.03237559142  5.993757e-01 1.08
1  1.66e+04  0.03416053763  5.993757e-01 1.08
1  1.74e+04  0.03584896749  5.993757e-01 1.08
1  1.82e+04  0.03789095283  5.993757e-01 1.08
1  1.91e+04  0.04077766774  5.993757e-01 1.08
1  2.00e+04  0.04376092122  5.993757e-01 1.08
1  2.09e+04  0.04669837622  5.993757e-01 1.08
1  2.19e+04  0.05032136355  5.993757e-01 1.08
1  2.29e+04  0.05398128406  5.993757e-01 1.08
1  2.40e+04  0.05846783233  5.993757e-01 1.08
1  2.51e+04  0.06251066245  5.993757e-01 1.08
1  2.63e+04  0.06789699156  5.993757e-01 1.08
1  2.75e+04  0.07247806116  5.993757e-01 1.08
1  2.88e+04  0.07864254415  5.993757e-01 1.08
1  3.02e+04  0.08382603523  5.993757e-01 1.08
1  3.16e+04  0.09048792843  5.993757e-01 1.08
1  3.31e+04  0.09685748412  5.993757e-01 1.08
1  3.47e+04  0.1030284646  5.993757e-01 1.08
1  3.63e+04  0.1111359429  5.993757e-01 1.08
1  3.80e+04  0.1176576696  5.993757e-01 1.08
1  3.98e+04  0.1245325671  5.993757e-01 1.08
1  4.17e+04  0.1340938673  5.993757e-01 1.08
1  4.37e+04  0.1411294081  5.993757e-01 1.08
1  4.57e+04  0.1476173207  5.993757e-01 1.08
1  4.79e+04  0.1577290104  5.993757e-01 1.08
1  5.01e+04  0.1672235926  5.993757e-01 1.08
1  5.25e+04  0.1738160845  5.993757e-01 1.08
1  5.50e+04  0.181214751  5.993757e-01 1.08
1  5.75e+04  0.1910793873  5.993757e-01 1.08
1  6.03e+04  0.2013767335  5.993757e-01 1.08
1  6.31e+04  0.2103048294  5.993757e-01 1.08
1  6.61e+04  0.2177326487  5.993757e-01 1.08
1  6.92e+04  0.2247538157  5.993757e-01 1.08
1  7.24e+04  0.2328976066  5.993757e-01 1.08
1  7.59e+04  0.2428245396  5.993757e-01 1.08
1  7.94e+04  0.2535508658  5.993757e-01 1.08
1  8.32e+04  0.2633609132  5.993757e-01 1.08
1  8.71e+04  0.2713454092  5.993757e-01 1.08
1  9.12e+04  0.2779075247  5.993757e-01 1.08
1  9.55e+04  0.28412114  5.993757e-01 1.08
1  1.00e+05  0.2908826626  5.993757e-01 1.08
1  1.05e+05  0.2985462532  5.993757e-01 1.08
1  1.10e+05  0.3070298079  5.993757e-01 1.08
1  1.15e+05  0.3160407065  5.993757e-01 1.08
1  1.20e+05  0.3252078678  5.993757e-01 1.08
1  1.26e+05  0.3341402855  5.993757e-01 1.08
1  1.32e+05  0.3424884033  5.993757e-01 1.08
1  1.38e+05  0.3500170395  5.993757e-01 1.08
1  1.45e+05  0.3566515824  5.993757e-01 1.08
1  1.51e+05  0.362472317  5.993757e-01 1.08
1  1.58e+05  0.3676653534  5.993757e-01 1.08
1  1.66e+05  0.3724573431  5.993757e-01 1.08
1  1.74e+05  0.3770595641  5.993757e-01 1.08
1  1.82e+05  0.3816347797  5.993757e-01 1.08
1  1.91e+05  0.3862875447  5.993757e-01 1.08
1  2.00e+05  0.3910707434  5.993757e-01 1.08
1  2.09e+05  0.3959991461  5.993757e-01 1.08
1  2.19e+05  0.4010629212  5.993757e-01 1.08
1  2.29e+05  0.4062376874  5.993757e-01 1.08
1  2.40e+05  0.411490722  5.993757e-01 1.08
1  2.51e+05  0.4167845008  5.993757e-01 1.08
1  2.63e+05  0.422078973  5.993757e-01 1.08
1  2.75e+05  0.4273335024  5.993757e-01 1.08
1  2.88e+05  0.4325087979  5.993757e-01 1.08
1  3.02e+05  0.4375687498  5.993757e-01 1.08
1  3.16e+05  0.4424819396  5.993757e-01 1.08
1  3.31e+05  0.4472226355  5.993757e-01 1.08
1  3.47e+05  0.4517712084  5.993757e-01 1.08
1  3.63e+05  0.456114023  5.993757e-01 1.08
1  3.80e+05  0.4602429333  5.993757e-01 1.08
1  3.98e+05  0.4641545363  5.993757e-01 1.08
1  4.17e+05  0.467849324  5.993757e-01 1.08
1  4.37e+05  0.4713308413  5.993757e-01 1.08
1  4.57e+05  0.4746049178  5.993757e-01 1.08
1  4.79e+05  0.4776790093  5.993757e-01 1.08
1  5.01e+05  0.4805616592  5.993757e-01 1.08
1  5.25e+05  0.4832620733  5.993757e-01 1.08
1  5.50e+05  0.4857897945  5.993757e-01 1.08
1  5.75e+05  0.4881544605  5.993757e-01 1.08
1  6.03e+05  0.4903656259  5.993757e-01 1.08
1  6.31e+05  0.4924326354  5.993757e-01 1.08
1  6.61e+05  0.4943645357  5.993757e-01 1.08
1  6.92e+05  0.4961700154  5.993757e-01 1.08
1  7.24e+05  0.4978573665  5.993757e-01 1.08
1  7.59e+05  0.4994344617  5.993757e-01 1.08
1  7.94e+05  0.5009087444  5.993757e-01 1.08
1  8.32e+05  0.502287226  5.993757e-01 1.08
1  8.71e+05  0.5035764914  5.993757e-01 1.08
1  9.12e+05  0.5047827086  5.993757e-01 1.08
1  9.55e+05  0.5059116422  5.993757e-01 1.08
1  1.00e+06  0.5069686693  5.993757e-01 1.08
1  1.05e+06  0.5079587976  5.993757e-01 1.08
1  1.10e+06  0.5088866841  5.993757e-01 1.08
1  1.15e+06  0.5097566551  5.993757e-01 1.08
1  1.20e+06  0.5105727255  5.993757e-01 1.08
1  1.26e+06  0.5113386186  5.993757e-01 1.08
1  1.32e+06  0.5120577854  5.993757e-01 1.08
1  1.38e+06  0.5127334232  5.993757e-01 1.08
1  1.45e+06  0.5133684932  5.993757e-01 1.08
1  1.51e+06  0.5139657378  5.993757e-01 1.08
1  1.58e+06  0.5145276966  5.993757e-01 1.08
1  1.66e+06  0.5150567216  5.993757e-01 1.08
1  1.74e+06  0.5155549911  5.993757e-01 1.08
1  1.82e+06  0.516024524  5.993757e-01 1.08
1  1.91e+06  0.5164671923  5.993757e-01 1.08
1  2.00e+06  0.5168847282  5.993757e-01 1.08
1  2.09e+06  0.51727874  5.993757e-01 1.08
1  2.19e+06  0.5176507203  5.993757e-01 1.08
1  2.29e+06  0.5180020549  5.993757e-01 1.08
1  2.40e+06  0.5183340314  5.993757e-01 1.08
1  2.51e+06  0.518647846  5.993757e-01 1.08
1  2.63e+06  0.5189446115  5.993757e-01 1.08
1  2.75e+06  0.5192253631  5.993757e-01 1.08
1  2.88e+06  0.5194910653  5.993757e-01 1.08
1  3.02e+06  0.5197426161  5.993757e-01 1.08
1  3.16e+06  0.5199808531  5.993757e-01 1.08
1  3.31e+06  0.5202065574  5.993757e-01 1.08
1  3.47e+06  0.5204204587  5.993757e-01 1.08
1  3.63e+06  0.520623238  5.993757e-01 1.08
1  3.80e+06  0.5208155322  5.993757e-01 1.08
1  3.98e+06  0.5209979369  5.993757e-01 1.08
1  4.17e+06  0.5211710095  5.993757e-01 1.08
1  4.37e+06  0.5213352721  5.993757e-01 1.08
1  4.57e+06  0.5214912138  5.993757e-01 1.08
1  4.79e+06  0.5216392932  5.993757e-01 1.08
1  5.01e+06  0.5217799408  5.993757e-01 1.08
1  5.25e+06  0.5219135603  5.993757e-01 1.08
1  5.50e+06  0.5220405312  5.993757e-01 1.08
1  5.75e+06  0.5221612102  5.993757e-01 1.08
1  6.03e+06  0.5222759324  5.993757e-01 1.08
1  6.31e+06  0.5223850134  5.993757e-01 1.08
1  6.61e+06  0.5224887501  5.993757e-01 1.08
1  6.92e+06  0.5225874222  5.993757e-01 1.08
1  7.24e+06  0.5226812933  5.993757e-01 1.08
1  7.59e+06  0.5227706117  5.993757e-01 1.08
1  7.94e+06  0.5228556117  5.993757e-01 1.08
1  8.32e+06  0.5229365146  5.993757e-01 1.08
1  8.71e+06  0.5230135291  5.993757e-01 1.08
1  9.12e+06  0.5230868523  5.993757e-01 1.08
1  9.55e+06  0.5231566705  5.993757e-01 1.08
1  1.00e+07  0.5232231598  5.993757e-01 1.08
