1  1.00e-03  0.5299731516  5.916060e-01 1.066
1  1.05e-03  0.5299720877  5.916060e-01 1.066
1  1.10e-03  0.5299709081  5.916060e-01 1.066
1  1.15e-03  0.5299698134  5.916060e-01 1.066
1  1.20e-03  0.5299684621  5.916060e-01 1.066
1  1.26e-03  0.5299671921  5.916060e-01 1.066
1  1.32e-03  0.5299658659  5.916060e-01 1.066
1  1.38e-03  0.5299643101  5.916060e-01 1.066
1  1.45e-03  0.5299627966  5.916060e-01 1.066
1  1.51e-03  0.529961282  5.916060e-01 1.066
1  1.58e-03  0.5299595418  5.916060e-01 1.066
1  1.66e-03  0.5299579351  5.916060e-01 1.066
1  1.74e-03  0.529956113  5.916060e-01 1.066
1  1.82e-03  0.5299542054  5.916060e-01 1.066
1  1.91e-03  0.5299521151  5.916060e-01 1.066
1  2.00e-03  0.5299500118  5.916060e-01 1.066
1  2.09e-03  0.5299478179  5.916060e-01 1.066
1  2.19e-03  0.5299455573  5.916060e-01 1.066
1  2.29e-03  0.5299432327  5.916060e-01 1.066
1  2.40e-03  0.5299407032  5.916060e-01 1.066
1  2.51e-03  0.5299380211  5.916060e-01 1.066
1  2.63e-03  0.5299353354  5.916060e-01 1.066
1  2.75e-03  0.5299324324  5.916060e-01 1.066
1  2.88e-03  0.5299294301  5.916060e-01 1.066
1  3.02e-03  0.5299262351  5.916060e-01 1.066
1  3.16e-03  0.5299229237  5.916060e-01 1.066
1  3.31e-03  0.5299194451  5.916060e-01 1.066
1  3.47e-03  0.5299158233  5.916060e-01 1.066
1  3.63e-03  0.5299120244  5.916060e-01 1.066
1  3.80e-03  0.5299080528  5.916060e-01 1.066
1  3.98e-03  0.5299038984  5.916060e-01 1.066
1  4.17e-03  0.5298995223  5.916060e-01 1.066
1  4.37e-03  0.5298949755  5.916060e-01 1.066
1  4.57e-03  0.5298901892  5.916060e-01 1.066
1  4.79e-03  0.529885169  5.916060e-01 1.066
1  5.01e-03  0.5298799091  5.916060e-01 1.066
1  5.25e-03  0.5298744221  5.916060e-01 1.066
1  5.50e-03  0.5298686824  5.916060e-01 1.066
1  5.75e-03  0.5298626624  5.916060e-01 1.066
1  6.03e-03  0.5298563473  5.916060e-01 1.066
1  6.31e-03  0.5298497488  5.916060e-01 1.066
1  6.61e-03  0.529842811  5.916060e-01 1.066
1  6.92e-03  0.5298355895  5.916060e-01 1.066
1  7.24e-03  0.5298280002  5.916060e-01 1.066
1  7.59e-03  0.529820036  5.916060e-01 1.066
1  7.94e-03  0.5298117396  5.916060e-01 1.066
1  8.32e-03  0.5298030035  5.916060e-01 1.066
1  8.71e-03  0.5297938839  5.916060e-01 1.066
1  9.12e-03  0.5297843329  5.916060e-01 1.066
1  9.55e-03  0.5297743415  5.916060e-01 1.066
1  1.00e-02  0.5297638506  5.916060e-01 1.066
1  1.05e-02  0.5297528977  5.916060e-01 1.066
1  1.10e-02  0.5297413831  5.916060e-01 1.066
1  1.15e-02  0.5297293804  5.916060e-01 1.066
1  1.20e-02  0.5297167793  5.916060e-01 1.066
1  1.26e-02  0.5297035699  5.916060e-01 1.066
1  1.32e-02  0.5296897392  5.916060e-01 1.066
1  1.38e-02  0.5296752874  5.916060e-01 1.066
1  1.45e-02  0.5296601091  5.916060e-01 1.066
1  1.51e-02  0.5296442247  5.916060e-01 1.066
1  1.58e-02  0.5296276095  5.916060e-01 1.066
1  1.66e-02  0.5296102293  5.916060e-01 1.066
1  1.74e-02  0.5295919901  5.916060e-01 1.066
1  1.82e-02  0.5295728839  5.916060e-01 1.066
1  1.91e-02  0.5295529472  5.916060e-01 1.066
1  2.00e-02  0.5295319844  5.916060e-01 1.066
1  2.09e-02  0.5295100444  5.916060e-01 1.066
1  2.19e-02  0.5294870519  5.916060e-01 1.066
1  2.29e-02  0.5294630247  5.916060e-01 1.066
1  2.40e-02  0.5294378311  5.916060e-01 1.066
1  2.51e-02  0.5294114852  5.916060e-01 1.066
1  2.63e-02  0.529383884  5.916060e-01 1.066
1  2.75e-02  0.5293549606  5.916060e-01 1.066
1  2.88e-02  0.5293245864  5.916060e-01 1.066
1  3.02e-02  0.5292928841  5.916060e-01 1.066
1  3.16e-02  0.5292595767  5.916060e-01 1.066
1  3.31e-02  0.529224768  5.916060e-01 1.066
1  3.47e-02  0.5291883141  5.916060e-01 1.066
1  3.63e-02  0.5291501004  5.916060e-01 1.066
1  3.80e-02  0.5291101448  5.916060e-01 1.066
1  3.98e-02  0.5290682619  5.916060e-01 1.066
1  4.17e-02  0.5290244527  5.916060e-01 1.066
1  4.37e-02  0.5289783501  5.916060e-01 1.066
1  4.57e-02  0.5289302315  5.916060e-01 1.066
1  4.79e-02  0.5288799031  5.916060e-01 1.066
1  5.01e-02  0.5288271018  5.916060e-01 1.066
1  5.25e-02  0.5287717654  5.916060e-01 1.066
1  5.50e-02  0.5287136876  5.916060e-01 1.066
1  5.75e-02  0.5286529336  5.916060e-01 1.066
1  6.03e-02  0.5285893325  5.916060e-01 1.066
1  6.31e-02  0.5285228683  5.916060e-01 1.066
1  6.61e-02  0.528453078  5.916060e-01 1.066
1  6.92e-02  0.528379931  5.916060e-01 1.066
1  7.24e-02  0.5283031683  5.916060e-01 1.066
1  7.59e-02  0.5282229727  5.916060e-01 1.066
1  7.94e-02  0.5281390026  5.916060e-01 1.066
1  8.32e-02  0.5280509968  5.916060e-01 1.066
1  8.71e-02  0.5279585783  5.916060e-01 1.066
1  9.12e-02  0.5278617583  5.916060e-01 1.066
1  9.55e-02  0.5277607377  5.916060e-01 1.066
1  1.00e-01  0.5276545032  5.916060e-01 1.066
1  1.05e-01  0.5275430397  5.916060e-01 1.066
1  1.10e-01  0.5274268611  5.916060e-01 1.066
1  1.15e-01  0.5273047436  5.916060e-01 1.066
1  1.20e-01  0.5271767601  5.916060e-01 1.066
1  1.26e-01  0.5270425629  5.916060e-01 1.066
1  1.32e-01  0.5269017695  5.916060e-01 1.066
1  1.38e-01  0.5267548341  5.916060e-01 1.066
1  1.45e-01  0.5266004419  5.916060e-01 1.066
1  1.51e-01  0.5264382109  5.916060e-01 1.066
1  1.58e-01  0.5262688845  5.916060e-01 1.066
1  1.66e-01  0.5260912761  5.916060e-01 1.066
1  1.74e-01  0.5259048868  5.916060e-01 1.066
1  1.82e-01  0.5257096151  5.916060e-01 1.066
1  1.91e-01  0.5255043533  5.916060e-01 1.066
1  2.00e-01  0.5252896422  5.916060e-01 1.066
1  2.09e-01  0.5250644462  5.916060e-01 1.066
1  2.19e-01  0.5248283954  5.916060e-01 1.066
1  2.29e-01  0.524580981  5.916060e-01 1.066
1  2.40e-01  0.5243213857  5.916060e-01 1.066
1  2.51e-01  0.5240498819  5.916060e-01 1.066
1  2.63e-01  0.5237638908  5.916060e-01 1.066
1  2.75e-01  0.5234646658  5.916060e-01 1.066
1  2.88e-01  0.5231505827  5.916060e-01 1.066
1  3.02e-01  0.5228217534  5.916060e-01 1.066
1  3.16e-01  0.5224765707  5.916060e-01 1.066
1  3.31e-01  0.5221139126  5.916060e-01 1.066
1  3.47e-01  0.5217332344  5.916060e-01 1.066
1  3.63e-01  0.5213341281  5.916060e-01 1.066
1  3.80e-01  0.5209162244  5.916060e-01 1.066
1  3.98e-01  0.5204768931  5.916060e-01 1.066
1  4.17e-01  0.5200160307  5.916060e-01 1.066
1  4.37e-01  0.5195326617  5.916060e-01 1.066
1  4.57e-01  0.5190236175  5.916060e-01 1.066
1  4.79e-01  0.5184904272  5.916060e-01 1.066
1  5.01e-01  0.5179316225  5.916060e-01 1.066
1  5.25e-01  0.5173436468  5.916060e-01 1.066
1  5.50e-01  0.5167264456  5.916060e-01 1.066
1  5.75e-01  0.5160807271  5.916060e-01 1.066
1  6.03e-01  0.515398996  5.916060e-01 1.066
1  6.31e-01  0.514684455  5.916060e-01 1.066
1  6.61e-01  0.5139357904  5.916060e-01 1.066
1  6.92e-01  0.5131482766  5.916060e-01 1.066
1  7.24e-01  0.5123184875  5.916060e-01 1.066
1  7.59e-01  0.5114495341  5.916060e-01 1.066
1  7.94e-01  0.5105386375  5.916060e-01 1.066
1  8.32e-01  0.5095769019  5.916060e-01 1.066
1  8.71e-01  0.5085697588  5.916060e-01 1.066
1  9.12e-01  0.5075101982  5.916060e-01 1.066
1  9.55e-01  0.5063988271  5.916060e-01 1.066
1  1.00e+00  0.505230395  5.916060e-01 1.066
1  1.05e+00  0.5040019999  5.916060e-01 1.066
1  1.10e+00  0.5027126951  5.916060e-01 1.066
1  1.15e+00  0.5013570555  5.916060e-01 1.066
1  1.20e+00  0.4999358293  5.916060e-01 1.066
1  1.26e+00  0.4984393852  5.916060e-01 1.066
1  1.32e+00  0.4968706171  5.916060e-01 1.066
1  1.38e+00  0.4952282907  5.916060e-01 1.066
1  1.45e+00  0.4934995821  5.916060e-01 1.066
1  1.51e+00  0.491684764  5.916060e-01 1.066
1  1.58e+00  0.48977838  5.916060e-01 1.066
1  1.66e+00  0.4877848311  5.916060e-01 1.066
1  1.74e+00  0.4856972809  5.916060e-01 1.066
1  1.82e+00  0.4835102846  5.916060e-01 1.066
1  1.91e+00  0.48121646  5.916060e-01 1.066
1  2.00e+00  0.4788172279  5.916060e-01 1.066
1  2.09e+00  0.4763125038  5.916060e-01 1.066
1  2.19e+00  0.4736956705  5.916060e-01 1.066
1  2.29e+00  0.470974796  5.916060e-01 1.066
1  2.40e+00  0.4681257894  5.916060e-01 1.066
1  2.51e+00  0.4651742184  5.916060e-01 1.066
1  2.63e+00  0.4621031095  5.916060e-01 1.066
1  2.75e+00  0.4589203821  5.916060e-01 1.066
1  2.88e+00  0.4556181298  5.916060e-01 1.066
1  3.02e+00  0.4522049702  5.916060e-01 1.066
1  3.16e+00  0.4486952228  5.916060e-01 1.066
1  3.31e+00  0.4450844847  5.916060e-01 1.066
1  3.47e+00  0.4413783769  5.916060e-01 1.066
1  3.63e+00  0.4375801013  5.916060e-01 1.066
1  3.80e+00  0.4337121745  5.916060e-01 1.066
1  3.98e+00  0.429783723  5.916060e-01 1.066
1  4.17e+00  0.4257982482  5.916060e-01 1.066
1  4.37e+00  0.4217669178  5.916060e-01 1.066
1  4.57e+00  0.4177320711  5.916060e-01 1.066
1  4.79e+00  0.413663692  5.916060e-01 1.066
1  5.01e+00  0.4096184125  5.916060e-01 1.066
1  5.25e+00  0.405610031  5.916060e-01 1.066
1  5.50e+00  0.4016391568  5.916060e-01 1.066
1  5.75e+00  0.3977106872  5.916060e-01 1.066
1  6.03e+00  0.3938864024  5.916060e-01 1.066
1  6.31e+00  0.3901308681  5.916060e-01 1.066
1  6.61e+00  0.3864939929  5.916060e-01 1.066
1  6.92e+00  0.3829831707  5.916060e-01 1.066
1  7.24e+00  0.3795807978  5.916060e-01 1.066
1  7.59e+00  0.3763309582  5.916060e-01 1.066
1  7.94e+00  0.3732104228  5.916060e-01 1.066
1  8.32e+00  0.3702679442  5.916060e-01 1.066
1  8.71e+00  0.3674500197  5.916060e-01 1.066
1  9.12e+00  0.3648140751  5.916060e-01 1.066
1  9.55e+00  0.3623046176  5.916060e-01 1.066
1  1.00e+01  0.3599659914  5.916060e-01 1.066
1  1.05e+01  0.3577818309  5.916060e-01 1.066
1  1.10e+01  0.3557330742  5.916060e-01 1.066
1  1.15e+01  0.3538588626  5.916060e-01 1.066
1  1.20e+01  0.3519951826  5.916060e-01 1.066
1  1.26e+01  0.3503800507  5.916060e-01 1.066
1  1.32e+01  0.3488539967  5.916060e-01 1.066
1  1.38e+01  0.3474289962  5.916060e-01 1.066
1  1.45e+01  0.3461223528  5.916060e-01 1.066
1  1.51e+01  0.3449076715  5.916060e-01 1.066
1  1.58e+01  0.3437971456  5.916060e-01 1.066
1  1.66e+01  0.3427487989  5.916060e-01 1.066
1  1.74e+01  0.3418087783  5.916060e-01 1.066
1  1.82e+01  0.3409193493  5.916060e-01 1.066
1  1.91e+01  0.3400934498  5.916060e-01 1.066
1  2.00e+01  0.3393134075  5.916060e-01 1.066
1  2.09e+01  0.3385956489  5.916060e-01 1.066
1  2.19e+01  0.3379366879  5.916060e-01 1.066
1  2.29e+01  0.3373106776  5.916060e-01 1.066
1  2.40e+01  0.3367305476  5.916060e-01 1.066
1  2.51e+01  0.3361724927  5.916060e-01 1.066
1  2.63e+01  0.335649338  5.916060e-01 1.066
1  2.75e+01  0.3351626612  5.916060e-01 1.066
1  2.88e+01  0.334674136  5.916060e-01 1.066
1  3.02e+01  0.3342159656  5.916060e-01 1.066
1  3.16e+01  0.3337892293  5.916060e-01 1.066
1  3.31e+01  0.3333332541  5.916060e-01 1.066
1  3.47e+01  0.3329200547  5.916060e-01 1.066
1  3.63e+01  0.332499132  5.916060e-01 1.066
1  3.80e+01  0.3320650198  5.916060e-01 1.066
1  3.98e+01  0.3316232598  5.916060e-01 1.066
1  4.17e+01  0.3311888657  5.916060e-01 1.066
1  4.37e+01  0.3307559349  5.916060e-01 1.066
1  4.57e+01  0.33027108  5.916060e-01 1.066
1  4.79e+01  0.3297943279  5.916060e-01 1.066
1  5.01e+01  0.3292874246  5.916060e-01 1.066
1  5.25e+01  0.3287392916  5.916060e-01 1.066
1  5.50e+01  0.3281851308  5.916060e-01 1.066
1  5.75e+01  0.32756925  5.916060e-01 1.066
1  6.03e+01  0.3268890456  5.916060e-01 1.066
1  6.31e+01  0.3261776781  5.916060e-01 1.066
1  6.61e+01  0.3253749084  5.916060e-01 1.066
1  6.92e+01  0.3245034392  5.916060e-01 1.066
1  7.24e+01  0.3235352857  5.916060e-01 1.066
1  7.59e+01  0.3224385345  5.916060e-01 1.066
1  7.94e+01  0.3212320893  5.916060e-01 1.066
1  8.32e+01  0.3198457912  5.916060e-01 1.066
1  8.71e+01  0.3182730315  5.916060e-01 1.066
1  9.12e+01  0.316467683  5.916060e-01 1.066
1  9.55e+01  0.3144010925  5.916060e-01 1.066
1  1.00e+02  0.3119613913  5.916060e-01 1.066
1  1.05e+02  0.3091211971  5.916060e-01 1.066
1  1.10e+02  0.3057658695  5.916060e-01 1.066
1  1.15e+02  0.3017724794  5.916060e-01 1.066
1  1.20e+02  0.2969556592  5.916060e-01 1.066
1  1.26e+02  0.2911157645  5.916060e-01 1.066
1  1.32e+02  0.2840097202  5.916060e-01 1.066
1  1.38e+02  0.2752875193  5.916060e-01 1.066
1  1.45e+02  0.2645804301  5.916060e-01 1.066
1  1.51e+02  0.2515178108  5.916060e-01 1.066
1  1.58e+02  0.2357349542  5.916060e-01 1.066
1  1.66e+02  0.2170914941  5.916060e-01 1.066
1  1.74e+02  0.1958826611  5.916060e-01 1.066
1  1.82e+02  0.1729231559  5.916060e-01 1.066
1  1.91e+02  0.1495200826  5.916060e-01 1.066
1  2.00e+02  0.1272223951  5.916060e-01 1.066
1  2.09e+02  0.1072867909  5.916060e-01 1.066
1  2.19e+02  0.09037954935  5.916060e-01 1.066
1  2.29e+02  0.07659003958  5.916060e-01 1.066
1  2.40e+02  0.0656380897  5.916060e-01 1.066
1  2.51e+02  0.05706293893  5.916060e-01 1.066
1  2.63e+02  0.05038263764  5.916060e-01 1.066
1  2.75e+02  0.04519031047  5.916060e-01 1.066
1  2.88e+02  0.04112490276  5.916060e-01 1.066
1  3.02e+02  0.03792770432  5.916060e-01 1.066
1  3.16e+02  0.03539777566  5.916060e-01 1.066
1  3.31e+02  0.03337959516  5.916060e-01 1.066
1  3.47e+02  0.03175135035  5.916060e-01 1.066
1  3.63e+02  0.03043140538  5.916060e-01 1.066
1  3.80e+02  0.02935718968  5.916060e-01 1.066
1  3.98e+02  0.02847262543  5.916060e-01 1.066
1  4.17e+02  0.02773561391  5.916060e-01 1.066
1  4.37e+02  0.02712413498  5.916060e-01 1.066
1  4.57e+02  0.02661193402  5.916060e-01 1.066
1  4.79e+02  0.02617945631  5.916060e-01 1.066
1  5.01e+02  0.02581617391  5.916060e-01 1.066
1  5.25e+02  0.02550428381  5.916060e-01 1.066
1  5.50e+02  0.02523632153  5.916060e-01 1.066
1  5.75e+02  0.02500928963  5.916060e-01 1.066
1  6.03e+02  0.02481318382  5.916060e-01 1.066
1  6.31e+02  0.02464360984  5.916060e-01 1.066
1  6.61e+02  0.02449696768  5.916060e-01 1.066
1  6.92e+02  0.02437001648  5.916060e-01 1.066
1  7.24e+02  0.02425904492  5.916060e-01 1.066
1  7.59e+02  0.02416085494  5.916060e-01 1.066
1  7.94e+02  0.02407616978  5.916060e-01 1.066
1  8.32e+02  0.02400110377  5.916060e-01 1.066
1  8.71e+02  0.02393491524  5.916060e-01 1.066
1  9.12e+02  0.0238784011  5.916060e-01 1.066
1  9.55e+02  0.02382739735  5.916060e-01 1.066
1  1.00e+03  0.0237825494  5.916060e-01 1.066
1  1.05e+03  0.02374125396  5.916060e-01 1.066
1  1.10e+03  0.02370522572  5.916060e-01 1.066
1  1.15e+03  0.02367370773  5.916060e-01 1.066
1  1.20e+03  0.02364703042  5.916060e-01 1.066
1  1.26e+03  0.0236216739  5.916060e-01 1.066
1  1.32e+03  0.0235984082  5.916060e-01 1.066
1  1.38e+03  0.02357854538  5.916060e-01 1.066
1  1.45e+03  0.02356144158  5.916060e-01 1.066
1  1.51e+03  0.02354487866  5.916060e-01 1.066
1  1.58e+03  0.02353111994  5.916060e-01 1.066
1  1.66e+03  0.02351757592  5.916060e-01 1.066
1  1.74e+03  0.02350685223  5.916060e-01 1.066
1  1.82e+03  0.02349596365  5.916060e-01 1.066
1  1.91e+03  0.02348724215  5.916060e-01 1.066
1  2.00e+03  0.02347771615  5.916060e-01 1.066
1  2.09e+03  0.02347061127  5.916060e-01 1.066
1  2.19e+03  0.02346348201  5.916060e-01 1.066
1  2.29e+03  0.0234583209  5.916060e-01 1.066
1  2.40e+03  0.02345237456  5.916060e-01 1.066
1  2.51e+03  0.02344762826  5.916060e-01 1.066
1  2.63e+03  0.02344255975  5.916060e-01 1.066
1  2.75e+03  0.02343862554  5.916060e-01 1.066
1  2.88e+03  0.02343616607  5.916060e-01 1.066
1  3.02e+03  0.02343342791  5.916060e-01 1.066
1  3.16e+03  0.02342944387  5.916060e-01 1.066
1  3.31e+03  0.02342792343  5.916060e-01 1.066
1  3.47e+03  0.02342507335  5.916060e-01 1.066
1  3.63e+03  0.02342199125  5.916060e-01 1.066
1  3.80e+03  0.02342154622  5.916060e-01 1.066
1  3.98e+03  0.02341864534  5.916060e-01 1.066
1  4.17e+03  0.0234189531  5.916060e-01 1.066
1  4.37e+03  0.02341857823  5.916060e-01 1.066
1  4.57e+03  0.02341532362  5.916060e-01 1.066
1  4.79e+03  0.02342200544  5.916060e-01 1.066
1  5.01e+03  0.02342243296  5.916060e-01 1.066
1  5.25e+03  0.02341130379  5.916060e-01 1.066
1  5.50e+03  0.02340051386  5.916060e-01 1.066
1  5.75e+03  0.02342756697  5.916060e-01 1.066
1  6.03e+03  0.02343629895  5.916060e-01 1.066
1  6.31e+03  0.02340791972  5.916060e-01 1.066
1  6.61e+03  0.02347635788  5.916060e-01 1.066
1  6.92e+03  0.02342409991  5.916060e-01 1.066
1  7.24e+03  0.02352303758  5.916060e-01 1.066
1  7.59e+03  0.02351652889  5.916060e-01 1.066
1  7.94e+03  0.02353119434  5.916060e-01 1.066
1  8.32e+03  0.02369252657  5.916060e-01 1.066
1  8.71e+03  0.02376110241  5.916060e-01 1.066
1  9.12e+03  0.02379546775  5.916060e-01 1.066
1  9.55e+03  0.02394061041  5.916060e-01 1.066
1  1.00e+04  0.02421570801  5.916060e-01 1.066
1  1.05e+04  0.02452995342  5.916060e-01 1.066
1  1.10e+04  0.02491406351  5.916060e-01 1.066
1  1.15e+04  0.02534742239  5.916060e-01 1.066
1  1.20e+04  0.02592701713  5.916060e-01 1.066
1  1.26e+04  0.02652033329  5.916060e-01 1.066
1  1.32e+04  0.02722146528  5.916060e-01 1.066
1  1.38e+04  0.02805890644  5.916060e-01 1.066
1  1.45e+04  0.02911139659  5.916060e-01 1.066
1  1.51e+04  0.0305474662  5.916060e-01 1.066
1  1.58e+04  0.03230684231  5.916060e-01 1.066
1  1.66e+04  0.03407966455  5.916060e-01 1.066
1  1.74e+04  0.03576365484  5.916060e-01 1.066
1  1.82e+04  0.03781673073  5.916060e-01 1.066
1  1.91e+04  0.04071520458  5.916060e-01 1.066
1  2.00e+04  0.04369943492  5.916060e-01 1.066
1  2.09e+04  0.04664362718  5.916060e-01 1.066
1  2.19e+04  0.0502766425  5.916060e-01 1.066
1  2.29e+04  0.05396262971  5.916060e-01 1.066
1  2.40e+04  0.05846151056  5.916060e-01 1.066
1  2.51e+04  0.06253116243  5.916060e-01 1.066
1  2.63e+04  0.06795041182  5.916060e-01 1.066
1  2.75e+04  0.07255882948  5.916060e-01 1.066
1  2.88e+04  0.07876687227  5.916060e-01 1.066
1  3.02e+04  0.08399339287  5.916060e-01 1.066
1  3.16e+04  0.09069447452  5.916060e-01 1.066
1  3.31e+04  0.09713424263  5.916060e-01 1.066
1  3.47e+04  0.1033409618  5.916060e-01 1.066
1  3.63e+04  0.1115213942  5.916060e-01 1.066
1  3.80e+04  0.1181201552  5.916060e-01 1.066
1  3.98e+04  0.1250356217  5.916060e-01 1.066
1  4.17e+04  0.1346889048  5.916060e-01 1.066
1  4.37e+04  0.1418214183  5.916060e-01 1.066
1  4.57e+04  0.1483552573  5.916060e-01 1.066
1  4.79e+04  0.1585494965  5.916060e-01 1.066
1  5.01e+04  0.1681668868  5.916060e-01 1.066
1  5.25e+04  0.174845288  5.916060e-01 1.066
1  5.50e+04  0.182305355  5.916060e-01 1.066
1  5.75e+04  0.1922602157  5.916060e-01 1.066
1  6.03e+04  0.2026755643  5.916060e-01 1.066
1  6.31e+04  0.2117187679  5.916060e-01 1.066
1  6.61e+04  0.2192415387  5.916060e-01 1.066
1  6.92e+04  0.2263411723  5.916060e-01 1.066
1  7.24e+04  0.2345652532  5.916060e-01 1.066
1  7.59e+04  0.2445929007  5.916060e-01 1.066
1  7.94e+04  0.2554413104  5.916060e-01 1.066
1  8.32e+04  0.2653768801  5.916060e-01 1.066
1  8.71e+04  0.273471329  5.916060e-01 1.066
1  9.12e+04  0.2801227628  5.916060e-01 1.066
1  9.55e+04  0.2864134746  5.916060e-01 1.066
1  1.00e+05  0.2932520587  5.916060e-01 1.066
1  1.05e+05  0.3010007092  5.916060e-01 1.066
1  1.10e+05  0.3095795155  5.916060e-01 1.066
1  1.15e+05  0.3186942434  5.916060e-01 1.066
1  1.20e+05  0.3279704093  5.916060e-01 1.066
1  1.26e+05  0.3370127682  5.916060e-01 1.066
1  1.32e+05  0.345467354  5.916060e-01 1.066
1  1.38e+05  0.3530952908  5.916060e-01 1.066
1  1.45e+05  0.3598198071  5.916060e-01 1.066
1  1.51e+05  0.3657208775  5.916060e-01 1.066
1  1.58e+05  0.3709858697  5.916060e-01 1.066
1  1.66e+05  0.3758436126  5.916060e-01 1.066
1  1.74e+05  0.3805077799  5.916060e-01 1.066
1  1.82e+05  0.3851432268  5.916060e-01 1.066
1  1.91e+05  0.3898560351  5.916060e-01 1.066
1  2.00e+05  0.3947000195  5.916060e-01 1.066
1  2.09e+05  0.3996903861  5.916060e-01 1.066
1  2.19e+05  0.4048173901  5.916060e-01 1.066
1  2.29e+05  0.410056515  5.916060e-01 1.066
1  2.40e+05  0.4153747689  5.916060e-01 1.066
1  2.51e+05  0.4207342757  5.916060e-01 1.066
1  2.63e+05  0.4260945832  5.916060e-01 1.066
1  2.75e+05  0.4314146266  5.916060e-01 1.066
1  2.88e+05  0.4366546826  5.916060e-01 1.066
1  3.02e+05  0.4417782278  5.916060e-01 1.066
1  3.16e+05  0.4467534687  5.916060e-01 1.066
1  3.31e+05  0.4515543525  5.916060e-01 1.066
1  3.47e+05  0.4561609923  5.916060e-01 1.066
1  3.63e+05  0.4605595605  5.916060e-01 1.066
1  3.80e+05  0.4647417822  5.916060e-01 1.066
1  3.98e+05  0.4687041819  5.916060e-01 1.066
1  4.17e+05  0.4724472275  5.916060e-01 1.066
1  4.37e+05  0.475974479  5.916060e-01 1.066
1  4.57e+05  0.4792918115  5.916060e-01 1.066
1  4.79e+05  0.4824067492  5.916060e-01 1.066
1  5.01e+05  0.4853279196  5.916060e-01 1.066
1  5.25e+05  0.4880646237  5.916060e-01 1.066
1  5.50e+05  0.4906265061  5.916060e-01 1.066
1  5.75e+05  0.4930233095  5.916060e-01 1.066
1  6.03e+05  0.4952646945  5.916060e-01 1.066
1  6.31e+05  0.4973601111  5.916060e-01 1.066
1  6.61e+05  0.4993187089  5.916060e-01 1.066
1  6.92e+05  0.5011492766  5.916060e-01 1.066
1  7.24e+05  0.5028602025  5.916060e-01 1.066
1  7.59e+05  0.5044594518  5.916060e-01 1.066
1  7.94e+05  0.5059545557  5.916060e-01 1.066
1  8.32e+05  0.5073526092  5.916060e-01 1.066
1  8.71e+05  0.5086602761  5.916060e-01 1.066
1  9.12e+05  0.5098837989  5.916060e-01 1.066
1  9.55e+05  0.5110290123  5.916060e-01 1.066
1  1.00e+06  0.5121013591  5.916060e-01 1.066
1  1.05e+06  0.5131059088  5.916060e-01 1.066
1  1.10e+06  0.5140473761  5.916060e-01 1.066
1  1.15e+06  0.514930141  5.916060e-01 1.066
1  1.20e+06  0.515758269  5.916060e-01 1.066
1  1.26e+06  0.5165355302  5.916060e-01 1.066
1  1.32e+06  0.5172654195  5.916060e-01 1.066
1  1.38e+06  0.5179511749  5.916060e-01 1.066
1  1.45e+06  0.5185957957  5.916060e-01 1.066
1  1.51e+06  0.5192020597  5.916060e-01 1.066
1  1.58e+06  0.5197725396  5.916060e-01 1.066
1  1.66e+06  0.5203096179  5.916060e-01 1.066
1  1.74e+06  0.5208155018  5.916060e-01 1.066
1  1.82e+06  0.5212922366  5.916060e-01 1.066
1  1.91e+06  0.5217417198  5.916060e-01 1.066
1  2.00e+06  0.5221657056  5.916060e-01 1.066
1  2.09e+06  0.522565825  5.916060e-01 1.066
1  2.19e+06  0.5229435905  5.916060e-01 1.066
1  2.29e+06  0.5233004067  5.916060e-01 1.066
1  2.40e+06  0.5236375785  5.916060e-01 1.066
1  2.51e+06  0.523956319  5.916060e-01 1.066
1  2.63e+06  0.5242577561  5.916060e-01 1.066
1  2.75e+06  0.5245429396  5.916060e-01 1.066
1  2.88e+06  0.5248128474  5.916060e-01 1.066
1  3.02e+06  0.5250683902  5.916060e-01 1.066
1  3.16e+06  0.5253104173  5.916060e-01 1.066
1  3.31e+06  0.525539721  5.916060e-01 1.066
1  3.47e+06  0.5257570414  5.916060e-01 1.066
1  3.63e+06  0.5259630693  5.916060e-01 1.066
1  3.80e+06  0.5261584508  5.916060e-01 1.066
1  3.98e+06  0.5263437899  5.916060e-01 1.066
1  4.17e+06  0.5265196525  5.916060e-01 1.066
1  4.37e+06  0.5266865681  5.916060e-01 1.066
1  4.57e+06  0.526845033  5.916060e-01 1.066
1  4.79e+06  0.5269955127  5.916060e-01 1.066
1  5.01e+06  0.5271384439  5.916060e-01 1.066
1  5.25e+06  0.5272742365  5.916060e-01 1.066
1  5.50e+06  0.5274032757  5.916060e-01 1.066
1  5.75e+06  0.5275259233  5.916060e-01 1.066
1  6.03e+06  0.5276425198  5.916060e-01 1.066
1  6.31e+06  0.5277533853  5.916060e-01 1.066
1  6.61e+06  0.5278588214  5.916060e-01 1.066
1  6.92e+06  0.5279591119  5.916060e-01 1.066
1  7.24e+06  0.5280545246  5.916060e-01 1.066
1  7.59e+06  0.5281453115  5.916060e-01 1.066
1  7.94e+06  0.5282317107  5.916060e-01 1.066
1  8.32e+06  0.5283139467  5.916060e-01 1.066
1  8.71e+06  0.5283922315  5.916060e-01 1.066
1  9.12e+06  0.5284667654  5.916060e-01 1.066
1  9.55e+06  0.5285377374  5.916060e-01 1.066
1  1.00e+07  0.5286053266  5.916060e-01 1.066
