1  1.00e-03  0.5578599641  1.571314e-01 1.0272000000000001
1  1.10e-03  0.5578573133  1.571314e-01 1.0272000000000001
1  1.20e-03  0.5578544401  1.571314e-01 1.0272000000000001
1  1.32e-03  0.5578512247  1.571314e-01 1.0272000000000001
1  1.45e-03  0.5578476547  1.571314e-01 1.0272000000000001
1  1.58e-03  0.5578438247  1.571314e-01 1.0272000000000001
1  1.74e-03  0.5578396724  1.571314e-01 1.0272000000000001
1  1.91e-03  0.5578350379  1.571314e-01 1.0272000000000001
1  2.09e-03  0.5578298946  1.571314e-01 1.0272000000000001
1  2.29e-03  0.5578243958  1.571314e-01 1.0272000000000001
1  2.51e-03  0.5578182581  1.571314e-01 1.0272000000000001
1  2.75e-03  0.5578115954  1.571314e-01 1.0272000000000001
1  3.02e-03  0.5578042537  1.571314e-01 1.0272000000000001
1  3.31e-03  0.5577962075  1.571314e-01 1.0272000000000001
1  3.63e-03  0.5577874147  1.571314e-01 1.0272000000000001
1  3.98e-03  0.5577777351  1.571314e-01 1.0272000000000001
1  4.37e-03  0.5577671442  1.571314e-01 1.0272000000000001
1  4.79e-03  0.5577555198  1.571314e-01 1.0272000000000001
1  5.25e-03  0.557742763  1.571314e-01 1.0272000000000001
1  5.75e-03  0.5577287822  1.571314e-01 1.0272000000000001
1  6.31e-03  0.5577134691  1.571314e-01 1.0272000000000001
1  6.92e-03  0.5576966398  1.571314e-01 1.0272000000000001
1  7.59e-03  0.5576782035  1.571314e-01 1.0272000000000001
1  8.32e-03  0.5576579795  1.571314e-01 1.0272000000000001
1  9.12e-03  0.5576358012  1.571314e-01 1.0272000000000001
1  1.00e-02  0.5576115162  1.571314e-01 1.0272000000000001
1  1.10e-02  0.5575848175  1.571314e-01 1.0272000000000001
1  1.20e-02  0.5575555523  1.571314e-01 1.0272000000000001
1  1.32e-02  0.5575234767  1.571314e-01 1.0272000000000001
1  1.45e-02  0.5574882967  1.571314e-01 1.0272000000000001
1  1.58e-02  0.5574497175  1.571314e-01 1.0272000000000001
1  1.74e-02  0.5574074412  1.571314e-01 1.0272000000000001
1  1.91e-02  0.5573609845  1.571314e-01 1.0272000000000001
1  2.09e-02  0.5573101102  1.571314e-01 1.0272000000000001
1  2.29e-02  0.5572542664  1.571314e-01 1.0272000000000001
1  2.51e-02  0.5571929933  1.571314e-01 1.0272000000000001
1  2.75e-02  0.5571257154  1.571314e-01 1.0272000000000001
1  3.02e-02  0.5570520769  1.571314e-01 1.0272000000000001
1  3.31e-02  0.55697121  1.571314e-01 1.0272000000000001
1  3.63e-02  0.5568824662  1.571314e-01 1.0272000000000001
1  3.98e-02  0.5567849888  1.571314e-01 1.0272000000000001
1  4.37e-02  0.5566783158  1.571314e-01 1.0272000000000001
1  4.79e-02  0.5565610251  1.571314e-01 1.0272000000000001
1  5.25e-02  0.5564322795  1.571314e-01 1.0272000000000001
1  5.75e-02  0.5562911826  1.571314e-01 1.0272000000000001
1  6.31e-02  0.5561362468  1.571314e-01 1.0272000000000001
1  6.92e-02  0.5559662026  1.571314e-01 1.0272000000000001
1  7.59e-02  0.5557795774  1.571314e-01 1.0272000000000001
1  8.32e-02  0.5555742483  1.571314e-01 1.0272000000000001
1  9.12e-02  0.5553494873  1.571314e-01 1.0272000000000001
1  1.00e-01  0.555101903  1.571314e-01 1.0272000000000001
1  1.10e-01  0.5548304255  1.571314e-01 1.0272000000000001
1  1.20e-01  0.5545320004  1.571314e-01 1.0272000000000001
1  1.32e-01  0.5542045253  1.571314e-01 1.0272000000000001
1  1.45e-01  0.5538440289  1.571314e-01 1.0272000000000001
1  1.58e-01  0.5534482358  1.571314e-01 1.0272000000000001
1  1.74e-01  0.5530128848  1.571314e-01 1.0272000000000001
1  1.91e-01  0.5525348849  1.571314e-01 1.0272000000000001
1  2.09e-01  0.5520085006  1.571314e-01 1.0272000000000001
1  2.29e-01  0.5514291943  1.571314e-01 1.0272000000000001
1  2.51e-01  0.5507909638  1.571314e-01 1.0272000000000001
1  2.75e-01  0.5500897454  1.571314e-01 1.0272000000000001
1  3.02e-01  0.5493159875  1.571314e-01 1.0272000000000001
1  3.31e-01  0.5484641162  1.571314e-01 1.0272000000000001
1  3.63e-01  0.547526399  1.571314e-01 1.0272000000000001
1  3.98e-01  0.5464897877  1.571314e-01 1.0272000000000001
1  4.37e-01  0.5453473563  1.571314e-01 1.0272000000000001
1  4.79e-01  0.5440878088  1.571314e-01 1.0272000000000001
1  5.25e-01  0.5426966561  1.571314e-01 1.0272000000000001
1  5.75e-01  0.5411576954  1.571314e-01 1.0272000000000001
1  6.31e-01  0.5394562015  1.571314e-01 1.0272000000000001
1  6.92e-01  0.5375766079  1.571314e-01 1.0272000000000001
1  7.59e-01  0.5354955085  1.571314e-01 1.0272000000000001
1  8.32e-01  0.5331896536  1.571314e-01 1.0272000000000001
1  9.12e-01  0.5306372192  1.571314e-01 1.0272000000000001
1  1.00e+00  0.5278102152  1.571314e-01 1.0272000000000001
1  1.10e+00  0.5246711667  1.571314e-01 1.0272000000000001
1  1.20e+00  0.521192823  1.571314e-01 1.0272000000000001
1  1.32e+00  0.517339457  1.571314e-01 1.0272000000000001
1  1.45e+00  0.5130594326  1.571314e-01 1.0272000000000001
1  1.58e+00  0.5083258012  1.571314e-01 1.0272000000000001
1  1.74e+00  0.5030757384  1.571314e-01 1.0272000000000001
1  1.91e+00  0.497272618  1.571314e-01 1.0272000000000001
1  2.09e+00  0.4908725612  1.571314e-01 1.0272000000000001
1  2.29e+00  0.4838242018  1.571314e-01 1.0272000000000001
1  2.51e+00  0.4761166445  1.571314e-01 1.0272000000000001
1  2.75e+00  0.4676932484  1.571314e-01 1.0272000000000001
1  3.02e+00  0.4585834408  1.571314e-01 1.0272000000000001
1  3.31e+00  0.4488029976  1.571314e-01 1.0272000000000001
1  3.63e+00  0.4383811783  1.571314e-01 1.0272000000000001
1  3.98e+00  0.4274752838  1.571314e-01 1.0272000000000001
1  4.37e+00  0.416137587  1.571314e-01 1.0272000000000001
1  4.79e+00  0.4046070779  1.571314e-01 1.0272000000000001
1  5.25e+00  0.3930457877  1.571314e-01 1.0272000000000001
1  5.75e+00  0.3817110612  1.571314e-01 1.0272000000000001
1  6.31e+00  0.3708272893  1.571314e-01 1.0272000000000001
1  6.92e+00  0.3605539889  1.571314e-01 1.0272000000000001
1  7.59e+00  0.3510369389  1.571314e-01 1.0272000000000001
1  8.32e+00  0.3424436241  1.571314e-01 1.0272000000000001
1  9.12e+00  0.3347399677  1.571314e-01 1.0272000000000001
1  1.00e+01  0.3280187762  1.571314e-01 1.0272000000000001
1  1.10e+01  0.322165449  1.571314e-01 1.0272000000000001
1  1.20e+01  0.3171666503  1.571314e-01 1.0272000000000001
1  1.32e+01  0.3128799871  1.571314e-01 1.0272000000000001
1  1.45e+01  0.3092446351  1.571314e-01 1.0272000000000001
1  1.58e+01  0.3061862227  1.571314e-01 1.0272000000000001
1  1.74e+01  0.3036048252  1.571314e-01 1.0272000000000001
1  1.91e+01  0.3014331825  1.571314e-01 1.0272000000000001
1  2.09e+01  0.2996012225  1.571314e-01 1.0272000000000001
1  2.29e+01  0.2980241086  1.571314e-01 1.0272000000000001
1  2.51e+01  0.2966548757  1.571314e-01 1.0272000000000001
1  2.75e+01  0.295464676  1.571314e-01 1.0272000000000001
1  3.02e+01  0.2944117295  1.571314e-01 1.0272000000000001
1  3.31e+01  0.293447747  1.571314e-01 1.0272000000000001
1  3.63e+01  0.2925203615  1.571314e-01 1.0272000000000001
1  3.98e+01  0.2916146501  1.571314e-01 1.0272000000000001
1  4.37e+01  0.2907223692  1.571314e-01 1.0272000000000001
1  4.79e+01  0.2897972112  1.571314e-01 1.0272000000000001
1  5.25e+01  0.2887658224  1.571314e-01 1.0272000000000001
1  5.75e+01  0.2876443759  1.571314e-01 1.0272000000000001
1  6.31e+01  0.2863430286  1.571314e-01 1.0272000000000001
1  6.92e+01  0.2848128904  1.571314e-01 1.0272000000000001
1  7.59e+01  0.2829116161  1.571314e-01 1.0272000000000001
1  8.32e+01  0.2805613471  1.571314e-01 1.0272000000000001
1  9.12e+01  0.2775131319  1.571314e-01 1.0272000000000001
1  1.00e+02  0.2734440587  1.571314e-01 1.0272000000000001
1  1.10e+02  0.267917808  1.571314e-01 1.0272000000000001
1  1.20e+02  0.2600613591  1.571314e-01 1.0272000000000001
1  1.32e+02  0.2486754605  1.571314e-01 1.0272000000000001
1  1.45e+02  0.2317678677  1.571314e-01 1.0272000000000001
1  1.58e+02  0.2069521932  1.571314e-01 1.0272000000000001
1  1.74e+02  0.1731782619  1.571314e-01 1.0272000000000001
1  1.91e+02  0.1341134957  1.571314e-01 1.0272000000000001
1  2.09e+02  0.09832325416  1.571314e-01 1.0272000000000001
1  2.29e+02  0.07191474095  1.571314e-01 1.0272000000000001
1  2.51e+02  0.0548487368  1.571314e-01 1.0272000000000001
1  2.75e+02  0.04433371156  1.571314e-01 1.0272000000000001
1  3.02e+02  0.03784569048  1.571314e-01 1.0272000000000001
1  3.31e+02  0.03374962219  1.571314e-01 1.0272000000000001
1  3.63e+02  0.03108859062  1.571314e-01 1.0272000000000001
1  3.98e+02  0.02930888112  1.571314e-01 1.0272000000000001
1  4.37e+02  0.02808683241  1.571314e-01 1.0272000000000001
1  4.79e+02  0.02722620728  1.571314e-01 1.0272000000000001
1  5.25e+02  0.02661065499  1.571314e-01 1.0272000000000001
1  5.75e+02  0.02616071021  1.571314e-01 1.0272000000000001
1  6.31e+02  0.02582769457  1.571314e-01 1.0272000000000001
1  6.92e+02  0.02557781472  1.571314e-01 1.0272000000000001
1  7.59e+02  0.02538733216  1.571314e-01 1.0272000000000001
1  8.32e+02  0.02524169484  1.571314e-01 1.0272000000000001
1  9.12e+02  0.02512802008  1.571314e-01 1.0272000000000001
1  1.00e+03  0.02503969941  1.571314e-01 1.0272000000000001
1  1.10e+03  0.02496981084  1.571314e-01 1.0272000000000001
1  1.20e+03  0.02491607866  1.571314e-01 1.0272000000000001
1  1.32e+03  0.02487249901  1.571314e-01 1.0272000000000001
1  1.45e+03  0.02483739162  1.571314e-01 1.0272000000000001
1  1.58e+03  0.02481053788  1.571314e-01 1.0272000000000001
1  1.74e+03  0.02478733433  1.571314e-01 1.0272000000000001
1  1.91e+03  0.02476983287  1.571314e-01 1.0272000000000001
1  2.09e+03  0.02475536335  1.571314e-01 1.0272000000000001
1  2.29e+03  0.02474380344  1.571314e-01 1.0272000000000001
1  2.51e+03  0.02473401628  1.571314e-01 1.0272000000000001
1  2.75e+03  0.02472668493  1.571314e-01 1.0272000000000001
1  3.02e+03  0.02471982489  1.571314e-01 1.0272000000000001
1  3.31e+03  0.02471477028  1.571314e-01 1.0272000000000001
1  3.63e+03  0.0247119256  1.571314e-01 1.0272000000000001
1  3.98e+03  0.02470890783  1.571314e-01 1.0272000000000001
1  4.37e+03  0.02470486947  1.571314e-01 1.0272000000000001
1  4.79e+03  0.0247033178  1.571314e-01 1.0272000000000001
1  5.25e+03  0.02470748857  1.571314e-01 1.0272000000000001
1  5.75e+03  0.02469839318  1.571314e-01 1.0272000000000001
1  6.31e+03  0.02469200248  1.571314e-01 1.0272000000000001
1  6.92e+03  0.02470045891  1.571314e-01 1.0272000000000001
1  7.59e+03  0.02474093351  1.571314e-01 1.0272000000000001
1  8.32e+03  0.02488540606  1.571314e-01 1.0272000000000001
1  9.12e+03  0.02492330699  1.571314e-01 1.0272000000000001
1  1.00e+04  0.02525803109  1.571314e-01 1.0272000000000001
1  1.10e+04  0.02576766895  1.571314e-01 1.0272000000000001
1  1.20e+04  0.0265255061  1.571314e-01 1.0272000000000001
1  1.32e+04  0.02755207339  1.571314e-01 1.0272000000000001
1  1.45e+04  0.02903484188  1.571314e-01 1.0272000000000001
1  1.58e+04  0.03169713792  1.571314e-01 1.0272000000000001
1  1.74e+04  0.03473369785  1.571314e-01 1.0272000000000001
1  1.91e+04  0.03912666312  1.571314e-01 1.0272000000000001
1  2.09e+04  0.04445597664  1.571314e-01 1.0272000000000001
1  2.29e+04  0.05141365988  1.571314e-01 1.0272000000000001
1  2.51e+04  0.05948801541  1.571314e-01 1.0272000000000001
1  2.75e+04  0.06907489891  1.571314e-01 1.0272000000000001
1  3.02e+04  0.08023433123  1.571314e-01 1.0272000000000001
1  3.31e+04  0.09324954092  1.571314e-01 1.0272000000000001
1  3.63e+04  0.1075053626  1.571314e-01 1.0272000000000001
1  3.98e+04  0.1209953767  1.571314e-01 1.0272000000000001
1  4.37e+04  0.1383081693  1.571314e-01 1.0272000000000001
1  4.79e+04  0.1553197552  1.571314e-01 1.0272000000000001
1  5.25e+04  0.1723851254  1.571314e-01 1.0272000000000001
1  5.75e+04  0.1903158874  1.571314e-01 1.0272000000000001
1  6.31e+04  0.2109343984  1.571314e-01 1.0272000000000001
1  6.92e+04  0.2263419863  1.571314e-01 1.0272000000000001
1  7.59e+04  0.2455387763  1.571314e-01 1.0272000000000001
1  8.32e+04  0.2678192873  1.571314e-01 1.0272000000000001
1  9.12e+04  0.283718475  1.571314e-01 1.0272000000000001
1  1.00e+05  0.2977675288  1.571314e-01 1.0272000000000001
1  1.10e+05  0.315248667  1.571314e-01 1.0272000000000001
1  1.20e+05  0.3351256454  1.571314e-01 1.0272000000000001
1  1.32e+05  0.3541885105  1.571314e-01 1.0272000000000001
1  1.45e+05  0.3698883102  1.571314e-01 1.0272000000000001
1  1.58e+05  0.3821145694  1.571314e-01 1.0272000000000001
1  1.74e+05  0.3925303998  1.571314e-01 1.0272000000000001
1  1.91e+05  0.4027468986  1.571314e-01 1.0272000000000001
1  2.09e+05  0.4135013449  1.571314e-01 1.0272000000000001
1  2.29e+05  0.4248589733  1.571314e-01 1.0272000000000001
1  2.51e+05  0.4365859858  1.571314e-01 1.0272000000000001
1  2.75e+05  0.4483428953  1.571314e-01 1.0272000000000001
1  3.02e+05  0.4597741328  1.571314e-01 1.0272000000000001
1  3.31e+05  0.4705759932  1.571314e-01 1.0272000000000001
1  3.63e+05  0.4805409527  1.571314e-01 1.0272000000000001
1  3.98e+05  0.4895655195  1.571314e-01 1.0272000000000001
1  4.37e+05  0.497630795  1.571314e-01 1.0272000000000001
1  4.79e+05  0.5047739366  1.571314e-01 1.0272000000000001
1  5.25e+05  0.5110630413  1.571314e-01 1.0272000000000001
1  5.75e+05  0.5165796358  1.571314e-01 1.0272000000000001
1  6.31e+05  0.5214080787  1.571314e-01 1.0272000000000001
1  6.92e+05  0.5256297426  1.571314e-01 1.0272000000000001
1  7.59e+05  0.5293200935  1.571314e-01 1.0272000000000001
1  8.32e+05  0.5325474214  1.571314e-01 1.0272000000000001
1  9.12e+05  0.5353725021  1.571314e-01 1.0272000000000001
1  1.00e+06  0.5378487816  1.571314e-01 1.0272000000000001
1  1.10e+06  0.540022852  1.571314e-01 1.0272000000000001
1  1.20e+06  0.541935075  1.571314e-01 1.0272000000000001
1  1.32e+06  0.543620262  1.571314e-01 1.0272000000000001
1  1.45e+06  0.5451083536  1.571314e-01 1.0272000000000001
1  1.58e+06  0.5464250615  1.571314e-01 1.0272000000000001
1  1.74e+06  0.5475924564  1.571314e-01 1.0272000000000001
1  1.91e+06  0.5486294932  1.571314e-01 1.0272000000000001
1  2.09e+06  0.5495524599  1.571314e-01 1.0272000000000001
1  2.29e+06  0.5503753779  1.571314e-01 1.0272000000000001
1  2.51e+06  0.551110344  1.571314e-01 1.0272000000000001
1  2.75e+06  0.5517678142  1.571314e-01 1.0272000000000001
1  3.02e+06  0.5523568482  1.571314e-01 1.0272000000000001
1  3.31e+06  0.5528853147  1.571314e-01 1.0272000000000001
1  3.63e+06  0.5533600657  1.571314e-01 1.0272000000000001
1  3.98e+06  0.5537870828  1.571314e-01 1.0272000000000001
1  4.37e+06  0.554171601  1.571314e-01 1.0272000000000001
1  4.79e+06  0.5545182137  1.571314e-01 1.0272000000000001
1  5.25e+06  0.5548309605  1.571314e-01 1.0272000000000001
1  5.75e+06  0.555113403  1.571314e-01 1.0272000000000001
1  6.31e+06  0.5553686878  1.571314e-01 1.0272000000000001
1  6.92e+06  0.5555996014  1.571314e-01 1.0272000000000001
1  7.59e+06  0.555808616  1.571314e-01 1.0272000000000001
1  8.32e+06  0.5559979299  1.571314e-01 1.0272000000000001
1  9.12e+06  0.5561695007  1.571314e-01 1.0272000000000001
1  1.00e+07  0.5563250755  1.571314e-01 1.0272000000000001
