1  1.00e-03  0.558446022  1.540720e-01 1.0072
1  1.10e-03  0.5584433698  1.540720e-01 1.0072
1  1.20e-03  0.558440496  1.540720e-01 1.0072
1  1.32e-03  0.5584372731  1.540720e-01 1.0072
1  1.45e-03  0.5584336988  1.540720e-01 1.0072
1  1.58e-03  0.5584298645  1.540720e-01 1.0072
1  1.74e-03  0.5584257073  1.540720e-01 1.0072
1  1.91e-03  0.558421074  1.540720e-01 1.0072
1  2.09e-03  0.5584159221  1.540720e-01 1.0072
1  2.29e-03  0.5584104154  1.540720e-01 1.0072
1  2.51e-03  0.5584042681  1.540720e-01 1.0072
1  2.75e-03  0.5583976016  1.540720e-01 1.0072
1  3.02e-03  0.5583902559  1.540720e-01 1.0072
1  3.31e-03  0.5583821931  1.540720e-01 1.0072
1  3.63e-03  0.5583733925  1.540720e-01 1.0072
1  3.98e-03  0.5583637133  1.540720e-01 1.0072
1  4.37e-03  0.5583531101  1.540720e-01 1.0072
1  4.79e-03  0.5583414616  1.540720e-01 1.0072
1  5.25e-03  0.5583287061  1.540720e-01 1.0072
1  5.75e-03  0.5583146968  1.540720e-01 1.0072
1  6.31e-03  0.558299366  1.540720e-01 1.0072
1  6.92e-03  0.5582825219  1.540720e-01 1.0072
1  7.59e-03  0.5582640858  1.540720e-01 1.0072
1  8.32e-03  0.5582438428  1.540720e-01 1.0072
1  9.12e-03  0.5582216421  1.540720e-01 1.0072
1  1.00e-02  0.5581973134  1.540720e-01 1.0072
1  1.10e-02  0.5581706103  1.540720e-01 1.0072
1  1.20e-02  0.5581412951  1.540720e-01 1.0072
1  1.32e-02  0.5581092089  1.540720e-01 1.0072
1  1.45e-02  0.5580739963  1.540720e-01 1.0072
1  1.58e-02  0.5580353803  1.540720e-01 1.0072
1  1.74e-02  0.5579930205  1.540720e-01 1.0072
1  1.91e-02  0.5579465029  1.540720e-01 1.0072
1  2.09e-02  0.5578955853  1.540720e-01 1.0072
1  2.29e-02  0.5578396873  1.540720e-01 1.0072
1  2.51e-02  0.5577783319  1.540720e-01 1.0072
1  2.75e-02  0.5577110015  1.540720e-01 1.0072
1  3.02e-02  0.5576372639  1.540720e-01 1.0072
1  3.31e-02  0.5575563651  1.540720e-01 1.0072
1  3.63e-02  0.5574675497  1.540720e-01 1.0072
1  3.98e-02  0.5573699978  1.540720e-01 1.0072
1  4.37e-02  0.5572631688  1.540720e-01 1.0072
1  4.79e-02  0.5571456777  1.540720e-01 1.0072
1  5.25e-02  0.5570168653  1.540720e-01 1.0072
1  5.75e-02  0.5568757227  1.540720e-01 1.0072
1  6.31e-02  0.5567204427  1.540720e-01 1.0072
1  6.92e-02  0.556550207  1.540720e-01 1.0072
1  7.59e-02  0.5563634192  1.540720e-01 1.0072
1  8.32e-02  0.5561579732  1.540720e-01 1.0072
1  9.12e-02  0.5559329477  1.540720e-01 1.0072
1  1.00e-01  0.5556852504  1.540720e-01 1.0072
1  1.10e-01  0.5554132598  1.540720e-01 1.0072
1  1.20e-01  0.5551146772  1.540720e-01 1.0072
1  1.32e-01  0.5547869936  1.540720e-01 1.0072
1  1.45e-01  0.5544260295  1.540720e-01 1.0072
1  1.58e-01  0.554029963  1.540720e-01 1.0072
1  1.74e-01  0.5535941337  1.540720e-01 1.0072
1  1.91e-01  0.5531151419  1.540720e-01 1.0072
1  2.09e-01  0.5525882368  1.540720e-01 1.0072
1  2.29e-01  0.5520082221  1.540720e-01 1.0072
1  2.51e-01  0.5513694026  1.540720e-01 1.0072
1  2.75e-01  0.5506678224  1.540720e-01 1.0072
1  3.02e-01  0.5498927243  1.540720e-01 1.0072
1  3.31e-01  0.5490399481  1.540720e-01 1.0072
1  3.63e-01  0.5481011948  1.540720e-01 1.0072
1  3.98e-01  0.5470635075  1.540720e-01 1.0072
1  4.37e-01  0.5459204098  1.540720e-01 1.0072
1  4.79e-01  0.5446583988  1.540720e-01 1.0072
1  5.25e-01  0.5432658116  1.540720e-01 1.0072
1  5.75e-01  0.5417264605  1.540720e-01 1.0072
1  6.31e-01  0.540022048  1.540720e-01 1.0072
1  6.92e-01  0.5381414806  1.540720e-01 1.0072
1  7.59e-01  0.5360559679  1.540720e-01 1.0072
1  8.32e-01  0.533749218  1.540720e-01 1.0072
1  9.12e-01  0.5311924337  1.540720e-01 1.0072
1  1.00e+00  0.5283637631  1.540720e-01 1.0072
1  1.10e+00  0.525219452  1.540720e-01 1.0072
1  1.20e+00  0.5217370954  1.540720e-01 1.0072
1  1.32e+00  0.5178805969  1.540720e-01 1.0072
1  1.45e+00  0.5135933811  1.540720e-01 1.0072
1  1.58e+00  0.5088552185  1.540720e-01 1.0072
1  1.74e+00  0.5035964716  1.540720e-01 1.0072
1  1.91e+00  0.4977866241  1.540720e-01 1.0072
1  2.09e+00  0.4913788255  1.540720e-01 1.0072
1  2.29e+00  0.4843253087  1.540720e-01 1.0072
1  2.51e+00  0.4766091253  1.540720e-01 1.0072
1  2.75e+00  0.4681782125  1.540720e-01 1.0072
1  3.02e+00  0.4590560772  1.540720e-01 1.0072
1  3.31e+00  0.4492691299  1.540720e-01 1.0072
1  3.63e+00  0.4388386974  1.540720e-01 1.0072
1  3.98e+00  0.4279123164  1.540720e-01 1.0072
1  4.37e+00  0.4165835891  1.540720e-01 1.0072
1  4.79e+00  0.4050501728  1.540720e-01 1.0072
1  5.25e+00  0.3934893089  1.540720e-01 1.0072
1  5.75e+00  0.3821563978  1.540720e-01 1.0072
1  6.31e+00  0.3712731714  1.540720e-01 1.0072
1  6.92e+00  0.3610107944  1.540720e-01 1.0072
1  7.59e+00  0.3515047857  1.540720e-01 1.0072
1  8.32e+00  0.3429109293  1.540720e-01 1.0072
1  9.12e+00  0.3352263805  1.540720e-01 1.0072
1  1.00e+01  0.3285062768  1.540720e-01 1.0072
1  1.10e+01  0.3226593866  1.540720e-01 1.0072
1  1.20e+01  0.3176037562  1.540720e-01 1.0072
1  1.32e+01  0.3133907552  1.540720e-01 1.0072
1  1.45e+01  0.3097655652  1.540720e-01 1.0072
1  1.58e+01  0.306743656  1.540720e-01 1.0072
1  1.74e+01  0.3041582946  1.540720e-01 1.0072
1  1.91e+01  0.3019935149  1.540720e-01 1.0072
1  2.09e+01  0.3001834894  1.540720e-01 1.0072
1  2.29e+01  0.2986182447  1.540720e-01 1.0072
1  2.51e+01  0.2972595742  1.540720e-01 1.0072
1  2.75e+01  0.2960817715  1.540720e-01 1.0072
1  3.02e+01  0.2950069701  1.540720e-01 1.0072
1  3.31e+01  0.29405941  1.540720e-01 1.0072
1  3.63e+01  0.2931400745  1.540720e-01 1.0072
1  3.98e+01  0.292286716  1.540720e-01 1.0072
1  4.37e+01  0.2914079124  1.540720e-01 1.0072
1  4.79e+01  0.2904659854  1.540720e-01 1.0072
1  5.25e+01  0.2895011876  1.540720e-01 1.0072
1  5.75e+01  0.2884008239  1.540720e-01 1.0072
1  6.31e+01  0.2871132202  1.540720e-01 1.0072
1  6.92e+01  0.2856091798  1.540720e-01 1.0072
1  7.59e+01  0.2837945941  1.540720e-01 1.0072
1  8.32e+01  0.2814677856  1.540720e-01 1.0072
1  9.12e+01  0.2784946091  1.540720e-01 1.0072
1  1.00e+02  0.2745554286  1.540720e-01 1.0072
1  1.10e+02  0.2691138675  1.540720e-01 1.0072
1  1.20e+02  0.2614251019  1.540720e-01 1.0072
1  1.32e+02  0.2501344382  1.540720e-01 1.0072
1  1.45e+02  0.2332793876  1.540720e-01 1.0072
1  1.58e+02  0.2083430228  1.540720e-01 1.0072
1  1.74e+02  0.1739570933  1.540720e-01 1.0072
1  1.91e+02  0.1339245531  1.540720e-01 1.0072
1  2.09e+02  0.09732107528  1.540720e-01 1.0072
1  2.29e+02  0.07054569049  1.540720e-01 1.0072
1  2.51e+02  0.05342785077  1.540720e-01 1.0072
1  2.75e+02  0.04298785593  1.540720e-01 1.0072
1  3.02e+02  0.03658561542  1.540720e-01 1.0072
1  3.31e+02  0.03256746338  1.540720e-01 1.0072
1  3.63e+02  0.02996561247  1.540720e-01 1.0072
1  3.98e+02  0.02822676902  1.540720e-01 1.0072
1  4.37e+02  0.02703412312  1.540720e-01 1.0072
1  4.79e+02  0.02619976773  1.540720e-01 1.0072
1  5.25e+02  0.0256026049  1.540720e-01 1.0072
1  5.75e+02  0.02516544612  1.540720e-01 1.0072
1  6.31e+02  0.02484137983  1.540720e-01 1.0072
1  6.92e+02  0.02459708724  1.540720e-01 1.0072
1  7.59e+02  0.02441277211  1.540720e-01 1.0072
1  8.32e+02  0.02427038142  1.540720e-01 1.0072
1  9.12e+02  0.0241618019  1.540720e-01 1.0072
1  1.00e+03  0.02407619726  1.540720e-01 1.0072
1  1.10e+03  0.02401006104  1.540720e-01 1.0072
1  1.20e+03  0.02395587347  1.540720e-01 1.0072
1  1.32e+03  0.02391477529  1.540720e-01 1.0072
1  1.45e+03  0.02388098163  1.540720e-01 1.0072
1  1.58e+03  0.02385340252  1.540720e-01 1.0072
1  1.74e+03  0.02383259206  1.540720e-01 1.0072
1  1.91e+03  0.02381466766  1.540720e-01 1.0072
1  2.09e+03  0.0238003694  1.540720e-01 1.0072
1  2.29e+03  0.02378901158  1.540720e-01 1.0072
1  2.51e+03  0.02378128568  1.540720e-01 1.0072
1  2.75e+03  0.02377349334  1.540720e-01 1.0072
1  3.02e+03  0.02376783716  1.540720e-01 1.0072
1  3.31e+03  0.02376238626  1.540720e-01 1.0072
1  3.63e+03  0.02375779728  1.540720e-01 1.0072
1  3.98e+03  0.02375572751  1.540720e-01 1.0072
1  4.37e+03  0.02375509415  1.540720e-01 1.0072
1  4.79e+03  0.02375737679  1.540720e-01 1.0072
1  5.25e+03  0.02374763252  1.540720e-01 1.0072
1  5.75e+03  0.0237604142  1.540720e-01 1.0072
1  6.31e+03  0.02374446099  1.540720e-01 1.0072
1  6.92e+03  0.02375737912  1.540720e-01 1.0072
1  7.59e+03  0.02382952043  1.540720e-01 1.0072
1  8.32e+03  0.02397398155  1.540720e-01 1.0072
1  9.12e+03  0.02405648518  1.540720e-01 1.0072
1  1.00e+04  0.02441944491  1.540720e-01 1.0072
1  1.10e+04  0.02504556083  1.540720e-01 1.0072
1  1.20e+04  0.02595772789  1.540720e-01 1.0072
1  1.32e+04  0.02713747033  1.540720e-01 1.0072
1  1.45e+04  0.02891390256  1.540720e-01 1.0072
1  1.58e+04  0.03197835587  1.540720e-01 1.0072
1  1.74e+04  0.03530192353  1.540720e-01 1.0072
1  1.91e+04  0.0402309011  1.540720e-01 1.0072
1  2.09e+04  0.04607319555  1.540720e-01 1.0072
1  2.29e+04  0.05348638121  1.540720e-01 1.0072
1  2.51e+04  0.06213272906  1.540720e-01 1.0072
1  2.75e+04  0.07233053048  1.540720e-01 1.0072
1  3.02e+04  0.0840756367  1.540720e-01 1.0072
1  3.31e+04  0.0976520269  1.540720e-01 1.0072
1  3.63e+04  0.1124758116  1.540720e-01 1.0072
1  3.98e+04  0.1264799941  1.540720e-01 1.0072
1  4.37e+04  0.144161142  1.540720e-01 1.0072
1  4.79e+04  0.1615074817  1.540720e-01 1.0072
1  5.25e+04  0.1788174793  1.540720e-01 1.0072
1  5.75e+04  0.1969898145  1.540720e-01 1.0072
1  6.31e+04  0.2176595468  1.540720e-01 1.0072
1  6.92e+04  0.2331601488  1.540720e-01 1.0072
1  7.59e+04  0.2523763444  1.540720e-01 1.0072
1  8.32e+04  0.2745102704  1.540720e-01 1.0072
1  9.12e+04  0.29031093  1.540720e-01 1.0072
1  1.00e+05  0.3042687792  1.540720e-01 1.0072
1  1.10e+05  0.3215949155  1.540720e-01 1.0072
1  1.20e+05  0.3411932352  1.540720e-01 1.0072
1  1.32e+05  0.3599237312  1.540720e-01 1.0072
1  1.45e+05  0.3753404166  1.540720e-01 1.0072
1  1.58e+05  0.3873501606  1.540720e-01 1.0072
1  1.74e+05  0.3975789013  1.540720e-01 1.0072
1  1.91e+05  0.4076016708  1.540720e-01 1.0072
1  2.09e+05  0.4181362025  1.540720e-01 1.0072
1  2.29e+05  0.4292414144  1.540720e-01 1.0072
1  2.51e+05  0.4406870874  1.540720e-01 1.0072
1  2.75e+05  0.4521442815  1.540720e-01 1.0072
1  3.02e+05  0.4632707708  1.540720e-01 1.0072
1  3.31e+05  0.4737750525  1.540720e-01 1.0072
1  3.63e+05  0.4834585287  1.540720e-01 1.0072
1  3.98e+05  0.4922230379  1.540720e-01 1.0072
1  4.37e+05  0.5000520836  1.540720e-01 1.0072
1  4.79e+05  0.5069832025  1.540720e-01 1.0072
1  5.25e+05  0.5130836205  1.540720e-01 1.0072
1  5.75e+05  0.5184332954  1.540720e-01 1.0072
1  6.31e+05  0.5231146779  1.540720e-01 1.0072
1  6.92e+05  0.5272071222  1.540720e-01 1.0072
1  7.59e+05  0.530784103  1.540720e-01 1.0072
1  8.32e+05  0.5339120288  1.540720e-01 1.0072
1  9.12e+05  0.5366499466  1.540720e-01 1.0072
1  1.00e+06  0.5390497462  1.540720e-01 1.0072
1  1.10e+06  0.5411566388  1.540720e-01 1.0072
1  1.20e+06  0.5430097735  1.540720e-01 1.0072
1  1.32e+06  0.5446429049  1.540720e-01 1.0072
1  1.45e+06  0.546085057  1.540720e-01 1.0072
1  1.58e+06  0.5473611498  1.540720e-01 1.0072
1  1.74e+06  0.5484925707  1.540720e-01 1.0072
1  1.91e+06  0.5494976857  1.540720e-01 1.0072
1  2.09e+06  0.5503922751  1.540720e-01 1.0072
1  2.29e+06  0.5511899233  1.540720e-01 1.0072
1  2.51e+06  0.5519023482  1.540720e-01 1.0072
1  2.75e+06  0.5525396795  1.540720e-01 1.0072
1  3.02e+06  0.553110693  1.540720e-01 1.0072
1  3.31e+06  0.5536230116  1.540720e-01 1.0072
1  3.63e+06  0.554083273  1.540720e-01 1.0072
1  3.98e+06  0.5544972721  1.540720e-01 1.0072
1  4.37e+06  0.5548700807  1.540720e-01 1.0072
1  4.79e+06  0.5552061489  1.540720e-01 1.0072
1  5.25e+06  0.5555093908  1.540720e-01 1.0072
1  5.75e+06  0.5557832573  1.540720e-01 1.0072
1  6.31e+06  0.5560307974  1.540720e-01 1.0072
1  6.92e+06  0.5562547114  1.540720e-01 1.0072
1  7.59e+06  0.556457395  1.540720e-01 1.0072
1  8.32e+06  0.5566409786  1.540720e-01 1.0072
1  9.12e+06  0.5568073597  1.540720e-01 1.0072
1  1.00e+07  0.5569582315  1.540720e-01 1.0072
