1  1.00e-03  0.5579543735  1.566419e-01 1.024
1  1.10e-03  0.5579517219  1.566419e-01 1.024
1  1.20e-03  0.5579488491  1.566419e-01 1.024
1  1.32e-03  0.5579456328  1.566419e-01 1.024
1  1.45e-03  0.5579420617  1.566419e-01 1.024
1  1.58e-03  0.5579382314  1.566419e-01 1.024
1  1.74e-03  0.5579340778  1.566419e-01 1.024
1  1.91e-03  0.5579294438  1.566419e-01 1.024
1  2.09e-03  0.5579242993  1.566419e-01 1.024
1  2.29e-03  0.557918799  1.566419e-01 1.024
1  2.51e-03  0.5579126595  1.566419e-01 1.024
1  2.75e-03  0.5579059969  1.566419e-01 1.024
1  3.02e-03  0.5578986544  1.566419e-01 1.024
1  3.31e-03  0.5578906053  1.566419e-01 1.024
1  3.63e-03  0.5578818114  1.566419e-01 1.024
1  3.98e-03  0.5578721319  1.566419e-01 1.024
1  4.37e-03  0.5578615384  1.566419e-01 1.024
1  4.79e-03  0.5578499108  1.566419e-01 1.024
1  5.25e-03  0.5578371537  1.566419e-01 1.024
1  5.75e-03  0.5578231681  1.566419e-01 1.024
1  6.31e-03  0.5578078525  1.566419e-01 1.024
1  6.92e-03  0.5577910206  1.566419e-01 1.024
1  7.59e-03  0.5577725848  1.566419e-01 1.024
1  8.32e-03  0.5577523573  1.566419e-01 1.024
1  9.12e-03  0.5577301752  1.566419e-01 1.024
1  1.00e-02  0.5577058843  1.566419e-01 1.024
1  1.10e-02  0.5576791839  1.566419e-01 1.024
1  1.20e-02  0.5576499098  1.566419e-01 1.024
1  1.32e-02  0.5576178328  1.566419e-01 1.024
1  1.45e-02  0.5575826479  1.566419e-01 1.024
1  1.58e-02  0.5575440629  1.566419e-01 1.024
1  1.74e-02  0.5575017747  1.566419e-01 1.024
1  1.91e-02  0.5574553063  1.566419e-01 1.024
1  2.09e-02  0.5574044272  1.566419e-01 1.024
1  2.29e-02  0.5573485746  1.566419e-01 1.024
1  2.51e-02  0.5572872875  1.566419e-01 1.024
1  2.75e-02  0.5572199981  1.566419e-01 1.024
1  3.02e-02  0.5571463472  1.566419e-01 1.024
1  3.31e-02  0.5570654763  1.566419e-01 1.024
1  3.63e-02  0.5569767207  1.566419e-01 1.024
1  3.98e-02  0.5568792266  1.566419e-01 1.024
1  4.37e-02  0.5567725346  1.566419e-01 1.024
1  4.79e-02  0.5566552069  1.566419e-01 1.024
1  5.25e-02  0.5565264466  1.566419e-01 1.024
1  5.75e-02  0.5563853476  1.566419e-01 1.024
1  6.31e-02  0.5562303537  1.566419e-01 1.024
1  6.92e-02  0.5560602804  1.566419e-01 1.024
1  7.59e-02  0.5558736339  1.566419e-01 1.024
1  8.32e-02  0.5556682736  1.566419e-01 1.024
1  9.12e-02  0.5554434846  1.566419e-01 1.024
1  1.00e-01  0.555195869  1.566419e-01 1.024
1  1.10e-01  0.5549243075  1.566419e-01 1.024
1  1.20e-01  0.5546258538  1.566419e-01 1.024
1  1.32e-01  0.554298359  1.566419e-01 1.024
1  1.45e-01  0.5539377723  1.566419e-01 1.024
1  1.58e-01  0.5535419407  1.566419e-01 1.024
1  1.74e-01  0.5531065074  1.566419e-01 1.024
1  1.91e-01  0.5526283677  1.566419e-01 1.024
1  2.09e-01  0.5521019041  1.566419e-01 1.024
1  2.29e-01  0.5515224778  1.566419e-01 1.024
1  2.51e-01  0.5508841266  1.566419e-01 1.024
1  2.75e-01  0.5501828873  1.566419e-01 1.024
1  3.02e-01  0.5494088767  1.566419e-01 1.024
1  3.31e-01  0.5485568534  1.566419e-01 1.024
1  3.63e-01  0.5476190132  1.566419e-01 1.024
1  3.98e-01  0.5465821793  1.566419e-01 1.024
1  4.37e-01  0.5454396349  1.566419e-01 1.024
1  4.79e-01  0.5441797128  1.566419e-01 1.024
1  5.25e-01  0.5427883687  1.566419e-01 1.024
1  5.75e-01  0.5412493257  1.566419e-01 1.024
1  6.31e-01  0.5395473037  1.566419e-01 1.024
1  6.92e-01  0.5376676012  1.566419e-01 1.024
1  7.59e-01  0.5355857674  1.566419e-01 1.024
1  8.32e-01  0.5332797429  1.566419e-01 1.024
1  9.12e-01  0.5307266032  1.566419e-01 1.024
1  1.00e+00  0.5278994082  1.566419e-01 1.024
1  1.10e+00  0.5247594145  1.566419e-01 1.024
1  1.20e+00  0.5212804197  1.566419e-01 1.024
1  1.32e+00  0.5174266598  1.566419e-01 1.024
1  1.45e+00  0.5131453705  1.566419e-01 1.024
1  1.58e+00  0.5084111352  1.566419e-01 1.024
1  1.74e+00  0.5031596016  1.566419e-01 1.024
1  1.91e+00  0.4973553757  1.566419e-01 1.024
1  2.09e+00  0.4909540851  1.566419e-01 1.024
1  2.29e+00  0.48390484  1.566419e-01 1.024
1  2.51e+00  0.47619601  1.566419e-01 1.024
1  2.75e+00  0.4677713019  1.566419e-01 1.024
1  3.02e+00  0.4586595239  1.566419e-01 1.024
1  3.31e+00  0.448878075  1.566419e-01 1.024
1  3.63e+00  0.4384548261  1.566419e-01 1.024
1  3.98e+00  0.427524531  1.566419e-01 1.024
1  4.37e+00  0.4162093926  1.566419e-01 1.024
1  4.79e+00  0.4046783768  1.566419e-01 1.024
1  5.25e+00  0.3931171643  1.566419e-01 1.024
1  5.75e+00  0.3817826962  1.566419e-01 1.024
1  6.31e+00  0.3708990677  1.566419e-01 1.024
1  6.92e+00  0.3606275895  1.566419e-01 1.024
1  7.59e+00  0.3511121051  1.566419e-01 1.024
1  8.32e+00  0.3425190215  1.566419e-01 1.024
1  9.12e+00  0.3348178786  1.566419e-01 1.024
1  1.00e+01  0.3280976197  1.566419e-01 1.024
1  1.10e+01  0.3222451957  1.566419e-01 1.024
1  1.20e+01  0.3172293072  1.566419e-01 1.024
1  1.32e+01  0.3129583552  1.566419e-01 1.024
1  1.45e+01  0.3093281861  1.566419e-01 1.024
1  1.58e+01  0.3062761569  1.566419e-01 1.024
1  1.74e+01  0.3036924816  1.566419e-01 1.024
1  1.91e+01  0.3015217735  1.566419e-01 1.024
1  2.09e+01  0.2996959692  1.566419e-01 1.024
1  2.29e+01  0.2981203866  1.566419e-01 1.024
1  2.51e+01  0.2967509851  1.566419e-01 1.024
1  2.75e+01  0.2955631705  1.566419e-01 1.024
1  3.02e+01  0.2945062846  1.566419e-01 1.024
1  3.31e+01  0.2935485681  1.566419e-01 1.024
1  3.63e+01  0.2926187078  1.566419e-01 1.024
1  3.98e+01  0.2917221634  1.566419e-01 1.024
1  4.37e+01  0.2908339017  1.566419e-01 1.024
1  4.79e+01  0.2899046754  1.566419e-01 1.024
1  5.25e+01  0.2888833259  1.566419e-01 1.024
1  5.75e+01  0.2877682511  1.566419e-01 1.024
1  6.31e+01  0.2864634196  1.566419e-01 1.024
1  6.92e+01  0.2849428847  1.566419e-01 1.024
1  7.59e+01  0.2830554984  1.566419e-01 1.024
1  8.32e+01  0.2807071132  1.566419e-01 1.024
1  9.12e+01  0.277671732  1.566419e-01 1.024
1  1.00e+02  0.273617934  1.566419e-01 1.024
1  1.10e+02  0.268113556  1.566419e-01 1.024
1  1.20e+02  0.2602758686  1.566419e-01 1.024
1  1.32e+02  0.2489144746  1.566419e-01 1.024
1  1.45e+02  0.2320121928  1.566419e-01 1.024
1  1.58e+02  0.2071701885  1.566419e-01 1.024
1  1.74e+02  0.1732927865  1.566419e-01 1.024
1  1.91e+02  0.1340892151  1.566419e-01 1.024
1  2.09e+02  0.09815840891  1.566419e-01 1.024
1  2.29e+02  0.0717014868  1.566419e-01 1.024
1  2.51e+02  0.05462244569  1.566419e-01 1.024
1  2.75e+02  0.04411391592  1.566419e-01 1.024
1  3.02e+02  0.03764374017  1.566419e-01 1.024
1  3.31e+02  0.03355691276  1.566419e-01 1.024
1  3.63e+02  0.03090654613  1.566419e-01 1.024
1  3.98e+02  0.0291343924  1.566419e-01 1.024
1  4.37e+02  0.02791867126  1.566419e-01 1.024
1  4.79e+02  0.02706060843  1.566419e-01 1.024
1  5.25e+02  0.026447145  1.566419e-01 1.024
1  5.75e+02  0.02599971452  1.566419e-01 1.024
1  6.31e+02  0.02566836716  1.566419e-01 1.024
1  6.92e+02  0.02541885253  1.566419e-01 1.024
1  7.59e+02  0.02522957053  1.566419e-01 1.024
1  8.32e+02  0.02508515521  1.566419e-01 1.024
1  9.12e+02  0.02497211704  1.566419e-01 1.024
1  1.00e+03  0.02488424135  1.566419e-01 1.024
1  1.10e+03  0.02481489697  1.566419e-01 1.024
1  1.20e+03  0.0247614847  1.566419e-01 1.024
1  1.32e+03  0.02471840767  1.566419e-01 1.024
1  1.45e+03  0.02468276857  1.566419e-01 1.024
1  1.58e+03  0.02465610149  1.566419e-01 1.024
1  1.74e+03  0.02463306682  1.566419e-01 1.024
1  1.91e+03  0.02461559436  1.566419e-01 1.024
1  2.09e+03  0.0246012657  1.566419e-01 1.024
1  2.29e+03  0.02458967221  1.566419e-01 1.024
1  2.51e+03  0.02458043068  1.566419e-01 1.024
1  2.75e+03  0.02457305423  1.566419e-01 1.024
1  3.02e+03  0.024566302  1.566419e-01 1.024
1  3.31e+03  0.02456107483  1.566419e-01 1.024
1  3.63e+03  0.02455801546  1.566419e-01 1.024
1  3.98e+03  0.02455525582  1.566419e-01 1.024
1  4.37e+03  0.02455165725  1.566419e-01 1.024
1  4.79e+03  0.02455077066  1.566419e-01 1.024
1  5.25e+03  0.02455283689  1.566419e-01 1.024
1  5.75e+03  0.02454633212  1.566419e-01 1.024
1  6.31e+03  0.02453883273  1.566419e-01 1.024
1  6.92e+03  0.02454814171  1.566419e-01 1.024
1  7.59e+03  0.02459172077  1.566419e-01 1.024
1  8.32e+03  0.0247408326  1.566419e-01 1.024
1  9.12e+03  0.02478227111  1.566419e-01 1.024
1  1.00e+04  0.02512080431  1.566419e-01 1.024
1  1.10e+04  0.02564859112  1.566419e-01 1.024
1  1.20e+04  0.02642971594  1.566419e-01 1.024
1  1.32e+04  0.02747877118  1.566419e-01 1.024
1  1.45e+04  0.02900445652  1.566419e-01 1.024
1  1.58e+04  0.0317304452  1.566419e-01 1.024
1  1.74e+04  0.03481036424  1.566419e-01 1.024
1  1.91e+04  0.0392875891  1.566419e-01 1.024
1  2.09e+04  0.04469545728  1.566419e-01 1.024
1  2.29e+04  0.05172519652  1.566419e-01 1.024
1  2.51e+04  0.05989047355  1.566419e-01 1.024
1  2.75e+04  0.06957444399  1.566419e-01 1.024
1  3.02e+04  0.08082721261  1.566419e-01 1.024
1  3.31e+04  0.09393224836  1.566419e-01 1.024
1  3.63e+04  0.1082793064  1.566419e-01 1.024
1  3.98e+04  0.1218523471  1.566419e-01 1.024
1  4.37e+04  0.1392259597  1.566419e-01 1.024
1  4.79e+04  0.1562925395  1.566419e-01 1.024
1  5.25e+04  0.1733983171  1.566419e-01 1.024
1  5.75e+04  0.1913698737  1.566419e-01 1.024
1  6.31e+04  0.2119981599  1.566419e-01 1.024
1  6.92e+04  0.2274222735  1.566419e-01 1.024
1  7.59e+04  0.2466238179  1.566419e-01 1.024
1  8.32e+04  0.2688827556  1.566419e-01 1.024
1  9.12e+04  0.2847672963  1.566419e-01 1.024
1  1.00e+05  0.298802835  1.566419e-01 1.024
1  1.10e+05  0.3162605281  1.566419e-01 1.024
1  1.20e+05  0.3360940845  1.566419e-01 1.024
1  1.32e+05  0.355104675  1.566419e-01 1.024
1  1.45e+05  0.3707598696  1.566419e-01 1.024
1  1.58e+05  0.3829519975  1.566419e-01 1.024
1  1.74e+05  0.3933383085  1.566419e-01 1.024
1  1.91e+05  0.4035242005  1.566419e-01 1.024
1  2.09e+05  0.4142438278  1.566419e-01 1.024
1  2.29e+05  0.4255613823  1.566419e-01 1.024
1  2.51e+05  0.4372436174  1.566419e-01 1.024
1  2.75e+05  0.4489527333  1.566419e-01 1.024
1  3.02e+05  0.4603353067  1.566419e-01 1.024
1  3.31e+05  0.471089598  1.566419e-01 1.024
1  3.63e+05  0.4810095235  1.566419e-01 1.024
1  3.98e+05  0.4899924544  1.566419e-01 1.024
1  4.37e+05  0.4980198858  1.566419e-01 1.024
1  4.79e+05  0.5051290432  1.566419e-01 1.024
1  5.25e+05  0.5113878904  1.566419e-01 1.024
1  5.75e+05  0.5168777074  1.566419e-01 1.024
1  6.31e+05  0.5216825508  1.566419e-01 1.024
1  6.92e+05  0.5258834722  1.566419e-01 1.024
1  7.59e+05  0.5295556202  1.566419e-01 1.024
1  8.32e+05  0.5327669844  1.566419e-01 1.024
1  9.12e+05  0.5355780643  1.566419e-01 1.024
1  1.00e+06  0.5380420569  1.566419e-01 1.024
1  1.10e+06  0.5402053331  1.566419e-01 1.024
1  1.20e+06  0.5421080605  1.566419e-01 1.024
1  1.32e+06  0.543784881  1.566419e-01 1.024
1  1.45e+06  0.5452655883  1.566419e-01 1.024
1  1.58e+06  0.5465757671  1.566419e-01 1.024
1  1.74e+06  0.5477373785  1.566419e-01 1.024
1  1.91e+06  0.5487692828  1.566419e-01 1.024
1  2.09e+06  0.5496876866  1.566419e-01 1.024
1  2.29e+06  0.550506541  1.566419e-01 1.024
1  2.51e+06  0.5512378821  1.566419e-01 1.024
1  2.75e+06  0.5518921137  1.566419e-01 1.024
1  3.02e+06  0.5524782493  1.566419e-01 1.024
1  3.31e+06  0.5530041187  1.566419e-01 1.024
1  3.63e+06  0.5534765391  1.566419e-01 1.024
1  3.98e+06  0.5539014623  1.566419e-01 1.024
1  4.37e+06  0.5542840969  1.566419e-01 1.024
1  4.79e+06  0.5546290135  1.566419e-01 1.024
1  5.25e+06  0.5549402313  1.566419e-01 1.024
1  5.75e+06  0.5552212942  1.566419e-01 1.024
1  6.31e+06  0.5554753331  1.566419e-01 1.024
1  6.92e+06  0.5557051206  1.566419e-01 1.024
1  7.59e+06  0.5559131167  1.566419e-01 1.024
1  8.32e+06  0.5561015087  1.566419e-01 1.024
1  9.12e+06  0.5562722446  1.566419e-01 1.024
1  1.00e+07  0.5564270627  1.566419e-01 1.024
