1  1.00e-03  0.5576466564  1.582328e-01 1.0344
1  1.10e-03  0.5576440059  1.582328e-01 1.0344
1  1.20e-03  0.5576411339  1.582328e-01 1.0344
1  1.32e-03  0.5576379203  1.582328e-01 1.0344
1  1.45e-03  0.5576343521  1.582328e-01 1.0344
1  1.58e-03  0.557630523  1.582328e-01 1.0344
1  1.74e-03  0.5576263737  1.582328e-01 1.0344
1  1.91e-03  0.5576217385  1.582328e-01 1.0344
1  2.09e-03  0.5576165975  1.582328e-01 1.0344
1  2.29e-03  0.5576111015  1.582328e-01 1.0344
1  2.51e-03  0.5576049684  1.582328e-01 1.0344
1  2.75e-03  0.5575983061  1.582328e-01 1.0344
1  3.02e-03  0.557590966  1.582328e-01 1.0344
1  3.31e-03  0.5575829271  1.582328e-01 1.0344
1  3.63e-03  0.5575741359  1.582328e-01 1.0344
1  3.98e-03  0.557564457  1.582328e-01 1.0344
1  4.37e-03  0.5575538714  1.582328e-01 1.0344
1  4.79e-03  0.5575422538  1.582328e-01 1.0344
1  5.25e-03  0.5575294986  1.582328e-01 1.0344
1  5.75e-03  0.5575155277  1.582328e-01 1.0344
1  6.31e-03  0.5575002189  1.582328e-01 1.0344
1  6.92e-03  0.5574833981  1.582328e-01 1.0344
1  7.59e-03  0.5574649604  1.582328e-01 1.0344
1  8.32e-03  0.5574447439  1.582328e-01 1.0344
1  9.12e-03  0.5574225749  1.582328e-01 1.0344
1  1.00e-02  0.5573983009  1.582328e-01 1.0344
1  1.10e-02  0.5573716075  1.582328e-01 1.0344
1  1.20e-02  0.5573423634  1.582328e-01 1.0344
1  1.32e-02  0.5573102903  1.582328e-01 1.0344
1  1.45e-02  0.5572751217  1.582328e-01 1.0344
1  1.58e-02  0.5572365551  1.582328e-01 1.0344
1  1.74e-02  0.5571943029  1.582328e-01 1.0344
1  1.91e-02  0.5571478752  1.582328e-01 1.0344
1  2.09e-02  0.557097009  1.582328e-01 1.0344
1  2.29e-02  0.5570411848  1.582328e-01 1.0344
1  2.51e-02  0.5569799439  1.582328e-01 1.0344
1  2.75e-02  0.5569126969  1.582328e-01 1.0344
1  3.02e-02  0.556839081  1.582328e-01 1.0344
1  3.31e-02  0.556758223  1.582328e-01 1.0344
1  3.63e-02  0.5566695063  1.582328e-01 1.0344
1  3.98e-02  0.5565720735  1.582328e-01 1.0344
1  4.37e-02  0.5564654345  1.582328e-01 1.0344
1  4.79e-02  0.5563482309  1.582328e-01 1.0344
1  5.25e-02  0.5562195251  1.582328e-01 1.0344
1  5.75e-02  0.5560784296  1.582328e-01 1.0344
1  6.31e-02  0.555923623  1.582328e-01 1.0344
1  6.92e-02  0.555753642  1.582328e-01 1.0344
1  7.59e-02  0.5555670588  1.582328e-01 1.0344
1  8.32e-02  0.5553618187  1.582328e-01 1.0344
1  9.12e-02  0.5551371012  1.582328e-01 1.0344
1  1.00e-01  0.5548896103  1.582328e-01 1.0344
1  1.10e-01  0.5546183185  1.582328e-01 1.0344
1  1.20e-01  0.5543199659  1.582328e-01 1.0344
1  1.32e-01  0.5539925187  1.582328e-01 1.0344
1  1.45e-01  0.5536322453  1.582328e-01 1.0344
1  1.58e-01  0.5532365336  1.582328e-01 1.0344
1  1.74e-01  0.5528013746  1.582328e-01 1.0344
1  1.91e-01  0.5523236536  1.582328e-01 1.0344
1  2.09e-01  0.551797446  1.582328e-01 1.0344
1  2.29e-01  0.5512184118  1.582328e-01 1.0344
1  2.51e-01  0.55058049  1.582328e-01 1.0344
1  2.75e-01  0.5498792847  1.582328e-01 1.0344
1  3.02e-01  0.5491061298  1.582328e-01 1.0344
1  3.31e-01  0.5482546088  1.582328e-01 1.0344
1  3.63e-01  0.5473171157  1.582328e-01 1.0344
1  3.98e-01  0.5462810772  1.582328e-01 1.0344
1  4.37e-01  0.5451389199  1.582328e-01 1.0344
1  4.79e-01  0.5438801594  1.582328e-01 1.0344
1  5.25e-01  0.5424893956  1.582328e-01 1.0344
1  5.75e-01  0.5409506692  1.582328e-01 1.0344
1  6.31e-01  0.5392504242  1.582328e-01 1.0344
1  6.92e-01  0.5373710366  1.582328e-01 1.0344
1  7.59e-01  0.5352915866  1.582328e-01 1.0344
1  8.32e-01  0.5329861862  1.582328e-01 1.0344
1  9.12e-01  0.5304353407  1.582328e-01 1.0344
1  1.00e+00  0.5276086805  1.582328e-01 1.0344
1  1.10e+00  0.5244718734  1.582328e-01 1.0344
1  1.20e+00  0.5209950169  1.582328e-01 1.0344
1  1.32e+00  0.5171424095  1.582328e-01 1.0344
1  1.45e+00  0.5128653517  1.582328e-01 1.0344
1  1.58e+00  0.5081329252  1.582328e-01 1.0344
1  1.74e+00  0.502886263  1.582328e-01 1.0344
1  1.91e+00  0.4970856975  1.582328e-01 1.0344
1  2.09e+00  0.4906883744  1.582328e-01 1.0344
1  2.29e+00  0.4836421475  1.582328e-01 1.0344
1  2.51e+00  0.4759372943  1.582328e-01 1.0344
1  2.75e+00  0.4675169928  1.582328e-01 1.0344
1  3.02e+00  0.4584115859  1.582328e-01 1.0344
1  3.31e+00  0.4486334204  1.582328e-01 1.0344
1  3.63e+00  0.4382148772  1.582328e-01 1.0344
1  3.98e+00  0.4272890552  1.582328e-01 1.0344
1  4.37e+00  0.4159754128  1.582328e-01 1.0344
1  4.79e+00  0.4044460683  1.582328e-01 1.0344
1  5.25e+00  0.3928846416  1.582328e-01 1.0344
1  5.75e+00  0.3815493608  1.582328e-01 1.0344
1  6.31e+00  0.3706651858  1.582328e-01 1.0344
1  6.92e+00  0.3603876544  1.582328e-01 1.0344
1  7.59e+00  0.3508674346  1.582328e-01 1.0344
1  8.32e+00  0.3422729954  1.582328e-01 1.0344
1  9.12e+00  0.3345645918  1.582328e-01 1.0344
1  1.00e+01  0.327840098  1.582328e-01 1.0344
1  1.10e+01  0.3219846551  1.582328e-01 1.0344
1  1.20e+01  0.31694945  1.582328e-01 1.0344
1  1.32e+01  0.31270636  1.582328e-01 1.0344
1  1.45e+01  0.3090556342  1.582328e-01 1.0344
1  1.58e+01  0.3059837648  1.582328e-01 1.0344
1  1.74e+01  0.3034085406  1.582328e-01 1.0344
1  1.91e+01  0.3012348315  1.582328e-01 1.0344
1  2.09e+01  0.299387496  1.582328e-01 1.0344
1  2.29e+01  0.297807538  1.582328e-01 1.0344
1  2.51e+01  0.2964408964  1.582328e-01 1.0344
1  2.75e+01  0.2952451753  1.582328e-01 1.0344
1  3.02e+01  0.2941976078  1.582328e-01 1.0344
1  3.31e+01  0.2932168857  1.582328e-01 1.0344
1  3.63e+01  0.2922967979  1.582328e-01 1.0344
1  3.98e+01  0.2913756297  1.582328e-01 1.0344
1  4.37e+01  0.2904726196  1.582328e-01 1.0344
1  4.79e+01  0.2895512184  1.582328e-01 1.0344
1  5.25e+01  0.2885056936  1.582328e-01 1.0344
1  5.75e+01  0.2873670191  1.582328e-01 1.0344
1  6.31e+01  0.2860714767  1.582328e-01 1.0344
1  6.92e+01  0.2845137019  1.582328e-01 1.0344
1  7.59e+01  0.2825896833  1.582328e-01 1.0344
1  8.32e+01  0.2802269848  1.582328e-01 1.0344
1  9.12e+01  0.2771496495  1.582328e-01 1.0344
1  1.00e+02  0.2730578973  1.582328e-01 1.0344
1  1.10e+02  0.2674714171  1.582328e-01 1.0344
1  1.20e+02  0.2595890675  1.582328e-01 1.0344
1  1.32e+02  0.2481355702  1.582328e-01 1.0344
1  1.45e+02  0.2312144084  1.582328e-01 1.0344
1  1.58e+02  0.2064813854  1.582328e-01 1.0344
1  1.74e+02  0.1729133266  1.582328e-01 1.0344
1  1.91e+02  0.134170497  1.582328e-01 1.0344
1  2.09e+02  0.09867649705  1.582328e-01 1.0344
1  2.29e+02  0.07239865923  1.582328e-01 1.0344
1  2.51e+02  0.0553499628  1.582328e-01 1.0344
1  2.75e+02  0.04481948919  1.582328e-01 1.0344
1  3.02e+02  0.03830142254  1.582328e-01 1.0344
1  3.31e+02  0.03418048  1.582328e-01 1.0344
1  3.63e+02  0.0314986576  1.582328e-01 1.0344
1  3.98e+02  0.02970569717  1.582328e-01 1.0344
1  4.37e+02  0.02846951231  1.582328e-01 1.0344
1  4.79e+02  0.02760147085  1.582328e-01 1.0344
1  5.25e+02  0.02697867583  1.582328e-01 1.0344
1  5.75e+02  0.02652367093  1.582328e-01 1.0344
1  6.31e+02  0.02618640578  1.582328e-01 1.0344
1  6.92e+02  0.02593549269  1.582328e-01 1.0344
1  7.59e+02  0.02574301365  1.582328e-01 1.0344
1  8.32e+02  0.02559435862  1.582328e-01 1.0344
1  9.12e+02  0.02547958003  1.582328e-01 1.0344
1  1.00e+03  0.02539046344  1.582328e-01 1.0344
1  1.10e+03  0.02532086726  1.582328e-01 1.0344
1  1.20e+03  0.02526522046  1.582328e-01 1.0344
1  1.32e+03  0.02522110914  1.582328e-01 1.0344
1  1.45e+03  0.02518725765  1.582328e-01 1.0344
1  1.58e+03  0.02515934758  1.582328e-01 1.0344
1  1.74e+03  0.02513627787  1.582328e-01 1.0344
1  1.91e+03  0.02511851897  1.582328e-01 1.0344
1  2.09e+03  0.02510363863  1.582328e-01 1.0344
1  2.29e+03  0.02509227447  1.582328e-01 1.0344
1  2.51e+03  0.02508135628  1.582328e-01 1.0344
1  2.75e+03  0.02507399669  1.582328e-01 1.0344
1  3.02e+03  0.02506706843  1.582328e-01 1.0344
1  3.31e+03  0.02506242901  1.582328e-01 1.0344
1  3.63e+03  0.02505986271  1.582328e-01 1.0344
1  3.98e+03  0.02505622974  1.582328e-01 1.0344
1  4.37e+03  0.02505140231  1.582328e-01 1.0344
1  4.79e+03  0.02504855154  1.582328e-01 1.0344
1  5.25e+03  0.02505643643  1.582328e-01 1.0344
1  5.75e+03  0.02504313959  1.582328e-01 1.0344
1  6.31e+03  0.02503926065  1.582328e-01 1.0344
1  6.92e+03  0.02504627408  1.582328e-01 1.0344
1  7.59e+03  0.02507833328  1.582328e-01 1.0344
1  8.32e+03  0.02520998973  1.582328e-01 1.0344
1  9.12e+03  0.02524060338  1.582328e-01 1.0344
1  1.00e+04  0.02557046199  1.582328e-01 1.0344
1  1.10e+04  0.02604011522  1.582328e-01 1.0344
1  1.20e+04  0.02674747057  1.582328e-01 1.0344
1  1.32e+04  0.02772591733  1.582328e-01 1.0344
1  1.45e+04  0.0291177009  1.582328e-01 1.0344
1  1.58e+04  0.03163796572  1.582328e-01 1.0344
1  1.74e+04  0.03458005957  1.582328e-01 1.0344
1  1.91e+04  0.0387858763  1.582328e-01 1.0344
1  2.09e+04  0.04394323547  1.582328e-01 1.0344
1  2.29e+04  0.05073983853  1.582328e-01 1.0344
1  2.51e+04  0.05861055687  1.582328e-01 1.0344
1  2.75e+04  0.0679800542  1.582328e-01 1.0344
1  3.02e+04  0.07893012085  1.582328e-01 1.0344
1  3.31e+04  0.0917432919  1.582328e-01 1.0344
1  3.63e+04  0.105793477  1.582328e-01 1.0344
1  3.98e+04  0.1190957787  1.582328e-01 1.0344
1  4.37e+04  0.1362691806  1.582328e-01 1.0344
1  4.79e+04  0.1531550841  1.582328e-01 1.0344
1  5.25e+04  0.1701278652  1.582328e-01 1.0344
1  5.75e+04  0.1879638971  1.582328e-01 1.0344
1  6.31e+04  0.2085582501  1.582328e-01 1.0344
1  6.92e+04  0.2239263884  1.582328e-01 1.0344
1  7.59e+04  0.2431102079  1.582328e-01 1.0344
1  8.32e+04  0.2654366289  1.582328e-01 1.0344
1  9.12e+04  0.2813672218  1.582328e-01 1.0344
1  1.00e+05  0.2954451768  1.582328e-01 1.0344
1  1.10e+05  0.3129771681  1.582328e-01 1.0344
1  1.20e+05  0.3329502089  1.582328e-01 1.0344
1  1.32e+05  0.3521294092  1.582328e-01 1.0344
1  1.45e+05  0.3679285859  1.582328e-01 1.0344
1  1.58e+05  0.3802309153  1.582328e-01 1.0344
1  1.74e+05  0.3907125746  1.582328e-01 1.0344
1  1.91e+05  0.4009973825  1.582328e-01 1.0344
1  2.09e+05  0.4118296456  1.582328e-01 1.0344
1  2.29e+05  0.4232769897  1.582328e-01 1.0344
1  2.51e+05  0.4351044064  1.582328e-01 1.0344
1  2.75e+05  0.4469686132  1.582328e-01 1.0344
1  3.02e+05  0.4585091981  1.582328e-01 1.0344
1  3.31e+05  0.469418016  1.582328e-01 1.0344
1  3.63e+05  0.4794842868  1.582328e-01 1.0344
1  3.98e+05  0.4886025617  1.582328e-01 1.0344
1  4.37e+05  0.4967530444  1.582328e-01 1.0344
1  4.79e+05  0.503972728  1.582328e-01 1.0344
1  5.25e+05  0.5103300005  1.582328e-01 1.0344
1  5.75e+05  0.5159069375  1.582328e-01 1.0344
1  6.31e+05  0.5207885726  1.582328e-01 1.0344
1  6.92e+05  0.5250569978  1.582328e-01 1.0344
1  7.59e+05  0.528788391  1.582328e-01 1.0344
1  8.32e+05  0.5320517175  1.582328e-01 1.0344
1  9.12e+05  0.5349083743  1.582328e-01 1.0344
1  1.00e+06  0.5374123675  1.582328e-01 1.0344
1  1.10e+06  0.5396107869  1.582328e-01 1.0344
1  1.20e+06  0.5415444316  1.582328e-01 1.0344
1  1.32e+06  0.5432484945  1.582328e-01 1.0344
1  1.45e+06  0.5447532471  1.582328e-01 1.0344
1  1.58e+06  0.5460846875  1.582328e-01 1.0344
1  1.74e+06  0.5472651332  1.582328e-01 1.0344
1  1.91e+06  0.5483137523  1.582328e-01 1.0344
1  2.09e+06  0.5492470164  1.582328e-01 1.0344
1  2.29e+06  0.5500791052  1.582328e-01 1.0344
1  2.51e+06  0.5508222526  1.582328e-01 1.0344
1  2.75e+06  0.5514870329  1.582328e-01 1.0344
1  3.02e+06  0.5520826085  1.582328e-01 1.0344
1  3.31e+06  0.5526169372  1.582328e-01 1.0344
1  3.63e+06  0.5530969487  1.582328e-01 1.0344
1  3.98e+06  0.5535286923  1.582328e-01 1.0344
1  4.37e+06  0.5539174623  1.582328e-01 1.0344
1  4.79e+06  0.5542679038  1.582328e-01 1.0344
1  5.25e+06  0.5545841022  1.582328e-01 1.0344
1  5.75e+06  0.554869659  1.582328e-01 1.0344
1  6.31e+06  0.5551277564  1.582328e-01 1.0344
1  6.92e+06  0.555361212  1.582328e-01 1.0344
1  7.59e+06  0.5555725259  1.582328e-01 1.0344
1  8.32e+06  0.5557639209  1.582328e-01 1.0344
1  9.12e+06  0.5559373767  1.582328e-01 1.0344
1  1.00e+07  0.5560946596  1.582328e-01 1.0344
