1  1.00e-03  0.5601019782  1.451385e-01 0.9488000000000001
1  1.10e-03  0.560099321  1.451385e-01 0.9488000000000001
1  1.20e-03  0.5600964398  1.451385e-01 0.9488000000000001
1  1.32e-03  0.5600931918  1.451385e-01 0.9488000000000001
1  1.45e-03  0.5600896197  1.451385e-01 0.9488000000000001
1  1.58e-03  0.560085766  1.451385e-01 0.9488000000000001
1  1.74e-03  0.5600816043  1.451385e-01 0.9488000000000001
1  1.91e-03  0.5600769515  1.451385e-01 0.9488000000000001
1  2.09e-03  0.5600717778  1.451385e-01 0.9488000000000001
1  2.29e-03  0.5600662524  1.451385e-01 0.9488000000000001
1  2.51e-03  0.5600600971  1.451385e-01 0.9488000000000001
1  2.75e-03  0.5600533977  1.451385e-01 0.9488000000000001
1  3.02e-03  0.5600460334  1.451385e-01 0.9488000000000001
1  3.31e-03  0.5600379573  1.451385e-01 0.9488000000000001
1  3.63e-03  0.5600291216  1.451385e-01 0.9488000000000001
1  3.98e-03  0.5600194207  1.451385e-01 0.9488000000000001
1  4.37e-03  0.5600088034  1.451385e-01 0.9488000000000001
1  4.79e-03  0.5599971  1.451385e-01 0.9488000000000001
1  5.25e-03  0.5599843295  1.451385e-01 0.9488000000000001
1  5.75e-03  0.5599702802  1.451385e-01 0.9488000000000001
1  6.31e-03  0.5599548806  1.451385e-01 0.9488000000000001
1  6.92e-03  0.5599380194  1.451385e-01 0.9488000000000001
1  7.59e-03  0.5599195062  1.451385e-01 0.9488000000000001
1  8.32e-03  0.5598992152  1.451385e-01 0.9488000000000001
1  9.12e-03  0.5598769618  1.451385e-01 0.9488000000000001
1  1.00e-02  0.5598525128  1.451385e-01 0.9488000000000001
1  1.10e-02  0.5598257686  1.451385e-01 0.9488000000000001
1  1.20e-02  0.5597964157  1.451385e-01 0.9488000000000001
1  1.32e-02  0.559764214  1.451385e-01 0.9488000000000001
1  1.45e-02  0.5597288937  1.451385e-01 0.9488000000000001
1  1.58e-02  0.5596901495  1.451385e-01 0.9488000000000001
1  1.74e-02  0.5596476165  1.451385e-01 0.9488000000000001
1  1.91e-02  0.5596010457  1.451385e-01 0.9488000000000001
1  2.09e-02  0.5595498946  1.451385e-01 0.9488000000000001
1  2.29e-02  0.559493825  1.451385e-01 0.9488000000000001
1  2.51e-02  0.5594323278  1.451385e-01 0.9488000000000001
1  2.75e-02  0.5593649384  1.451385e-01 0.9488000000000001
1  3.02e-02  0.5592908456  1.451385e-01 0.9488000000000001
1  3.31e-02  0.5592096486  1.451385e-01 0.9488000000000001
1  3.63e-02  0.5591205836  1.451385e-01 0.9488000000000001
1  3.98e-02  0.5590229668  1.451385e-01 0.9488000000000001
1  4.37e-02  0.558915574  1.451385e-01 0.9488000000000001
1  4.79e-02  0.5587979451  1.451385e-01 0.9488000000000001
1  5.25e-02  0.5586689197  1.451385e-01 0.9488000000000001
1  5.75e-02  0.5585271312  1.451385e-01 0.9488000000000001
1  6.31e-02  0.5583715167  1.451385e-01 0.9488000000000001
1  6.92e-02  0.5582007115  1.451385e-01 0.9488000000000001
1  7.59e-02  0.5580131668  1.451385e-01 0.9488000000000001
1  8.32e-02  0.5578076675  1.451385e-01 0.9488000000000001
1  9.12e-02  0.5575813353  1.451385e-01 0.9488000000000001
1  1.00e-01  0.5573335105  1.451385e-01 0.9488000000000001
1  1.10e-01  0.55706079  1.451385e-01 0.9488000000000001
1  1.20e-01  0.5567614679  1.451385e-01 0.9488000000000001
1  1.32e-01  0.556432209  1.451385e-01 0.9488000000000001
1  1.45e-01  0.5560708722  1.451385e-01 0.9488000000000001
1  1.58e-01  0.555673352  1.451385e-01 0.9488000000000001
1  1.74e-01  0.5552364505  1.451385e-01 0.9488000000000001
1  1.91e-01  0.5547551859  1.451385e-01 0.9488000000000001
1  2.09e-01  0.5542265086  1.451385e-01 0.9488000000000001
1  2.29e-01  0.5536448875  1.451385e-01 0.9488000000000001
1  2.51e-01  0.5530053675  1.451385e-01 0.9488000000000001
1  2.75e-01  0.552300094  1.451385e-01 0.9488000000000001
1  3.02e-01  0.5515242224  1.451385e-01 0.9488000000000001
1  3.31e-01  0.550669015  1.451385e-01 0.9488000000000001
1  3.63e-01  0.5497253076  1.451385e-01 0.9488000000000001
1  3.98e-01  0.5486868578  1.451385e-01 0.9488000000000001
1  4.37e-01  0.5475404895  1.451385e-01 0.9488000000000001
1  4.79e-01  0.5462731413  1.451385e-01 0.9488000000000001
1  5.25e-01  0.544874506  1.451385e-01 0.9488000000000001
1  5.75e-01  0.5433314229  1.451385e-01 0.9488000000000001
1  6.31e-01  0.5416240646  1.451385e-01 0.9488000000000001
1  6.92e-01  0.539735473  1.451385e-01 0.9488000000000001
1  7.59e-01  0.5376435222  1.451385e-01 0.9488000000000001
1  8.32e-01  0.5353315156  1.451385e-01 0.9488000000000001
1  9.12e-01  0.5327659105  1.451385e-01 0.9488000000000001
1  1.00e+00  0.529924761  1.451385e-01 0.9488000000000001
1  1.10e+00  0.5267737284  1.451385e-01 0.9488000000000001
1  1.20e+00  0.5232801071  1.451385e-01 0.9488000000000001
1  1.32e+00  0.5194062406  1.451385e-01 0.9488000000000001
1  1.45e+00  0.5151083972  1.451385e-01 0.9488000000000001
1  1.58e+00  0.510348016  1.451385e-01 0.9488000000000001
1  1.74e+00  0.5050729309  1.451385e-01 0.9488000000000001
1  1.91e+00  0.4992449518  1.451385e-01 0.9488000000000001
1  2.09e+00  0.4928142348  1.451385e-01 0.9488000000000001
1  2.29e+00  0.4857466129  1.451385e-01 0.9488000000000001
1  2.51e+00  0.4779993448  1.451385e-01 0.9488000000000001
1  2.75e+00  0.4695519256  1.451385e-01 0.9488000000000001
1  3.02e+00  0.4603962815  1.451385e-01 0.9488000000000001
1  3.31e+00  0.4505875966  1.451385e-01 0.9488000000000001
1  3.63e+00  0.4401362836  1.451385e-01 0.9488000000000001
1  3.98e+00  0.4291935292  1.451385e-01 0.9488000000000001
1  4.37e+00  0.4178485062  1.451385e-01 0.9488000000000001
1  4.79e+00  0.4063068952  1.451385e-01 0.9488000000000001
1  5.25e+00  0.3947480799  1.451385e-01 0.9488000000000001
1  5.75e+00  0.3834221403  1.451385e-01 0.9488000000000001
1  6.31e+00  0.3725373035  1.451385e-01 0.9488000000000001
1  6.92e+00  0.3622981012  1.451385e-01 0.9488000000000001
1  7.59e+00  0.3528355702  1.451385e-01 0.9488000000000001
1  8.32e+00  0.344237005  1.451385e-01 0.9488000000000001
1  9.12e+00  0.3366188203  1.451385e-01 0.9488000000000001
1  1.00e+01  0.3298889967  1.451385e-01 0.9488000000000001
1  1.10e+01  0.3240840681  1.451385e-01 0.9488000000000001
1  1.20e+01  0.3191477838  1.451385e-01 0.9488000000000001
1  1.32e+01  0.3148426751  1.451385e-01 0.9488000000000001
1  1.45e+01  0.3113148032  1.451385e-01 0.9488000000000001
1  1.58e+01  0.3082607856  1.451385e-01 0.9488000000000001
1  1.74e+01  0.305738282  1.451385e-01 0.9488000000000001
1  1.91e+01  0.3035974919  1.451385e-01 0.9488000000000001
1  2.09e+01  0.3017769866  1.451385e-01 0.9488000000000001
1  2.29e+01  0.3002384501  1.451385e-01 0.9488000000000001
1  2.51e+01  0.2989115616  1.451385e-01 0.9488000000000001
1  2.75e+01  0.2977612797  1.451385e-01 0.9488000000000001
1  3.02e+01  0.2967485782  1.451385e-01 0.9488000000000001
1  3.31e+01  0.2958361422  1.451385e-01 0.9488000000000001
1  3.63e+01  0.2949520059  1.451385e-01 0.9488000000000001
1  3.98e+01  0.2941267475  1.451385e-01 0.9488000000000001
1  4.37e+01  0.293307062  1.451385e-01 0.9488000000000001
1  4.79e+01  0.2924318291  1.451385e-01 0.9488000000000001
1  5.25e+01  0.2915297813  1.451385e-01 0.9488000000000001
1  5.75e+01  0.2905171597  1.451385e-01 0.9488000000000001
1  6.31e+01  0.28932798  1.451385e-01 0.9488000000000001
1  6.92e+01  0.2879433423  1.451385e-01 0.9488000000000001
1  7.59e+01  0.2862752331  1.451385e-01 0.9488000000000001
1  8.32e+01  0.2841364832  1.451385e-01 0.9488000000000001
1  9.12e+01  0.2813905989  1.451385e-01 0.9488000000000001
1  1.00e+02  0.2777392341  1.451385e-01 0.9488000000000001
1  1.10e+02  0.2726366356  1.451385e-01 0.9488000000000001
1  1.20e+02  0.2653562987  1.451385e-01 0.9488000000000001
1  1.32e+02  0.2545130341  1.451385e-01 0.9488000000000001
1  1.45e+02  0.2379362139  1.451385e-01 0.9488000000000001
1  1.58e+02  0.2125751987  1.451385e-01 0.9488000000000001
1  1.74e+02  0.1764439336  1.451385e-01 0.9488000000000001
1  1.91e+02  0.1334350899  1.451385e-01 0.9488000000000001
1  2.09e+02  0.09429864575  1.451385e-01 0.9488000000000001
1  2.29e+02  0.06647898576  1.451385e-01 0.9488000000000001
1  2.51e+02  0.04929380677  1.451385e-01 0.9488000000000001
1  2.75e+02  0.03910713908  1.451385e-01 0.9488000000000001
1  3.02e+02  0.0329879593  1.451385e-01 0.9488000000000001
1  3.31e+02  0.0292052123  1.451385e-01 0.9488000000000001
1  3.63e+02  0.02677767392  1.451385e-01 0.9488000000000001
1  3.98e+02  0.02516790904  1.451385e-01 0.9488000000000001
1  4.37e+02  0.02407501825  1.451385e-01 0.9488000000000001
1  4.79e+02  0.02330515586  1.451385e-01 0.9488000000000001
1  5.25e+02  0.02275822581  1.451385e-01 0.9488000000000001
1  5.75e+02  0.02235903038  1.451385e-01 0.9488000000000001
1  6.31e+02  0.02206374754  1.451385e-01 0.9488000000000001
1  6.92e+02  0.02184331863  1.451385e-01 0.9488000000000001
1  7.59e+02  0.02167562617  1.451385e-01 0.9488000000000001
1  8.32e+02  0.02154756391  1.451385e-01 0.9488000000000001
1  9.12e+02  0.0214485876  1.451385e-01 0.9488000000000001
1  1.00e+03  0.02137064628  1.451385e-01 0.9488000000000001
1  1.10e+03  0.02131085535  1.451385e-01 0.9488000000000001
1  1.20e+03  0.02126301441  1.451385e-01 0.9488000000000001
1  1.32e+03  0.02122467688  1.451385e-01 0.9488000000000001
1  1.45e+03  0.02119455988  1.451385e-01 0.9488000000000001
1  1.58e+03  0.02117021004  1.451385e-01 0.9488000000000001
1  1.74e+03  0.02115054224  1.451385e-01 0.9488000000000001
1  1.91e+03  0.02113449428  1.451385e-01 0.9488000000000001
1  2.09e+03  0.02112155054  1.451385e-01 0.9488000000000001
1  2.29e+03  0.02111115664  1.451385e-01 0.9488000000000001
1  2.51e+03  0.02110352124  1.451385e-01 0.9488000000000001
1  2.75e+03  0.02109724138  1.451385e-01 0.9488000000000001
1  3.02e+03  0.02109055564  1.451385e-01 0.9488000000000001
1  3.31e+03  0.02108604944  1.451385e-01 0.9488000000000001
1  3.63e+03  0.02108698007  1.451385e-01 0.9488000000000001
1  3.98e+03  0.02107558989  1.451385e-01 0.9488000000000001
1  4.37e+03  0.02107810663  1.451385e-01 0.9488000000000001
1  4.79e+03  0.02107717002  1.451385e-01 0.9488000000000001
1  5.25e+03  0.02106939501  1.451385e-01 0.9488000000000001
1  5.75e+03  0.02111654667  1.451385e-01 0.9488000000000001
1  6.31e+03  0.02115134578  1.451385e-01 0.9488000000000001
1  6.92e+03  0.02120988965  1.451385e-01 0.9488000000000001
1  7.59e+03  0.02135784709  1.451385e-01 0.9488000000000001
1  8.32e+03  0.02148358394  1.451385e-01 0.9488000000000001
1  9.12e+03  0.02190099419  1.451385e-01 0.9488000000000001
1  1.00e+04  0.02235200686  1.451385e-01 0.9488000000000001
1  1.10e+04  0.02334320997  1.451385e-01 0.9488000000000001
1  1.20e+04  0.02483095784  1.451385e-01 0.9488000000000001
1  1.32e+04  0.02667911778  1.451385e-01 0.9488000000000001
1  1.45e+04  0.02964495663  1.451385e-01 0.9488000000000001
1  1.58e+04  0.03389565528  1.451385e-01 0.9488000000000001
1  1.74e+04  0.03834803852  1.451385e-01 0.9488000000000001
1  1.91e+04  0.04491663209  1.451385e-01 0.9488000000000001
1  2.09e+04  0.05256000368  1.451385e-01 0.9488000000000001
1  2.29e+04  0.0613920534  1.451385e-01 0.9488000000000001
1  2.51e+04  0.07174360372  1.451385e-01 0.9488000000000001
1  2.75e+04  0.08375652217  1.451385e-01 0.9488000000000001
1  3.02e+04  0.09722042504  1.451385e-01 0.9488000000000001
1  3.31e+04  0.1124096772  1.451385e-01 0.9488000000000001
1  3.63e+04  0.1288344223  1.451385e-01 0.9488000000000001
1  3.98e+04  0.1442495044  1.451385e-01 0.9488000000000001
1  4.37e+04  0.1628343555  1.451385e-01 0.9488000000000001
1  4.79e+04  0.1810271431  1.451385e-01 0.9488000000000001
1  5.25e+04  0.1989284007  1.451385e-01 0.9488000000000001
1  5.75e+04  0.2176176704  1.451385e-01 0.9488000000000001
1  6.31e+04  0.238296499  1.451385e-01 0.9488000000000001
1  6.92e+04  0.2539259497  1.451385e-01 0.9488000000000001
1  7.59e+04  0.2730547348  1.451385e-01 0.9488000000000001
1  8.32e+04  0.2946030358  1.451385e-01 0.9488000000000001
1  9.12e+04  0.3100202709  1.451385e-01 0.9488000000000001
1  1.00e+05  0.3236214633  1.451385e-01 0.9488000000000001
1  1.10e+05  0.3403819337  1.451385e-01 0.9488000000000001
1  1.20e+05  0.3590707044  1.451385e-01 0.9488000000000001
1  1.32e+05  0.3767577776  1.451385e-01 0.9488000000000001
1  1.45e+05  0.391292167  1.451385e-01 0.9488000000000001
1  1.58e+05  0.4026285557  1.451385e-01 0.9488000000000001
1  1.74e+05  0.4122777758  1.451385e-01 0.9488000000000001
1  1.91e+05  0.4217039617  1.451385e-01 0.9488000000000001
1  2.09e+05  0.4315675751  1.451385e-01 0.9488000000000001
1  2.29e+05  0.4419116844  1.451385e-01 0.9488000000000001
1  2.51e+05  0.4525182404  1.451385e-01 0.9488000000000001
1  2.75e+05  0.4630890528  1.451385e-01 0.9488000000000001
1  3.02e+05  0.4733198565  1.451385e-01 0.9488000000000001
1  3.31e+05  0.4829536096  1.451385e-01 0.9488000000000001
1  3.63e+05  0.4918167327  1.451385e-01 0.9488000000000001
1  3.98e+05  0.4998257367  1.451385e-01 0.9488000000000001
1  4.37e+05  0.5069703827  1.451385e-01 0.9488000000000001
1  4.79e+05  0.5132886931  1.451385e-01 0.9488000000000001
1  5.25e+05  0.5188448683  1.451385e-01 0.9488000000000001
1  5.75e+05  0.5237139305  1.451385e-01 0.9488000000000001
1  6.31e+05  0.527972521  1.451385e-01 0.9488000000000001
1  6.92e+05  0.5316939483  1.451385e-01 0.9488000000000001
1  7.59e+05  0.5349457877  1.451385e-01 0.9488000000000001
1  8.32e+05  0.5377889137  1.451385e-01 0.9488000000000001
1  9.12e+05  0.5402773167  1.451385e-01 0.9488000000000001
1  1.00e+06  0.5424583526  1.451385e-01 0.9488000000000001
1  1.10e+06  0.5443732219  1.451385e-01 0.9488000000000001
1  1.20e+06  0.5460575609  1.451385e-01 0.9488000000000001
1  1.32e+06  0.5475420689  1.451385e-01 0.9488000000000001
1  1.45e+06  0.5488531251  1.451385e-01 0.9488000000000001
1  1.58e+06  0.5500133674  1.451385e-01 0.9488000000000001
1  1.74e+06  0.5510422172  1.451385e-01 0.9488000000000001
1  1.91e+06  0.5519563479  1.451385e-01 0.9488000000000001
1  2.09e+06  0.5527700835  1.451385e-01 0.9488000000000001
1  2.29e+06  0.5534957512  1.451385e-01 0.9488000000000001
1  2.51e+06  0.5541439866  1.451385e-01 0.9488000000000001
1  2.75e+06  0.5547239818  1.451385e-01 0.9488000000000001
1  3.02e+06  0.5552437022  1.451385e-01 0.9488000000000001
1  3.31e+06  0.5557100664  1.451385e-01 0.9488000000000001
1  3.63e+06  0.5561291005  1.451385e-01 0.9488000000000001
1  3.98e+06  0.5565060653  1.451385e-01 0.9488000000000001
1  4.37e+06  0.5568455664  1.451385e-01 0.9488000000000001
1  4.79e+06  0.5571516454  1.451385e-01 0.9488000000000001
1  5.25e+06  0.557427858  1.451385e-01 0.9488000000000001
1  5.75e+06  0.5576773392  1.451385e-01 0.9488000000000001
1  6.31e+06  0.5579028602  1.451385e-01 0.9488000000000001
1  6.92e+06  0.5581068749  1.451385e-01 0.9488000000000001
1  7.59e+06  0.5582915617  1.451385e-01 0.9488000000000001
1  8.32e+06  0.5584588575  1.451385e-01 0.9488000000000001
1  9.12e+06  0.5586104881  1.451385e-01 0.9488000000000001
1  1.00e+07  0.5587479935  1.451385e-01 0.9488000000000001
