1  1.00e-03  0.5594992134  1.484427e-01 0.9704
1  1.10e-03  0.5594965594  1.484427e-01 0.9704
1  1.20e-03  0.5594936834  1.484427e-01 0.9704
1  1.32e-03  0.5594904428  1.484427e-01 0.9704
1  1.45e-03  0.5594868689  1.484427e-01 0.9704
1  1.58e-03  0.5594830215  1.484427e-01 0.9704
1  1.74e-03  0.5594788619  1.484427e-01 0.9704
1  1.91e-03  0.5594742195  1.484427e-01 0.9704
1  2.09e-03  0.5594690522  1.484427e-01 0.9704
1  2.29e-03  0.5594635325  1.484427e-01 0.9704
1  2.51e-03  0.5594573779  1.484427e-01 0.9704
1  2.75e-03  0.559450693  1.484427e-01 0.9704
1  3.02e-03  0.5594433376  1.484427e-01 0.9704
1  3.31e-03  0.5594352608  1.484427e-01 0.9704
1  3.63e-03  0.5594264386  1.484427e-01 0.9704
1  3.98e-03  0.5594167523  1.484427e-01 0.9704
1  4.37e-03  0.5594061394  1.484427e-01 0.9704
1  4.79e-03  0.5593944477  1.484427e-01 0.9704
1  5.25e-03  0.5593816919  1.484427e-01 0.9704
1  5.75e-03  0.559367648  1.484427e-01 0.9704
1  6.31e-03  0.5593522715  1.484427e-01 0.9704
1  6.92e-03  0.5593354186  1.484427e-01 0.9704
1  7.59e-03  0.5593169456  1.484427e-01 0.9704
1  8.32e-03  0.5592966728  1.484427e-01 0.9704
1  9.12e-03  0.5592744392  1.484427e-01 0.9704
1  1.00e-02  0.5592500205  1.484427e-01 0.9704
1  1.10e-02  0.559223307  1.484427e-01 0.9704
1  1.20e-02  0.5591939547  1.484427e-01 0.9704
1  1.32e-02  0.5591618093  1.484427e-01 0.9704
1  1.45e-02  0.55912653  1.484427e-01 0.9704
1  1.58e-02  0.5590878339  1.484427e-01 0.9704
1  1.74e-02  0.559045336  1.484427e-01 0.9704
1  1.91e-02  0.5589987764  1.484427e-01 0.9704
1  2.09e-02  0.5589477147  1.484427e-01 0.9704
1  2.29e-02  0.5588917088  1.484427e-01 0.9704
1  2.51e-02  0.5588302504  1.484427e-01 0.9704
1  2.75e-02  0.5587628947  1.484427e-01 0.9704
1  3.02e-02  0.5586889133  1.484427e-01 0.9704
1  3.31e-02  0.5586078572  1.484427e-01 0.9704
1  3.63e-02  0.5585188956  1.484427e-01 0.9704
1  3.98e-02  0.5584213215  1.484427e-01 0.9704
1  4.37e-02  0.5583140995  1.484427e-01 0.9704
1  4.79e-02  0.5581964695  1.484427e-01 0.9704
1  5.25e-02  0.5580675664  1.484427e-01 0.9704
1  5.75e-02  0.5579260752  1.484427e-01 0.9704
1  6.31e-02  0.5577704609  1.484427e-01 0.9704
1  6.92e-02  0.5575998507  1.484427e-01 0.9704
1  7.59e-02  0.557412599  1.484427e-01 0.9704
1  8.32e-02  0.557207186  1.484427e-01 0.9704
1  9.12e-02  0.5569813021  1.484427e-01 0.9704
1  1.00e-01  0.5567336219  1.484427e-01 0.9704
1  1.10e-01  0.5564610134  1.484427e-01 0.9704
1  1.20e-01  0.5561620612  1.484427e-01 0.9704
1  1.32e-01  0.5558334594  1.484427e-01 0.9704
1  1.45e-01  0.5554721992  1.484427e-01 0.9704
1  1.58e-01  0.5550752991  1.484427e-01 0.9704
1  1.74e-01  0.5546387733  1.484427e-01 0.9704
1  1.91e-01  0.5541580176  1.484427e-01 0.9704
1  2.09e-01  0.5536300083  1.484427e-01 0.9704
1  2.29e-01  0.5530489126  1.484427e-01 0.9704
1  2.51e-01  0.5524097015  1.484427e-01 0.9704
1  2.75e-01  0.5517060329  1.484427e-01 0.9704
1  3.02e-01  0.550930102  1.484427e-01 0.9704
1  3.31e-01  0.5500757885  1.484427e-01 0.9704
1  3.63e-01  0.5491339001  1.484427e-01 0.9704
1  3.98e-01  0.5480957238  1.484427e-01 0.9704
1  4.37e-01  0.5469509135  1.484427e-01 0.9704
1  4.79e-01  0.5456849411  1.484427e-01 0.9704
1  5.25e-01  0.5442885563  1.484427e-01 0.9704
1  5.75e-01  0.5427476314  1.484427e-01 0.9704
1  6.31e-01  0.5410406465  1.484427e-01 0.9704
1  6.92e-01  0.5391557602  1.484427e-01 0.9704
1  7.59e-01  0.537064916  1.484427e-01 0.9704
1  8.32e-01  0.5347557721  1.484427e-01 0.9704
1  9.12e-01  0.5321925649  1.484427e-01 0.9704
1  1.00e+00  0.5293571237  1.484427e-01 0.9704
1  1.10e+00  0.5262073803  1.484427e-01 0.9704
1  1.20e+00  0.5227178827  1.484427e-01 0.9704
1  1.32e+00  0.5188515137  1.484427e-01 0.9704
1  1.45e+00  0.5145560312  1.484427e-01 0.9704
1  1.58e+00  0.509804954  1.484427e-01 0.9704
1  1.74e+00  0.5045343751  1.484427e-01 0.9704
1  1.91e+00  0.4987129415  1.484427e-01 0.9704
1  2.09e+00  0.4922906678  1.484427e-01 0.9704
1  2.29e+00  0.4852286061  1.484427e-01 0.9704
1  2.51e+00  0.4774934863  1.484427e-01 0.9704
1  2.75e+00  0.4690514933  1.484427e-01 0.9704
1  3.02e+00  0.4599075562  1.484427e-01 0.9704
1  3.31e+00  0.4501074329  1.484427e-01 0.9704
1  3.63e+00  0.439663143  1.484427e-01 0.9704
1  3.98e+00  0.4287264685  1.484427e-01 0.9704
1  4.37e+00  0.4173873086  1.484427e-01 0.9704
1  4.79e+00  0.4058486191  1.484427e-01 0.9704
1  5.25e+00  0.3942889667  1.484427e-01 0.9704
1  5.75e+00  0.3829601867  1.484427e-01 0.9704
1  6.31e+00  0.3720761498  1.484427e-01 0.9704
1  6.92e+00  0.36182996  1.484427e-01 0.9704
1  7.59e+00  0.3523507987  1.484427e-01 0.9704
1  8.32e+00  0.3437515163  1.484427e-01 0.9704
1  9.12e+00  0.3361117558  1.484427e-01 0.9704
1  1.00e+01  0.3293804718  1.484427e-01 0.9704
1  1.10e+01  0.323556751  1.484427e-01 0.9704
1  1.20e+01  0.3185389235  1.484427e-01 0.9704
1  1.32e+01  0.3143360919  1.484427e-01 0.9704
1  1.45e+01  0.3107392779  1.484427e-01 0.9704
1  1.58e+01  0.3077120458  1.484427e-01 0.9704
1  1.74e+01  0.3051760752  1.484427e-01 0.9704
1  1.91e+01  0.3030278948  1.484427e-01 0.9704
1  2.09e+01  0.3011864048  1.484427e-01 0.9704
1  2.29e+01  0.2996383678  1.484427e-01 0.9704
1  2.51e+01  0.298315737  1.484427e-01 0.9704
1  2.75e+01  0.2971473498  1.484427e-01 0.9704
1  3.02e+01  0.2961321452  1.484427e-01 0.9704
1  3.31e+01  0.2951772064  1.484427e-01 0.9704
1  3.63e+01  0.294312301  1.484427e-01 0.9704
1  3.98e+01  0.2934384563  1.484427e-01 0.9704
1  4.37e+01  0.2925909425  1.484427e-01 0.9704
1  4.79e+01  0.2917363803  1.484427e-01 0.9704
1  5.25e+01  0.2907677744  1.484427e-01 0.9704
1  5.75e+01  0.2897257693  1.484427e-01 0.9704
1  6.31e+01  0.2885252971  1.484427e-01 0.9704
1  6.92e+01  0.2871111161  1.484427e-01 0.9704
1  7.59e+01  0.285356902  1.484427e-01 0.9704
1  8.32e+01  0.2831728458  1.484427e-01 0.9704
1  9.12e+01  0.2803413201  1.484427e-01 0.9704
1  1.00e+02  0.2765475377  1.484427e-01 0.9704
1  1.10e+02  0.2713528584  1.484427e-01 0.9704
1  1.20e+02  0.2638962903  1.484427e-01 0.9704
1  1.32e+02  0.2528835168  1.484427e-01 0.9704
1  1.45e+02  0.2361736496  1.484427e-01 0.9704
1  1.58e+02  0.2109757398  1.484427e-01 0.9704
1  1.74e+02  0.1754960565  1.484427e-01 0.9704
1  1.91e+02  0.133614374  1.484427e-01 0.9704
1  2.09e+02  0.09544309369  1.484427e-01 0.9704
1  2.29e+02  0.0680019301  1.484427e-01 0.9704
1  2.51e+02  0.05083078254  1.484427e-01 0.9704
1  2.75e+02  0.04053595776  1.484427e-01 0.9704
1  3.02e+02  0.03430790895  1.484427e-01 0.9704
1  3.31e+02  0.03043267617  1.484427e-01 0.9704
1  3.63e+02  0.02793808775  1.484427e-01 0.9704
1  3.98e+02  0.02628364939  1.484427e-01 0.9704
1  4.37e+02  0.02514901034  1.484427e-01 0.9704
1  4.79e+02  0.02435806053  1.484427e-01 0.9704
1  5.25e+02  0.02379257737  1.484427e-01 0.9704
1  5.75e+02  0.0233780026  1.484427e-01 0.9704
1  6.31e+02  0.02307244734  1.484427e-01 0.9704
1  6.92e+02  0.02284247537  1.484427e-01 0.9704
1  7.59e+02  0.02266938415  1.484427e-01 0.9704
1  8.32e+02  0.02253738075  1.484427e-01 0.9704
1  9.12e+02  0.02243359161  1.484427e-01 0.9704
1  1.00e+03  0.02235277468  1.484427e-01 0.9704
1  1.10e+03  0.02229025827  1.484427e-01 0.9704
1  1.20e+03  0.02223952428  1.484427e-01 0.9704
1  1.32e+03  0.02220062943  1.484427e-01 0.9704
1  1.45e+03  0.02216927825  1.484427e-01 0.9704
1  1.58e+03  0.02214382175  1.484427e-01 0.9704
1  1.74e+03  0.0221233423  1.484427e-01 0.9704
1  1.91e+03  0.02210741025  1.484427e-01 0.9704
1  2.09e+03  0.02209510012  1.484427e-01 0.9704
1  2.29e+03  0.02208360196  1.484427e-01 0.9704
1  2.51e+03  0.02207435766  1.484427e-01 0.9704
1  2.75e+03  0.02206742182  1.484427e-01 0.9704
1  3.02e+03  0.02206132212  1.484427e-01 0.9704
1  3.31e+03  0.02205772891  1.484427e-01 0.9704
1  3.63e+03  0.02205521971  1.484427e-01 0.9704
1  3.98e+03  0.02204806639  1.484427e-01 0.9704
1  4.37e+03  0.02205141901  1.484427e-01 0.9704
1  4.79e+03  0.0220520874  1.484427e-01 0.9704
1  5.25e+03  0.02203596585  1.484427e-01 0.9704
1  5.75e+03  0.02207733713  1.484427e-01 0.9704
1  6.31e+03  0.02208339768  1.484427e-01 0.9704
1  6.92e+03  0.02211540039  1.484427e-01 0.9704
1  7.59e+03  0.02224398076  1.484427e-01 0.9704
1  8.32e+03  0.0223665608  1.484427e-01 0.9704
1  9.12e+03  0.02264156523  1.484427e-01 0.9704
1  1.00e+04  0.02303334985  1.484427e-01 0.9704
1  1.10e+04  0.02388583825  1.484427e-01 0.9704
1  1.20e+04  0.02513837091  1.484427e-01 0.9704
1  1.32e+04  0.02669537624  1.484427e-01 0.9704
1  1.45e+04  0.02916786681  1.484427e-01 0.9704
1  1.58e+04  0.03298160905  1.484427e-01 0.9704
1  1.74e+04  0.03695755389  1.484427e-01 0.9704
1  1.91e+04  0.04291319497  1.484427e-01 0.9704
1  2.09e+04  0.04983870401  1.484427e-01 0.9704
1  2.29e+04  0.05812812687  1.484427e-01 0.9704
1  2.51e+04  0.06784485373  1.484427e-01 0.9704
1  2.75e+04  0.07918435916  1.484427e-01 0.9704
1  3.02e+04  0.09201421948  1.484427e-01 0.9704
1  3.31e+04  0.1066145246  1.484427e-01 0.9704
1  3.63e+04  0.1224606907  1.484427e-01 0.9704
1  3.98e+04  0.1373729602  1.484427e-01 0.9704
1  4.37e+04  0.1556547879  1.484427e-01 0.9704
1  4.79e+04  0.1735584677  1.484427e-01 0.9704
1  5.25e+04  0.1912643378  1.484427e-01 0.9704
1  5.75e+04  0.2097958144  1.484427e-01 0.9704
1  6.31e+04  0.2304964152  1.484427e-01 0.9704
1  6.92e+04  0.2461032817  1.484427e-01 0.9704
1  7.59e+04  0.265289833  1.484427e-01 0.9704
1  8.32e+04  0.2870817014  1.484427e-01 0.9704
1  9.12e+04  0.3026574003  1.484427e-01 0.9704
1  1.00e+05  0.3164059745  1.484427e-01 0.9704
1  1.10e+05  0.3333949404  1.484427e-01 0.9704
1  1.20e+05  0.3524363091  1.484427e-01 0.9704
1  1.32e+05  0.3705214021  1.484427e-01 0.9704
1  1.45e+05  0.385391307  1.484427e-01 0.9704
1  1.58e+05  0.3969835574  1.484427e-01 0.9704
1  1.74e+05  0.4068526004  1.484427e-01 0.9704
1  1.91e+05  0.4165044929  1.484427e-01 0.9704
1  2.09e+05  0.4266209118  1.484427e-01 0.9704
1  2.29e+05  0.4372503538  1.484427e-01 0.9704
1  2.51e+05  0.4481699826  1.484427e-01 0.9704
1  2.75e+05  0.4590702526  1.484427e-01 0.9704
1  3.02e+05  0.4696330412  1.484427e-01 0.9704
1  3.31e+05  0.4795887711  1.484427e-01 0.9704
1  3.63e+05  0.488754795  1.484427e-01 0.9704
1  3.98e+05  0.4970423522  1.484427e-01 0.9704
1  4.37e+05  0.5044390185  1.484427e-01 0.9704
1  4.79e+05  0.5109827408  1.484427e-01 0.9704
1  5.25e+05  0.5167389189  1.484427e-01 0.9704
1  5.75e+05  0.5217844575  1.484427e-01 0.9704
1  6.31e+05  0.5261981852  1.484427e-01 0.9704
1  6.92e+05  0.5300556697  1.484427e-01 0.9704
1  7.59e+05  0.5334266809  1.484427e-01 0.9704
1  8.32e+05  0.5363741446  1.484427e-01 0.9704
1  9.12e+05  0.5389539216  1.484427e-01 0.9704
1  1.00e+06  0.5412150416  1.484427e-01 0.9704
1  1.10e+06  0.5432001835  1.484427e-01 0.9704
1  1.20e+06  0.544946277  1.484427e-01 0.9704
1  1.32e+06  0.5464851455  1.484427e-01 0.9704
1  1.45e+06  0.5478441403  1.484427e-01 0.9704
1  1.58e+06  0.5490467375  1.484427e-01 0.9704
1  1.74e+06  0.5501130803  1.484427e-01 0.9704
1  1.91e+06  0.5510604632  1.484427e-01 0.9704
1  2.09e+06  0.5519037438  1.484427e-01 0.9704
1  2.29e+06  0.5526557108  1.484427e-01 0.9704
1  2.51e+06  0.5533273957  1.484427e-01 0.9704
1  2.75e+06  0.5539283345  1.484427e-01 0.9704
1  3.02e+06  0.5544667893  1.484427e-01 0.9704
1  3.31e+06  0.5549499364  1.484427e-01 0.9704
1  3.63e+06  0.5553840259  1.484427e-01 0.9704
1  3.98e+06  0.5557745138  1.484427e-01 0.9704
1  4.37e+06  0.5561261763  1.484427e-01 0.9704
1  4.79e+06  0.5564432045  1.484427e-01 0.9704
1  5.25e+06  0.5567292851  1.484427e-01 0.9704
1  5.75e+06  0.5569876685  1.484427e-01 0.9704
1  6.31e+06  0.5572212275  1.484427e-01 0.9704
1  6.92e+06  0.5574325061  1.484427e-01 0.9704
1  7.59e+06  0.5576237621  1.484427e-01 0.9704
1  8.32e+06  0.5577970031  1.484427e-01 0.9704
1  9.12e+06  0.5579540175  1.484427e-01 0.9704
1  1.00e+07  0.5580964014  1.484427e-01 0.9704
