1  1.00e-03  0.5604973995  1.429357e-01 0.9344
1  1.10e-03  0.56049474  1.429357e-01 0.9344
1  1.20e-03  0.5604918532  1.429357e-01 0.9344
1  1.32e-03  0.560488603  1.429357e-01 0.9344
1  1.45e-03  0.5604850305  1.429357e-01 0.9344
1  1.58e-03  0.5604811741  1.429357e-01 0.9344
1  1.74e-03  0.5604770092  1.429357e-01 0.9344
1  1.91e-03  0.5604723511  1.429357e-01 0.9344
1  2.09e-03  0.5604671736  1.429357e-01 0.9344
1  2.29e-03  0.5604616445  1.429357e-01 0.9344
1  2.51e-03  0.5604554879  1.429357e-01 0.9344
1  2.75e-03  0.560448781  1.429357e-01 0.9344
1  3.02e-03  0.5604414091  1.429357e-01 0.9344
1  3.31e-03  0.5604333343  1.429357e-01 0.9344
1  3.63e-03  0.5604244915  1.429357e-01 0.9344
1  3.98e-03  0.5604147769  1.429357e-01 0.9344
1  4.37e-03  0.5604041546  1.429357e-01 0.9344
1  4.79e-03  0.5603924498  1.429357e-01 0.9344
1  5.25e-03  0.5603796632  1.429357e-01 0.9344
1  5.75e-03  0.560365613  1.429357e-01 0.9344
1  6.31e-03  0.560350203  1.429357e-01 0.9344
1  6.92e-03  0.5603333312  1.429357e-01 0.9344
1  7.59e-03  0.5603147914  1.429357e-01 0.9344
1  8.32e-03  0.5602944862  1.429357e-01 0.9344
1  9.12e-03  0.5602722187  1.429357e-01 0.9344
1  1.00e-02  0.5602477623  1.429357e-01 0.9344
1  1.10e-02  0.5602209873  1.429357e-01 0.9344
1  1.20e-02  0.560191631  1.429357e-01 0.9344
1  1.32e-02  0.560159391  1.429357e-01 0.9344
1  1.45e-02  0.5601240446  1.429357e-01 0.9344
1  1.58e-02  0.5600852715  1.429357e-01 0.9344
1  1.74e-02  0.5600427326  1.429357e-01 0.9344
1  1.91e-02  0.559996146  1.429357e-01 0.9344
1  2.09e-02  0.5599449475  1.429357e-01 0.9344
1  2.29e-02  0.5598888384  1.429357e-01 0.9344
1  2.51e-02  0.5598273151  1.429357e-01 0.9344
1  2.75e-02  0.5597598797  1.429357e-01 0.9344
1  3.02e-02  0.5596857406  1.429357e-01 0.9344
1  3.31e-02  0.5596044516  1.429357e-01 0.9344
1  3.63e-02  0.5595153132  1.429357e-01 0.9344
1  3.98e-02  0.5594176281  1.429357e-01 0.9344
1  4.37e-02  0.5593101745  1.429357e-01 0.9344
1  4.79e-02  0.5591925343  1.429357e-01 0.9344
1  5.25e-02  0.5590633901  1.429357e-01 0.9344
1  5.75e-02  0.558921423  1.429357e-01 0.9344
1  6.31e-02  0.5587658343  1.429357e-01 0.9344
1  6.92e-02  0.5585949177  1.429357e-01 0.9344
1  7.59e-02  0.5584072059  1.429357e-01 0.9344
1  8.32e-02  0.5582015453  1.429357e-01 0.9344
1  9.12e-02  0.5579750268  1.429357e-01 0.9344
1  1.00e-01  0.5577269873  1.429357e-01 0.9344
1  1.10e-01  0.5574542382  1.429357e-01 0.9344
1  1.20e-01  0.5571546201  1.429357e-01 0.9344
1  1.32e-01  0.5568249854  1.429357e-01 0.9344
1  1.45e-01  0.5564635206  1.429357e-01 0.9344
1  1.58e-01  0.5560656035  1.429357e-01 0.9344
1  1.74e-01  0.5556284328  1.429357e-01 0.9344
1  1.91e-01  0.555147069  1.429357e-01 0.9344
1  2.09e-01  0.554617977  1.429357e-01 0.9344
1  2.29e-01  0.5540360204  1.429357e-01 0.9344
1  2.51e-01  0.5533961059  1.429357e-01 0.9344
1  2.75e-01  0.5526899005  1.429357e-01 0.9344
1  3.02e-01  0.5519139771  1.429357e-01 0.9344
1  3.31e-01  0.5510581722  1.429357e-01 0.9344
1  3.63e-01  0.5501135464  1.429357e-01 0.9344
1  3.98e-01  0.549074595  1.429357e-01 0.9344
1  4.37e-01  0.5479270455  1.429357e-01 0.9344
1  4.79e-01  0.5466592661  1.429357e-01 0.9344
1  5.25e-01  0.5452586587  1.429357e-01 0.9344
1  5.75e-01  0.5437142921  1.429357e-01 0.9344
1  6.31e-01  0.5420066858  1.429357e-01 0.9344
1  6.92e-01  0.5401155704  1.429357e-01 0.9344
1  7.59e-01  0.5380233751  1.429357e-01 0.9344
1  8.32e-01  0.535708839  1.429357e-01 0.9344
1  9.12e-01  0.5331420827  1.429357e-01 0.9344
1  1.00e+00  0.5302969704  1.429357e-01 0.9344
1  1.10e+00  0.5271453076  1.429357e-01 0.9344
1  1.20e+00  0.5236489653  1.429357e-01 0.9344
1  1.32e+00  0.5197699499  1.429357e-01 0.9344
1  1.45e+00  0.515470979  1.429357e-01 0.9344
1  1.58e+00  0.5107043467  1.429357e-01 0.9344
1  1.74e+00  0.5054269315  1.429357e-01 0.9344
1  1.91e+00  0.4995946656  1.429357e-01 0.9344
1  2.09e+00  0.4931584173  1.429357e-01 0.9344
1  2.29e+00  0.4860866318  1.429357e-01 0.9344
1  2.51e+00  0.4783311853  1.429357e-01 0.9344
1  2.75e+00  0.4698803432  1.429357e-01 0.9344
1  3.02e+00  0.4607174517  1.429357e-01 0.9344
1  3.31e+00  0.4509028647  1.429357e-01 0.9344
1  3.63e+00  0.4404472156  1.429357e-01 0.9344
1  3.98e+00  0.429508886  1.429357e-01 0.9344
1  4.37e+00  0.4181515307  1.429357e-01 0.9344
1  4.79e+00  0.4066079514  1.429357e-01 0.9344
1  5.25e+00  0.3950499019  1.429357e-01 0.9344
1  5.75e+00  0.3837258623  1.429357e-01 0.9344
1  6.31e+00  0.3728406538  1.429357e-01 0.9344
1  6.92e+00  0.3626050943  1.429357e-01 0.9344
1  7.59e+00  0.3531530309  1.429357e-01 0.9344
1  8.32e+00  0.3445582606  1.429357e-01 0.9344
1  9.12e+00  0.3369493315  1.429357e-01 0.9344
1  1.00e+01  0.3302273977  1.429357e-01 0.9344
1  1.10e+01  0.3244341828  1.429357e-01 0.9344
1  1.20e+01  0.3194724683  1.429357e-01 0.9344
1  1.32e+01  0.3151997593  1.429357e-01 0.9344
1  1.45e+01  0.3116745574  1.429357e-01 0.9344
1  1.58e+01  0.3086302579  1.429357e-01 0.9344
1  1.74e+01  0.306102344  1.429357e-01 0.9344
1  1.91e+01  0.303967305  1.429357e-01 0.9344
1  2.09e+01  0.3021759685  1.429357e-01 0.9344
1  2.29e+01  0.3006445067  1.429357e-01 0.9344
1  2.51e+01  0.2993189633  1.429357e-01 0.9344
1  2.75e+01  0.2981809197  1.429357e-01 0.9344
1  3.02e+01  0.2971529432  1.429357e-01 0.9344
1  3.31e+01  0.2962500048  1.429357e-01 0.9344
1  3.63e+01  0.2953787702  1.429357e-01 0.9344
1  3.98e+01  0.2945826061  1.429357e-01 0.9344
1  4.37e+01  0.2937640166  1.429357e-01 0.9344
1  4.79e+01  0.2929008929  1.429357e-01 0.9344
1  5.25e+01  0.2920235799  1.429357e-01 0.9344
1  5.75e+01  0.2910141524  1.429357e-01 0.9344
1  6.31e+01  0.2898788029  1.429357e-01 0.9344
1  6.92e+01  0.2885103575  1.429357e-01 0.9344
1  7.59e+01  0.2868569987  1.429357e-01 0.9344
1  8.32e+01  0.2847994678  1.429357e-01 0.9344
1  9.12e+01  0.2821111359  1.429357e-01 0.9344
1  1.00e+02  0.2784974082  1.429357e-01 0.9344
1  1.10e+02  0.2735195372  1.429357e-01 0.9344
1  1.20e+02  0.2663196874  1.429357e-01 0.9344
1  1.32e+02  0.2556150818  1.429357e-01 0.9344
1  1.45e+02  0.2391000616  1.429357e-01 0.9344
1  1.58e+02  0.2136963151  1.429357e-01 0.9344
1  1.74e+02  0.1771305736  1.429357e-01 0.9344
1  1.91e+02  0.133330985  1.429357e-01 0.9344
1  2.09e+02  0.09352344943  1.429357e-01 0.9344
1  2.29e+02  0.06546606758  1.429357e-01 0.9344
1  2.51e+02  0.04827952765  1.429357e-01 0.9344
1  2.75e+02  0.0381569479  1.429357e-01 0.9344
1  3.02e+02  0.0321231063  1.429357e-01 0.9344
1  3.31e+02  0.02839627434  1.429357e-01 0.9344
1  3.63e+02  0.02601457218  1.429357e-01 0.9344
1  3.98e+02  0.02444167992  1.429357e-01 0.9344
1  4.37e+02  0.02336575014  1.429357e-01 0.9344
1  4.79e+02  0.02261862053  1.429357e-01 0.9344
1  5.25e+02  0.02208238454  1.429357e-01 0.9344
1  5.75e+02  0.02169207446  1.429357e-01 0.9344
1  6.31e+02  0.02140550638  1.429357e-01 0.9344
1  6.92e+02  0.02119114388  1.429357e-01 0.9344
1  7.59e+02  0.02102674163  1.429357e-01 0.9344
1  8.32e+02  0.02090082803  1.429357e-01 0.9344
1  9.12e+02  0.02080481129  1.429357e-01 0.9344
1  1.00e+03  0.02072981659  1.429357e-01 0.9344
1  1.10e+03  0.02066995571  1.429357e-01 0.9344
1  1.20e+03  0.02062251936  1.429357e-01 0.9344
1  1.32e+03  0.02058682525  1.429357e-01 0.9344
1  1.45e+03  0.02055570697  1.429357e-01 0.9344
1  1.58e+03  0.02053308959  1.429357e-01 0.9344
1  1.74e+03  0.0205136388  1.429357e-01 0.9344
1  1.91e+03  0.02049881308  1.429357e-01 0.9344
1  2.09e+03  0.0204857879  1.429357e-01 0.9344
1  2.29e+03  0.02047614344  1.429357e-01 0.9344
1  2.51e+03  0.0204679311  1.429357e-01 0.9344
1  2.75e+03  0.02046176851  1.429357e-01 0.9344
1  3.02e+03  0.02045645785  1.429357e-01 0.9344
1  3.31e+03  0.02045179334  1.429357e-01 0.9344
1  3.63e+03  0.02045224611  1.429357e-01 0.9344
1  3.98e+03  0.02044048924  1.429357e-01 0.9344
1  4.37e+03  0.0204406283  1.429357e-01 0.9344
1  4.79e+03  0.02043630168  1.429357e-01 0.9344
1  5.25e+03  0.02044281894  1.429357e-01 0.9344
1  5.75e+03  0.02047577546  1.429357e-01 0.9344
1  6.31e+03  0.0205476285  1.429357e-01 0.9344
1  6.92e+03  0.02062307408  1.429357e-01 0.9344
1  7.59e+03  0.02078413962  1.429357e-01 0.9344
1  8.32e+03  0.02091077422  1.429357e-01 0.9344
1  9.12e+03  0.02145511526  1.429357e-01 0.9344
1  1.00e+04  0.0219668803  1.429357e-01 0.9344
1  1.10e+04  0.02305535296  1.429357e-01 0.9344
1  1.20e+04  0.02471518238  1.429357e-01 0.9344
1  1.32e+04  0.02678906747  1.429357e-01 0.9344
1  1.45e+04  0.03011253267  1.429357e-01 0.9344
1  1.58e+04  0.03465319453  1.429357e-01 0.9344
1  1.74e+04  0.03946649421  1.429357e-01 0.9344
1  1.91e+04  0.04644387804  1.429357e-01 0.9344
1  2.09e+04  0.05459684542  1.429357e-01 0.9344
1  2.29e+04  0.063804056  1.429357e-01 0.9344
1  2.51e+04  0.07458007258  1.429357e-01 0.9344
1  2.75e+04  0.0870404035  1.429357e-01 0.9344
1  3.02e+04  0.1009230668  1.429357e-01 0.9344
1  3.31e+04  0.1164972227  1.429357e-01 0.9344
1  3.63e+04  0.1332957859  1.429357e-01 0.9344
1  3.98e+04  0.1490310121  1.429357e-01 0.9344
1  4.37e+04  0.1677965387  1.429357e-01 0.9344
1  4.79e+04  0.186165377  1.429357e-01 0.9344
1  5.25e+04  0.20418018  1.429357e-01 0.9344
1  5.75e+04  0.2229524275  1.429357e-01 0.9344
1  6.31e+04  0.243599774  1.429357e-01 0.9344
1  6.92e+04  0.2592277975  1.429357e-01 0.9344
1  7.59e+04  0.2783012054  1.429357e-01 0.9344
1  8.32e+04  0.2996699549  1.429357e-01 0.9344
1  9.12e+04  0.3149707249  1.429357e-01 0.9344
1  1.00e+05  0.3284637955  1.429357e-01 0.9344
1  1.10e+05  0.3450597188  1.429357e-01 0.9344
1  1.20e+05  0.3635032912  1.429357e-01 0.9344
1  1.32e+05  0.3809176256  1.429357e-01 0.9344
1  1.45e+05  0.3952227593  1.429357e-01 0.9344
1  1.58e+05  0.4063844234  1.429357e-01 0.9344
1  1.74e+05  0.415883775  1.429357e-01 0.9344
1  1.91e+05  0.4251564657  1.429357e-01 0.9344
1  2.09e+05  0.4348487956  1.429357e-01 0.9344
1  2.29e+05  0.4450004831  1.429357e-01 0.9344
1  2.51e+05  0.4553968456  1.429357e-01 0.9344
1  2.75e+05  0.4657472434  1.429357e-01 0.9344
1  3.02e+05  0.4757565234  1.429357e-01 0.9344
1  3.31e+05  0.4851758578  1.429357e-01 0.9344
1  3.63e+05  0.4938375886  1.429357e-01 0.9344
1  3.98e+05  0.5016616397  1.429357e-01 0.9344
1  4.37e+05  0.5086391469  1.429357e-01 0.9344
1  4.79e+05  0.5148081181  1.429357e-01 0.9344
1  5.25e+05  0.5202319055  1.429357e-01 0.9344
1  5.75e+05  0.5249842416  1.429357e-01 0.9344
1  6.31e+05  0.5291402876  1.429357e-01 0.9344
1  6.92e+05  0.5327718329  1.429357e-01 0.9344
1  7.59e+05  0.5359449841  1.429357e-01 0.9344
1  8.32e+05  0.5387192462  1.429357e-01 0.9344
1  9.12e+05  0.5411473646  1.429357e-01 0.9344
1  1.00e+06  0.5432755822  1.429357e-01 0.9344
1  1.10e+06  0.5451441183  1.429357e-01 0.9344
1  1.20e+06  0.5467877513  1.429357e-01 0.9344
1  1.32e+06  0.5482364357  1.429357e-01 0.9344
1  1.45e+06  0.5495159073  1.429357e-01 0.9344
1  1.58e+06  0.5506482492  1.429357e-01 0.9344
1  1.74e+06  0.5516524058  1.429357e-01 0.9344
1  1.91e+06  0.5525446398  1.429357e-01 0.9344
1  2.09e+06  0.5533389223  1.429357e-01 0.9344
1  2.29e+06  0.5540472767  1.429357e-01 0.9344
1  2.51e+06  0.5546800762  1.429357e-01 0.9344
1  2.75e+06  0.5552462866  1.429357e-01 0.9344
1  3.02e+06  0.5557536775  1.429357e-01 0.9344
1  3.31e+06  0.5562089976  1.429357e-01 0.9344
1  3.63e+06  0.5566181251  1.429357e-01 0.9344
1  3.98e+06  0.5569861921  1.429357e-01 0.9344
1  4.37e+06  0.5573176919  1.429357e-01 0.9344
1  4.79e+06  0.5576165676  1.429357e-01 0.9344
1  5.25e+06  0.5578862885  1.429357e-01 0.9344
1  5.75e+06  0.5581299137  1.429357e-01 0.9344
1  6.31e+06  0.5583501472  1.429357e-01 0.9344
1  6.92e+06  0.5585493841  1.429357e-01 0.9344
1  7.59e+06  0.55872975  1.429357e-01 0.9344
1  8.32e+06  0.5588931356  1.429357e-01 0.9344
1  9.12e+06  0.5590412252  1.429357e-01 0.9344
1  1.00e+07  0.5591755221  1.429357e-01 0.9344
