1  1.00e-03  0.5595217429  1.483203e-01 0.9696
1  1.10e-03  0.5595190887  1.483203e-01 0.9696
1  1.20e-03  0.5595162125  1.483203e-01 0.9696
1  1.32e-03  0.5595129717  1.483203e-01 0.9696
1  1.45e-03  0.5595093974  1.483203e-01 0.9696
1  1.58e-03  0.5595055501  1.483203e-01 0.9696
1  1.74e-03  0.559501391  1.483203e-01 0.9696
1  1.91e-03  0.5594967475  1.483203e-01 0.9696
1  2.09e-03  0.55949158  1.483203e-01 0.9696
1  2.29e-03  0.5594860602  1.483203e-01 0.9696
1  2.51e-03  0.5594799056  1.483203e-01 0.9696
1  2.75e-03  0.5594732201  1.483203e-01 0.9696
1  3.02e-03  0.5594658643  1.483203e-01 0.9696
1  3.31e-03  0.5594577874  1.483203e-01 0.9696
1  3.63e-03  0.5594489648  1.483203e-01 0.9696
1  3.98e-03  0.5594392784  1.483203e-01 0.9696
1  4.37e-03  0.5594286651  1.483203e-01 0.9696
1  4.79e-03  0.5594169727  1.483203e-01 0.9696
1  5.25e-03  0.5594042169  1.483203e-01 0.9696
1  5.75e-03  0.5593901724  1.483203e-01 0.9696
1  6.31e-03  0.5593747949  1.483203e-01 0.9696
1  6.92e-03  0.5593579418  1.483203e-01 0.9696
1  7.59e-03  0.5593394675  1.483203e-01 0.9696
1  8.32e-03  0.5593191943  1.483203e-01 0.9696
1  9.12e-03  0.5592969598  1.483203e-01 0.9696
1  1.00e-02  0.5592725394  1.483203e-01 0.9696
1  1.10e-02  0.5592458254  1.483203e-01 0.9696
1  1.20e-02  0.5592164729  1.483203e-01 0.9696
1  1.32e-02  0.5591843256  1.483203e-01 0.9696
1  1.45e-02  0.5591490447  1.483203e-01 0.9696
1  1.58e-02  0.5591103468  1.483203e-01 0.9696
1  1.74e-02  0.5590678469  1.483203e-01 0.9696
1  1.91e-02  0.5590212869  1.483203e-01 0.9696
1  2.09e-02  0.5589702217  1.483203e-01 0.9696
1  2.29e-02  0.5589142135  1.483203e-01 0.9696
1  2.51e-02  0.5588527535  1.483203e-01 0.9696
1  2.75e-02  0.5587853972  1.483203e-01 0.9696
1  3.02e-02  0.5587114108  1.483203e-01 0.9696
1  3.31e-02  0.5586303499  1.483203e-01 0.9696
1  3.63e-02  0.5585413847  1.483203e-01 0.9696
1  3.98e-02  0.5584438099  1.483203e-01 0.9696
1  4.37e-02  0.5583365801  1.483203e-01 0.9696
1  4.79e-02  0.5582189498  1.483203e-01 0.9696
1  5.25e-02  0.5580900435  1.483203e-01 0.9696
1  5.75e-02  0.5579485417  1.483203e-01 0.9696
1  6.31e-02  0.5577929254  1.483203e-01 0.9696
1  6.92e-02  0.5576223074  1.483203e-01 0.9696
1  7.59e-02  0.5574350444  1.483203e-01 0.9696
1  8.32e-02  0.5572296311  1.483203e-01 0.9696
1  9.12e-02  0.557003728  1.483203e-01 0.9696
1  1.00e-01  0.5567560458  1.483203e-01 0.9696
1  1.10e-01  0.5564834304  1.483203e-01 0.9696
1  1.20e-01  0.5561844666  1.483203e-01 0.9696
1  1.32e-01  0.5558558402  1.483203e-01 0.9696
1  1.45e-01  0.5554945778  1.483203e-01 0.9696
1  1.58e-01  0.5550976557  1.483203e-01 0.9696
1  1.74e-01  0.5546611162  1.483203e-01 0.9696
1  1.91e-01  0.5541803328  1.483203e-01 0.9696
1  2.09e-01  0.5536522983  1.483203e-01 0.9696
1  2.29e-01  0.5530711826  1.483203e-01 0.9696
1  2.51e-01  0.5524319643  1.483203e-01 0.9696
1  2.75e-01  0.5517282359  1.483203e-01 0.9696
1  3.02e-01  0.5509523052  1.483203e-01 0.9696
1  3.31e-01  0.5500979592  1.483203e-01 0.9696
1  3.63e-01  0.5491559976  1.483203e-01 0.9696
1  3.98e-01  0.5481178165  1.483203e-01 0.9696
1  4.37e-01  0.5469729562  1.483203e-01 0.9696
1  4.79e-01  0.5457065666  1.483203e-01 0.9696
1  5.25e-01  0.5443104455  1.483203e-01 0.9696
1  5.75e-01  0.5427694588  1.483203e-01 0.9696
1  6.31e-01  0.5410624524  1.483203e-01 0.9696
1  6.92e-01  0.5391774383  1.483203e-01 0.9696
1  7.59e-01  0.5370865293  1.483203e-01 0.9696
1  8.32e-01  0.534777301  1.483203e-01 0.9696
1  9.12e-01  0.5322139863  1.483203e-01 0.9696
1  1.00e+00  0.5293783489  1.483203e-01 0.9696
1  1.10e+00  0.5262285428  1.483203e-01 0.9696
1  1.20e+00  0.5227388915  1.483203e-01 0.9696
1  1.32e+00  0.5188722564  1.483203e-01 0.9696
1  1.45e+00  0.514576663  1.483203e-01 0.9696
1  1.58e+00  0.5098252529  1.483203e-01 0.9696
1  1.74e+00  0.5045544789  1.483203e-01 0.9696
1  1.91e+00  0.4987328004  1.483203e-01 0.9696
1  2.09e+00  0.4923102128  1.483203e-01 0.9696
1  2.29e+00  0.4852502488  1.483203e-01 0.9696
1  2.51e+00  0.4775123928  1.483203e-01 0.9696
1  2.75e+00  0.4690701948  1.483203e-01 0.9696
1  3.02e+00  0.4599258047  1.483203e-01 0.9696
1  3.31e+00  0.4501253747  1.483203e-01 0.9696
1  3.63e+00  0.4396808097  1.483203e-01 0.9696
1  3.98e+00  0.4287439108  1.483203e-01 0.9696
1  4.37e+00  0.417404527  1.483203e-01 0.9696
1  4.79e+00  0.4058657341  1.483203e-01 0.9696
1  5.25e+00  0.3943061097  1.483203e-01 0.9696
1  5.75e+00  0.3829774313  1.483203e-01 0.9696
1  6.31e+00  0.3720933659  1.483203e-01 0.9696
1  6.92e+00  0.3618474672  1.483203e-01 0.9696
1  7.59e+00  0.3523689198  1.483203e-01 0.9696
1  8.32e+00  0.34376958  1.483203e-01 0.9696
1  9.12e+00  0.3361307468  1.483203e-01 0.9696
1  1.00e+01  0.3293993284  1.483203e-01 0.9696
1  1.10e+01  0.3235762747  1.483203e-01 0.9696
1  1.20e+01  0.3185476087  1.483203e-01 0.9696
1  1.32e+01  0.3143187336  1.483203e-01 0.9696
1  1.45e+01  0.310757144  1.483203e-01 0.9696
1  1.58e+01  0.3077324092  1.483203e-01 0.9696
1  1.74e+01  0.3051974474  1.483203e-01 0.9696
1  1.91e+01  0.3030495504  1.483203e-01 0.9696
1  2.09e+01  0.3012079693  1.483203e-01 0.9696
1  2.29e+01  0.2996602498  1.483203e-01 0.9696
1  2.51e+01  0.2983376801  1.483203e-01 0.9696
1  2.75e+01  0.2971697586  1.483203e-01 0.9696
1  3.02e+01  0.2961557215  1.483203e-01 0.9696
1  3.31e+01  0.2952021248  1.483203e-01 0.9696
1  3.63e+01  0.2943366702  1.483203e-01 0.9696
1  3.98e+01  0.293463378  1.483203e-01 0.9696
1  4.37e+01  0.2926172979  1.483203e-01 0.9696
1  4.79e+01  0.2917628822  1.483203e-01 0.9696
1  5.25e+01  0.2907955684  1.483203e-01 0.9696
1  5.75e+01  0.2897555797  1.483203e-01 0.9696
1  6.31e+01  0.2885544213  1.483203e-01 0.9696
1  6.92e+01  0.28714272  1.483203e-01 0.9696
1  7.59e+01  0.2853918522  1.483203e-01 0.9696
1  8.32e+01  0.2832080582  1.483203e-01 0.9696
1  9.12e+01  0.2803796835  1.483203e-01 0.9696
1  1.00e+02  0.2765914553  1.483203e-01 0.9696
1  1.10e+02  0.2714001088  1.483203e-01 0.9696
1  1.20e+02  0.2639515582  1.483203e-01 0.9696
1  1.32e+02  0.2529424523  1.483203e-01 0.9696
1  1.45e+02  0.2362368833  1.483203e-01 0.9696
1  1.58e+02  0.2110342005  1.483203e-01 0.9696
1  1.74e+02  0.1755318275  1.483203e-01 0.9696
1  1.91e+02  0.1336087156  1.483203e-01 0.9696
1  2.09e+02  0.0954008336  1.483203e-01 0.9696
1  2.29e+02  0.0679470197  1.483203e-01 0.9696
1  2.51e+02  0.05077417834  1.483203e-01 0.9696
1  2.75e+02  0.04048213245  1.483203e-01 0.9696
1  3.02e+02  0.03425875281  1.483203e-01 0.9696
1  3.31e+02  0.03038684617  1.483203e-01 0.9696
1  3.63e+02  0.02789451929  1.483203e-01 0.9696
1  3.98e+02  0.02624225483  1.483203e-01 0.9696
1  4.37e+02  0.02510892712  1.483203e-01 0.9696
1  4.79e+02  0.02431842719  1.483203e-01 0.9696
1  5.25e+02  0.0237540655  1.483203e-01 0.9696
1  5.75e+02  0.02334016353  1.483203e-01 0.9696
1  6.31e+02  0.02303484853  1.483203e-01 0.9696
1  6.92e+02  0.02280504068  1.483203e-01 0.9696
1  7.59e+02  0.02263212785  1.483203e-01 0.9696
1  8.32e+02  0.02250031526  1.483203e-01 0.9696
1  9.12e+02  0.02239677121  1.483203e-01 0.9696
1  1.00e+03  0.0223160974  1.483203e-01 0.9696
1  1.10e+03  0.02225352796  1.483203e-01 0.9696
1  1.20e+03  0.02220290119  1.483203e-01 0.9696
1  1.32e+03  0.02216402188  1.483203e-01 0.9696
1  1.45e+03  0.02213284974  1.483203e-01 0.9696
1  1.58e+03  0.02210730193  1.483203e-01 0.9696
1  1.74e+03  0.02208686794  1.483203e-01 0.9696
1  1.91e+03  0.0220709356  1.483203e-01 0.9696
1  2.09e+03  0.02205865814  1.483203e-01 0.9696
1  2.29e+03  0.02204718181  1.483203e-01 0.9696
1  2.51e+03  0.02203799987  1.483203e-01 0.9696
1  2.75e+03  0.02203109568  1.483203e-01 0.9696
1  3.02e+03  0.02202493543  1.483203e-01 0.9696
1  3.31e+03  0.02202133518  1.483203e-01 0.9696
1  3.63e+03  0.02201897888  1.483203e-01 0.9696
1  3.98e+03  0.02201164334  1.483203e-01 0.9696
1  4.37e+03  0.02201499449  1.483203e-01 0.9696
1  4.79e+03  0.02201562194  1.483203e-01 0.9696
1  5.25e+03  0.02199955644  1.483203e-01 0.9696
1  5.75e+03  0.02204139145  1.483203e-01 0.9696
1  6.31e+03  0.0220480781  1.483203e-01 0.9696
1  6.92e+03  0.02208064739  1.483203e-01 0.9696
1  7.59e+03  0.02221130381  1.483203e-01 0.9696
1  8.32e+03  0.0223327439  1.483203e-01 0.9696
1  9.12e+03  0.02261431672  1.483203e-01 0.9696
1  1.00e+04  0.02300612317  1.483203e-01 0.9696
1  1.10e+04  0.02386365313  1.483203e-01 0.9696
1  1.20e+04  0.02512442047  1.483203e-01 0.9696
1  1.32e+04  0.02669122894  1.483203e-01 0.9696
1  1.45e+04  0.0291809614  1.483203e-01 0.9696
1  1.58e+04  0.03301094767  1.483203e-01 0.9696
1  1.74e+04  0.0370032079  1.483203e-01 0.9696
1  1.91e+04  0.04298149157  1.483203e-01 0.9696
1  2.09e+04  0.04993253851  1.483203e-01 0.9696
1  2.29e+04  0.05824165323  1.483203e-01 0.9696
1  2.51e+04  0.06798183049  1.483203e-01 0.9696
1  2.75e+04  0.07934628125  1.483203e-01 0.9696
1  3.02e+04  0.09219970582  1.483203e-01 0.9696
1  3.31e+04  0.1068220278  1.483203e-01 0.9696
1  3.63e+04  0.122689957  1.483203e-01 0.9696
1  3.98e+04  0.1376212925  1.483203e-01 0.9696
1  4.37e+04  0.1559150142  1.483203e-01 0.9696
1  4.79e+04  0.1738299206  1.483203e-01 0.9696
1  5.25e+04  0.1915435409  1.483203e-01 0.9696
1  5.75e+04  0.210081569  1.483203e-01 0.9696
1  6.31e+04  0.2307818995  1.483203e-01 0.9696
1  6.92e+04  0.2463901302  1.483203e-01 0.9696
1  7.59e+04  0.2655750795  1.483203e-01 0.9696
1  8.32e+04  0.2873584851  1.483203e-01 0.9696
1  9.12e+04  0.3029286633  1.483203e-01 0.9696
1  1.00e+05  0.3166720993  1.483203e-01 0.9696
1  1.10e+05  0.3336530005  1.483203e-01 0.9696
1  1.20e+05  0.3526816422  1.483203e-01 0.9696
1  1.32e+05  0.3707522388  1.483203e-01 0.9696
1  1.45e+05  0.3856099028  1.483203e-01 0.9696
1  1.58e+05  0.3971928148  1.483203e-01 0.9696
1  1.74e+05  0.4070538267  1.483203e-01 0.9696
1  1.91e+05  0.4166974611  1.483203e-01 0.9696
1  2.09e+05  0.4268046096  1.483203e-01 0.9696
1  2.29e+05  0.437423559  1.483203e-01 0.9696
1  2.51e+05  0.4483316445  1.483203e-01 0.9696
1  2.75e+05  0.4592197416  1.483203e-01 0.9696
1  3.02e+05  0.4697702449  1.483203e-01 0.9696
1  3.31e+05  0.4797140459  1.483203e-01 0.9696
1  3.63e+05  0.4888688371  1.483203e-01 0.9696
1  3.98e+05  0.4971460562  1.483203e-01 0.9696
1  4.37e+05  0.5045333626  1.483203e-01 0.9696
1  4.79e+05  0.5110687083  1.483203e-01 0.9696
1  5.25e+05  0.51681745  1.483203e-01 0.9696
1  5.75e+05  0.5218564242  1.483203e-01 0.9696
1  6.31e+05  0.5262643789  1.483203e-01 0.9696
1  6.92e+05  0.5301167988  1.483203e-01 0.9696
1  7.59e+05  0.5334833725  1.483203e-01 0.9696
1  8.32e+05  0.5364269503  1.483203e-01 0.9696
1  9.12e+05  0.5390033234  1.483203e-01 0.9696
1  1.00e+06  0.5412614594  1.483203e-01 0.9696
1  1.10e+06  0.5432439825  1.483203e-01 0.9696
1  1.20e+06  0.5449877743  1.483203e-01 0.9696
1  1.32e+06  0.5465246163  1.483203e-01 0.9696
1  1.45e+06  0.5478818238  1.483203e-01 0.9696
1  1.58e+06  0.5490828418  1.483203e-01 0.9696
1  1.74e+06  0.5501477864  1.483203e-01 0.9696
1  1.91e+06  0.5510939293  1.483203e-01 0.9696
1  2.09e+06  0.5519361079  1.483203e-01 0.9696
1  2.29e+06  0.5526870937  1.483203e-01 0.9696
1  2.51e+06  0.5533579041  1.483203e-01 0.9696
1  2.75e+06  0.5539580616  1.483203e-01 0.9696
1  3.02e+06  0.5544958175  1.483203e-01 0.9696
1  3.31e+06  0.5549783385  1.483203e-01 0.9696
1  3.63e+06  0.5554118662  1.483203e-01 0.9696
1  3.98e+06  0.5558018495  1.483203e-01 0.9696
1  4.37e+06  0.5561530583  1.483203e-01 0.9696
1  4.79e+06  0.5564696779  1.483203e-01 0.9696
1  5.25e+06  0.5567553902  1.483203e-01 0.9696
1  5.75e+06  0.5570134415  1.483203e-01 0.9696
1  6.31e+06  0.5572467005  1.483203e-01 0.9696
1  6.92e+06  0.557457708  1.483203e-01 0.9696
1  7.59e+06  0.5576487188  1.483203e-01 0.9696
1  8.32e+06  0.5578217379  1.483203e-01 0.9696
1  9.12e+06  0.5579785515  1.483203e-01 0.9696
1  1.00e+07  0.5581207533  1.483203e-01 0.9696
