1  1.00e-03  0.5598355035  1.466070e-01 0.9584
1  1.10e-03  0.5598328477  1.466070e-01 0.9584
1  1.20e-03  0.5598299693  1.466070e-01 0.9584
1  1.32e-03  0.5598267242  1.466070e-01 0.9584
1  1.45e-03  0.5598231512  1.466070e-01 0.9584
1  1.58e-03  0.5598193001  1.466070e-01 0.9584
1  1.74e-03  0.5598151397  1.466070e-01 0.9584
1  1.91e-03  0.5598104916  1.466070e-01 0.9584
1  2.09e-03  0.5598053204  1.466070e-01 0.9584
1  2.29e-03  0.5597997972  1.466070e-01 0.9584
1  2.51e-03  0.5597936421  1.466070e-01 0.9584
1  2.75e-03  0.5597869495  1.466070e-01 0.9584
1  3.02e-03  0.5597795895  1.466070e-01 0.9584
1  3.31e-03  0.5597715124  1.466070e-01 0.9584
1  3.63e-03  0.5597626826  1.466070e-01 0.9584
1  3.98e-03  0.5597529891  1.466070e-01 0.9584
1  4.37e-03  0.5597423741  1.466070e-01 0.9584
1  4.79e-03  0.5597306746  1.466070e-01 0.9584
1  5.25e-03  0.5597179121  1.466070e-01 0.9584
1  5.75e-03  0.5597038638  1.466070e-01 0.9584
1  6.31e-03  0.5596884737  1.466070e-01 0.9584
1  6.92e-03  0.5596716174  1.466070e-01 0.9584
1  7.59e-03  0.5596531225  1.466070e-01 0.9584
1  8.32e-03  0.5596328401  1.466070e-01 0.9584
1  9.12e-03  0.5596105957  1.466070e-01 0.9584
1  1.00e-02  0.5595861571  1.466070e-01 0.9584
1  1.10e-02  0.5595594293  1.466070e-01 0.9584
1  1.20e-02  0.5595300763  1.466070e-01 0.9584
1  1.32e-02  0.5594979006  1.466070e-01 0.9584
1  1.45e-02  0.5594625983  1.466070e-01 0.9584
1  1.58e-02  0.5594238752  1.466070e-01 0.9584
1  1.74e-02  0.559381353  1.466070e-01 0.9584
1  1.91e-02  0.559334788  1.466070e-01 0.9584
1  2.09e-02  0.559283675  1.466070e-01 0.9584
1  2.29e-02  0.5592276332  1.466070e-01 0.9584
1  2.51e-02  0.5591661528  1.466070e-01 0.9584
1  2.75e-02  0.5590987828  1.466070e-01 0.9584
1  3.02e-02  0.5590247337  1.466070e-01 0.9584
1  3.31e-02  0.558943601  1.466070e-01 0.9584
1  3.63e-02  0.5588545836  1.466070e-01 0.9584
1  3.98e-02  0.5587569932  1.466070e-01 0.9584
1  4.37e-02  0.5586496651  1.466070e-01 0.9584
1  4.79e-02  0.5585320351  1.466070e-01 0.9584
1  5.25e-02  0.5584030733  1.466070e-01 0.9584
1  5.75e-02  0.5582614166  1.466070e-01 0.9584
1  6.31e-02  0.5581057911  1.466070e-01 0.9584
1  6.92e-02  0.5579350686  1.466070e-01 0.9584
1  7.59e-02  0.5577476505  1.466070e-01 0.9584
1  8.32e-02  0.5575422111  1.466070e-01 0.9584
1  9.12e-02  0.5573160572  1.466070e-01 0.9584
1  1.00e-01  0.5570683209  1.466070e-01 0.9584
1  1.10e-01  0.5567956335  1.466070e-01 0.9584
1  1.20e-01  0.5564964897  1.466070e-01 0.9584
1  1.32e-01  0.5561675178  1.466070e-01 0.9584
1  1.45e-01  0.5558062233  1.466070e-01 0.9584
1  1.58e-01  0.5554089829  1.466070e-01 0.9584
1  1.74e-01  0.5549722512  1.466070e-01 0.9584
1  1.91e-01  0.5544911518  1.466070e-01 0.9584
1  2.09e-01  0.553962766  1.466070e-01 0.9584
1  2.29e-01  0.5533813758  1.466070e-01 0.9584
1  2.51e-01  0.5527420283  1.466070e-01 0.9584
1  2.75e-01  0.552037454  1.466070e-01 0.9584
1  3.02e-01  0.5512615553  1.466070e-01 0.9584
1  3.31e-01  0.5504067481  1.466070e-01 0.9584
1  3.63e-01  0.5494637977  1.466070e-01 0.9584
1  3.98e-01  0.5484255184  1.466070e-01 0.9584
1  4.37e-01  0.5472798906  1.466070e-01 0.9584
1  4.79e-01  0.5460130149  1.466070e-01 0.9584
1  5.25e-01  0.5446153835  1.466070e-01 0.9584
1  5.75e-01  0.5430733812  1.466070e-01 0.9584
1  6.31e-01  0.5413661521  1.466070e-01 0.9584
1  6.92e-01  0.5394792567  1.466070e-01 0.9584
1  7.59e-01  0.5373876481  1.466070e-01 0.9584
1  8.32e-01  0.5350770634  1.466070e-01 0.9584
1  9.12e-01  0.5325123958  1.466070e-01 0.9584
1  1.00e+00  0.5296738727  1.466070e-01 0.9584
1  1.10e+00  0.5265233233  1.466070e-01 0.9584
1  1.20e+00  0.5230315249  1.466070e-01 0.9584
1  1.32e+00  0.5191610603  1.466070e-01 0.9584
1  1.45e+00  0.5148641269  1.466070e-01 0.9584
1  1.58e+00  0.5101079386  1.466070e-01 0.9584
1  1.74e+00  0.5048346726  1.466070e-01 0.9584
1  1.91e+00  0.4990095771  1.466070e-01 0.9584
1  2.09e+00  0.4925826121  1.466070e-01 0.9584
1  2.29e+00  0.4855139068  1.466070e-01 0.9584
1  2.51e+00  0.4777757025  1.466070e-01 0.9584
1  2.75e+00  0.4693306743  1.466070e-01 0.9584
1  3.02e+00  0.4601801024  1.466070e-01 0.9584
1  3.31e+00  0.4503752698  1.466070e-01 0.9584
1  3.63e+00  0.4399269846  1.466070e-01 0.9584
1  3.98e+00  0.4289869625  1.466070e-01 0.9584
1  4.37e+00  0.4176444813  1.466070e-01 0.9584
1  4.79e+00  0.4061042173  1.466070e-01 0.9584
1  5.25e+00  0.3945449831  1.466070e-01 0.9584
1  5.75e+00  0.383217775  1.466070e-01 0.9584
1  6.31e+00  0.3723332833  1.466070e-01 0.9584
1  6.92e+00  0.3620912141  1.466070e-01 0.9584
1  7.59e+00  0.352621296  1.466070e-01 0.9584
1  8.32e+00  0.3440217877  1.466070e-01 0.9584
1  9.12e+00  0.336395019  1.466070e-01 0.9584
1  1.00e+01  0.3296630983  1.466070e-01 0.9584
1  1.10e+01  0.3238497453  1.466070e-01 0.9584
1  1.20e+01  0.3188317145  1.466070e-01 0.9584
1  1.32e+01  0.314600958  1.466070e-01 0.9584
1  1.45e+01  0.3110488621  1.466070e-01 0.9584
1  1.58e+01  0.3080166851  1.466070e-01 0.9584
1  1.74e+01  0.3054919548  1.466070e-01 0.9584
1  1.91e+01  0.3033477955  1.466070e-01 0.9584
1  2.09e+01  0.3015123942  1.466070e-01 0.9584
1  2.29e+01  0.2999692649  1.466070e-01 0.9584
1  2.51e+01  0.2986450822  1.466070e-01 0.9584
1  2.75e+01  0.2974855781  1.466070e-01 0.9584
1  3.02e+01  0.2964789469  1.466070e-01 0.9584
1  3.31e+01  0.2955482284  1.466070e-01 0.9584
1  3.63e+01  0.2946707963  1.466070e-01 0.9584
1  3.98e+01  0.2938177894  1.466070e-01 0.9584
1  4.37e+01  0.2929897892  1.466070e-01 0.9584
1  4.79e+01  0.2921258491  1.466070e-01 0.9584
1  5.25e+01  0.2911899609  1.466070e-01 0.9584
1  5.75e+01  0.2901711273  1.466070e-01 0.9584
1  6.31e+01  0.2889659586  1.466070e-01 0.9584
1  6.92e+01  0.2875763639  1.466070e-01 0.9584
1  7.59e+01  0.2858758648  1.466070e-01 0.9584
1  8.32e+01  0.2837015943  1.466070e-01 0.9584
1  9.12e+01  0.2809168223  1.466070e-01 0.9584
1  1.00e+02  0.2772135901  1.466070e-01 0.9584
1  1.10e+02  0.2720578259  1.466070e-01 0.9584
1  1.20e+02  0.2647195764  1.466070e-01 0.9584
1  1.32e+02  0.2537751917  1.466070e-01 0.9584
1  1.45e+02  0.2371469459  1.466070e-01 0.9584
1  1.58e+02  0.2118461611  1.466070e-01 0.9584
1  1.74e+02  0.1760128307  1.466070e-01 0.9584
1  1.91e+02  0.1335267752  1.466070e-01 0.9584
1  2.09e+02  0.09480066927  1.466070e-01 0.9584
1  2.29e+02  0.06715958199  1.466070e-01 0.9584
1  2.51e+02  0.04997988993  1.466070e-01 0.9584
1  2.75e+02  0.03973692815  1.466070e-01 0.9584
1  3.02e+02  0.03357321374  1.466070e-01 0.9584
1  3.31e+02  0.02974420796  1.466070e-01 0.9584
1  3.63e+02  0.02728862116  1.466070e-01 0.9584
1  3.98e+02  0.02566088884  1.466070e-01 0.9584
1  4.37e+02  0.02454864536  1.466070e-01 0.9584
1  4.79e+02  0.02377043821  1.466070e-01 0.9584
1  5.25e+02  0.02321420582  1.466070e-01 0.9584
1  5.75e+02  0.02281063182  1.466070e-01 0.9584
1  6.31e+02  0.02251107462  1.466070e-01 0.9584
1  6.92e+02  0.02228539027  1.466070e-01 0.9584
1  7.59e+02  0.02211524136  1.466070e-01 0.9584
1  8.32e+02  0.02198361927  1.466070e-01 0.9584
1  9.12e+02  0.02188322226  1.466070e-01 0.9584
1  1.00e+03  0.02180476333  1.466070e-01 0.9584
1  1.10e+03  0.02174267393  1.466070e-01 0.9584
1  1.20e+03  0.02169434037  1.466070e-01 0.9584
1  1.32e+03  0.02165504388  1.466070e-01 0.9584
1  1.45e+03  0.02162569644  1.466070e-01 0.9584
1  1.58e+03  0.02159980504  1.466070e-01 0.9584
1  1.74e+03  0.02157996633  1.466070e-01 0.9584
1  1.91e+03  0.02156380599  1.466070e-01 0.9584
1  2.09e+03  0.02155142546  1.466070e-01 0.9584
1  2.29e+03  0.02154045709  1.466070e-01 0.9584
1  2.51e+03  0.02153230862  1.466070e-01 0.9584
1  2.75e+03  0.02152579371  1.466070e-01 0.9584
1  3.02e+03  0.02151901441  1.466070e-01 0.9584
1  3.31e+03  0.02151502111  1.466070e-01 0.9584
1  3.63e+03  0.02151476194  1.466070e-01 0.9584
1  3.98e+03  0.02150496553  1.466070e-01 0.9584
1  4.37e+03  0.02150806282  1.466070e-01 0.9584
1  4.79e+03  0.02150821218  1.466070e-01 0.9584
1  5.25e+03  0.02149461672  1.466070e-01 0.9584
1  5.75e+03  0.02154224905  1.466070e-01 0.9584
1  6.31e+03  0.02155900386  1.466070e-01 0.9584
1  6.92e+03  0.02160322669  1.466070e-01 0.9584
1  7.59e+03  0.02175514675  1.466070e-01 0.9584
1  8.32e+03  0.02187490482  1.466070e-01 0.9584
1  9.12e+03  0.02221756275  1.466070e-01 0.9584
1  1.00e+04  0.0226405286  1.466070e-01 0.9584
1  1.10e+04  0.02356931894  1.466070e-01 0.9584
1  1.20e+04  0.02494919988  1.466070e-01 0.9584
1  1.32e+04  0.02666107764  1.466070e-01 0.9584
1  1.45e+04  0.02940074213  1.466070e-01 0.9584
1  1.58e+04  0.03345764641  1.466070e-01 0.9584
1  1.74e+04  0.03768891287  1.466070e-01 0.9584
1  1.91e+04  0.04398480607  1.466070e-01 0.9584
1  2.09e+04  0.05130196371  1.466070e-01 0.9584
1  2.29e+04  0.05988997932  1.466070e-01 0.9584
1  2.51e+04  0.06995900793  1.466070e-01 0.9584
1  2.75e+04  0.08167275902  1.466070e-01 0.9584
1  3.02e+04  0.09485552544  1.466070e-01 0.9584
1  3.31e+04  0.1097845318  1.466070e-01 0.9584
1  3.63e+04  0.1259545499  1.466070e-01 0.9584
1  3.98e+04  0.1411493184  1.466070e-01 0.9584
1  4.37e+04  0.1596041696  1.466070e-01 0.9584
1  4.79e+04  0.1776720941  1.466070e-01 0.9584
1  5.25e+04  0.19549012  1.466070e-01 0.9584
1  5.75e+04  0.2141141701  1.466070e-01 0.9584
1  6.31e+04  0.2348064061  1.466070e-01 0.9584
1  6.92e+04  0.2504294769  1.466070e-01 0.9584
1  7.59e+04  0.2695876667  1.466070e-01 0.9584
1  8.32e+04  0.2912480697  1.466070e-01 0.9584
1  9.12e+04  0.3067381432  1.466070e-01 0.9584
1  1.00e+05  0.3204070491  1.466070e-01 0.9584
1  1.10e+05  0.3372718162  1.466070e-01 0.9584
1  1.20e+05  0.3561195818  1.466070e-01 0.9584
1  1.32e+05  0.3739852328  1.466070e-01 0.9584
1  1.45e+05  0.388670011  1.466070e-01 0.9584
1  1.58e+05  0.4001210605  1.466070e-01 0.9584
1  1.74e+05  0.4098687365  1.466070e-01 0.9584
1  1.91e+05  0.4193959287  1.466070e-01 0.9584
1  2.09e+05  0.4293725321  1.466070e-01 0.9584
1  2.29e+05  0.4398439669  1.466070e-01 0.9584
1  2.51e+05  0.4505900166  1.466070e-01 0.9584
1  2.75e+05  0.4613074476  1.466070e-01 0.9584
1  3.02e+05  0.4716858637  1.466070e-01 0.9584
1  3.31e+05  0.481462683  1.466070e-01 0.9584
1  3.63e+05  0.4904603233  1.466070e-01 0.9584
1  3.98e+05  0.4985929751  1.466070e-01 0.9584
1  4.37e+05  0.5058494465  1.466070e-01 0.9584
1  4.79e+05  0.5122677412  1.466070e-01 0.9584
1  5.25e+05  0.5179126037  1.466070e-01 0.9584
1  5.75e+05  0.5228599008  1.466070e-01 0.9584
1  6.31e+05  0.5271872508  1.466070e-01 0.9584
1  6.92e+05  0.5309689695  1.466070e-01 0.9584
1  7.59e+05  0.5342736091  1.466070e-01 0.9584
1  8.32e+05  0.5371629562  1.466070e-01 0.9584
1  9.12e+05  0.5396918322  1.466070e-01 0.9584
1  1.00e+06  0.5419083363  1.466070e-01 0.9584
1  1.10e+06  0.5438543253  1.466070e-01 0.9584
1  1.20e+06  0.5455660094  1.466070e-01 0.9584
1  1.32e+06  0.5470745864  1.466070e-01 0.9584
1  1.45e+06  0.5484068666  1.466070e-01 0.9584
1  1.58e+06  0.5495858596  1.466070e-01 0.9584
1  1.74e+06  0.5506313068  1.466070e-01 0.9584
1  1.91e+06  0.5515601566  1.466070e-01 0.9584
1  2.09e+06  0.5523869699  1.466070e-01 0.9584
1  2.29e+06  0.5531242779  1.466070e-01 0.9584
1  2.51e+06  0.5537828921  1.466070e-01 0.9584
1  2.75e+06  0.5543721565  1.466070e-01 0.9584
1  3.02e+06  0.5549001681  1.466070e-01 0.9584
1  3.31e+06  0.5553739597  1.466070e-01 0.9584
1  3.63e+06  0.5557996565  1.466070e-01 0.9584
1  3.98e+06  0.5561826056  1.466070e-01 0.9584
1  4.37e+06  0.5565274885  1.466070e-01 0.9584
1  4.79e+06  0.5568384126  1.466070e-01 0.9584
1  5.25e+06  0.5571189918  1.466070e-01 0.9584
1  5.75e+06  0.5573724123  1.466070e-01 0.9584
1  6.31e+06  0.55760149  1.466070e-01 0.9584
1  6.92e+06  0.5578087189  1.466070e-01 0.9584
1  7.59e+06  0.5579963124  1.466070e-01 0.9584
1  8.32e+06  0.5581662388  1.466070e-01 0.9584
1  9.12e+06  0.5583202516  1.466070e-01 0.9584
1  1.00e+07  0.5584599156  1.466070e-01 0.9584
