1  1.00e-03  0.5564640013  1.642292e-01 1.0736
1  1.10e-03  0.5564613604  1.642292e-01 1.0736
1  1.20e-03  0.5564584918  1.642292e-01 1.0736
1  1.32e-03  0.5564552859  1.642292e-01 1.0736
1  1.45e-03  0.5564517323  1.642292e-01 1.0736
1  1.58e-03  0.5564479024  1.642292e-01 1.0736
1  1.74e-03  0.5564437735  1.642292e-01 1.0736
1  1.91e-03  0.5564391355  1.642292e-01 1.0736
1  2.09e-03  0.5564340053  1.642292e-01 1.0736
1  2.29e-03  0.5564285224  1.642292e-01 1.0736
1  2.51e-03  0.5564224121  1.642292e-01 1.0736
1  2.75e-03  0.5564157526  1.642292e-01 1.0736
1  3.02e-03  0.5564084294  1.642292e-01 1.0736
1  3.31e-03  0.5564004179  1.642292e-01 1.0736
1  3.63e-03  0.5563916347  1.642292e-01 1.0736
1  3.98e-03  0.5563819795  1.642292e-01 1.0736
1  4.37e-03  0.5563714279  1.642292e-01 1.0736
1  4.79e-03  0.5563598219  1.642292e-01 1.0736
1  5.25e-03  0.556347105  1.642292e-01 1.0736
1  5.75e-03  0.5563331685  1.642292e-01 1.0736
1  6.31e-03  0.5563178713  1.642292e-01 1.0736
1  6.92e-03  0.5563011103  1.642292e-01 1.0736
1  7.59e-03  0.5562826865  1.642292e-01 1.0736
1  8.32e-03  0.5562625184  1.642292e-01 1.0736
1  9.12e-03  0.5562404043  1.642292e-01 1.0736
1  1.00e-02  0.5562161446  1.642292e-01 1.0736
1  1.10e-02  0.5561895295  1.642292e-01 1.0736
1  1.20e-02  0.556160387  1.642292e-01 1.0736
1  1.32e-02  0.556128356  1.642292e-01 1.0736
1  1.45e-02  0.5560932539  1.642292e-01 1.0736
1  1.58e-02  0.5560547527  1.642292e-01 1.0736
1  1.74e-02  0.5560125561  1.642292e-01 1.0736
1  1.91e-02  0.5559662922  1.642292e-01 1.0736
1  2.09e-02  0.5559154587  1.642292e-01 1.0736
1  2.29e-02  0.5558597413  1.642292e-01 1.0736
1  2.51e-02  0.5557986593  1.642292e-01 1.0736
1  2.75e-02  0.5557316552  1.642292e-01 1.0736
1  3.02e-02  0.5556580827  1.642292e-01 1.0736
1  3.31e-02  0.5555773285  1.642292e-01 1.0736
1  3.63e-02  0.5554887949  1.642292e-01 1.0736
1  3.98e-02  0.5553917283  1.642292e-01 1.0736
1  4.37e-02  0.5552851203  1.642292e-01 1.0736
1  4.79e-02  0.5551683433  1.642292e-01 1.0736
1  5.25e-02  0.5550400143  1.642292e-01 1.0736
1  5.75e-02  0.5548989974  1.642292e-01 1.0736
1  6.31e-02  0.5547446594  1.642292e-01 1.0736
1  6.92e-02  0.5545749795  1.642292e-01 1.0736
1  7.59e-02  0.5543886065  1.642292e-01 1.0736
1  8.32e-02  0.5541841993  1.642292e-01 1.0736
1  9.12e-02  0.5539594479  1.642292e-01 1.0736
1  1.00e-01  0.5537129053  1.642292e-01 1.0736
1  1.10e-01  0.5534423164  1.642292e-01 1.0736
1  1.20e-01  0.5531446497  1.642292e-01 1.0736
1  1.32e-01  0.5528173559  1.642292e-01 1.0736
1  1.45e-01  0.5524584295  1.642292e-01 1.0736
1  1.58e-01  0.5520632793  1.642292e-01 1.0736
1  1.74e-01  0.5516292317  1.642292e-01 1.0736
1  1.91e-01  0.551152069  1.642292e-01 1.0736
1  2.09e-01  0.5506268309  1.642292e-01 1.0736
1  2.29e-01  0.5500492064  1.642292e-01 1.0736
1  2.51e-01  0.5494135917  1.642292e-01 1.0736
1  2.75e-01  0.5487124797  1.642292e-01 1.0736
1  3.02e-01  0.5479425383  1.642292e-01 1.0736
1  3.31e-01  0.5470930414  1.642292e-01 1.0736
1  3.63e-01  0.5461560311  1.642292e-01 1.0736
1  3.98e-01  0.5451241879  1.642292e-01 1.0736
1  4.37e-01  0.5439844229  1.642292e-01 1.0736
1  4.79e-01  0.5427281968  1.642292e-01 1.0736
1  5.25e-01  0.5413392323  1.642292e-01 1.0736
1  5.75e-01  0.5398038219  1.642292e-01 1.0736
1  6.31e-01  0.5381103199  1.642292e-01 1.0736
1  6.92e-01  0.536232641  1.642292e-01 1.0736
1  7.59e-01  0.5341603988  1.642292e-01 1.0736
1  8.32e-01  0.5318602453  1.642292e-01 1.0736
1  9.12e-01  0.5293168273  1.642292e-01 1.0736
1  1.00e+00  0.5264923638  1.642292e-01 1.0736
1  1.10e+00  0.5233682097  1.642292e-01 1.0736
1  1.20e+00  0.5198999683  1.642292e-01 1.0736
1  1.32e+00  0.5160508286  1.642292e-01 1.0736
1  1.45e+00  0.5117907708  1.642292e-01 1.0736
1  1.58e+00  0.5070629701  1.642292e-01 1.0736
1  1.74e+00  0.5018352806  1.642292e-01 1.0736
1  1.91e+00  0.4960496908  1.642292e-01 1.0736
1  2.09e+00  0.4896670238  1.642292e-01 1.0736
1  2.29e+00  0.4826358302  1.642292e-01 1.0736
1  2.51e+00  0.474942893  1.642292e-01 1.0736
1  2.75e+00  0.4665423142  1.642292e-01 1.0736
1  3.02e+00  0.4574600052  1.642292e-01 1.0736
1  3.31e+00  0.4476939912  1.642292e-01 1.0736
1  3.63e+00  0.4372950218  1.642292e-01 1.0736
1  3.98e+00  0.4263863207  1.642292e-01 1.0736
1  4.37e+00  0.4150785128  1.642292e-01 1.0736
1  4.79e+00  0.4035553205  1.642292e-01 1.0736
1  5.25e+00  0.3919938722  1.642292e-01 1.0736
1  5.75e+00  0.3806563646  1.642292e-01 1.0736
1  6.31e+00  0.3697668088  1.642292e-01 1.0736
1  6.92e+00  0.3594651512  1.642292e-01 1.0736
1  7.59e+00  0.3499369812  1.642292e-01 1.0736
1  8.32e+00  0.3413202373  1.642292e-01 1.0736
1  9.12e+00  0.3336059414  1.642292e-01 1.0736
1  1.00e+01  0.3268358319  1.642292e-01 1.0736
1  1.10e+01  0.320975405  1.642292e-01 1.0736
1  1.20e+01  0.3159110484  1.642292e-01 1.0736
1  1.32e+01  0.3116062141  1.642292e-01 1.0736
1  1.45e+01  0.3079795363  1.642292e-01 1.0736
1  1.58e+01  0.3049011164  1.642292e-01 1.0736
1  1.74e+01  0.3023180631  1.642292e-01 1.0736
1  1.91e+01  0.3001218009  1.642292e-01 1.0736
1  2.09e+01  0.2982529402  1.642292e-01 1.0736
1  2.29e+01  0.2966620552  1.642292e-01 1.0736
1  2.51e+01  0.2952845467  1.642292e-01 1.0736
1  2.75e+01  0.2940690895  1.642292e-01 1.0736
1  3.02e+01  0.2929542379  1.642292e-01 1.0736
1  3.31e+01  0.2919603699  1.642292e-01 1.0736
1  3.63e+01  0.2909987371  1.642292e-01 1.0736
1  3.98e+01  0.2900920507  1.642292e-01 1.0736
1  4.37e+01  0.2891547368  1.642292e-01 1.0736
1  4.79e+01  0.2881488933  1.642292e-01 1.0736
1  5.25e+01  0.287092167  1.642292e-01 1.0736
1  5.75e+01  0.2859034171  1.642292e-01 1.0736
1  6.31e+01  0.2845008875  1.642292e-01 1.0736
1  6.92e+01  0.2828810253  1.642292e-01 1.0736
1  7.59e+01  0.2808768071  1.642292e-01 1.0736
1  8.32e+01  0.2783756998  1.642292e-01 1.0736
1  9.12e+01  0.2751585475  1.642292e-01 1.0736
1  1.00e+02  0.2708814059  1.642292e-01 1.0736
1  1.10e+02  0.2651008982  1.642292e-01 1.0736
1  1.20e+02  0.2569728794  1.642292e-01 1.0736
1  1.32e+02  0.2453059462  1.642292e-01 1.0736
1  1.45e+02  0.2283115907  1.642292e-01 1.0736
1  1.58e+02  0.2039560706  1.642292e-01 1.0736
1  1.74e+02  0.1715086381  1.642292e-01 1.0736
1  1.91e+02  0.1345419247  1.642292e-01 1.0736
1  2.09e+02  0.1005672408  1.642292e-01 1.0736
1  2.29e+02  0.07503190266  1.642292e-01 1.0736
1  2.51e+02  0.05811971212  1.642292e-01 1.0736
1  2.75e+02  0.04747687534  1.642292e-01 1.0736
1  3.02e+02  0.04081001357  1.642292e-01 1.0736
1  3.31e+02  0.03655680515  1.642292e-01 1.0736
1  3.63e+02  0.03376889767  1.642292e-01 1.0736
1  3.98e+02  0.0318899787  1.642292e-01 1.0736
1  4.37e+02  0.03059509412  1.642292e-01 1.0736
1  4.79e+02  0.02968225615  1.642292e-01 1.0736
1  5.25e+02  0.029026056  1.642292e-01 1.0736
1  5.75e+02  0.02854579685  1.642292e-01 1.0736
1  6.31e+02  0.02819026395  1.642292e-01 1.0736
1  6.92e+02  0.02792325228  1.642292e-01 1.0736
1  7.59e+02  0.02771860907  1.642292e-01 1.0736
1  8.32e+02  0.02756241184  1.642292e-01 1.0736
1  9.12e+02  0.0274405484  1.642292e-01 1.0736
1  1.00e+03  0.02734579416  1.642292e-01 1.0736
1  1.10e+03  0.02727306535  1.642292e-01 1.0736
1  1.20e+03  0.0272130902  1.642292e-01 1.0736
1  1.32e+03  0.02716629536  1.642292e-01 1.0736
1  1.45e+03  0.02712991288  1.642292e-01 1.0736
1  1.58e+03  0.02710078442  1.642292e-01 1.0736
1  1.74e+03  0.0270761205  1.642292e-01 1.0736
1  1.91e+03  0.02705664173  1.642292e-01 1.0736
1  2.09e+03  0.02704138953  1.642292e-01 1.0736
1  2.29e+03  0.02702779744  1.642292e-01 1.0736
1  2.51e+03  0.02701857678  1.642292e-01 1.0736
1  2.75e+03  0.0270099773  1.642292e-01 1.0736
1  3.02e+03  0.027003413  1.642292e-01 1.0736
1  3.31e+03  0.02699749739  1.642292e-01 1.0736
1  3.63e+03  0.02699347219  1.642292e-01 1.0736
1  3.98e+03  0.02698924414  1.642292e-01 1.0736
1  4.37e+03  0.02698307889  1.642292e-01 1.0736
1  4.79e+03  0.02698015182  1.642292e-01 1.0736
1  5.25e+03  0.02698434803  1.642292e-01 1.0736
1  5.75e+03  0.02697541731  1.642292e-01 1.0736
1  6.31e+03  0.02698483357  1.642292e-01 1.0736
1  6.92e+03  0.02698915343  1.642292e-01 1.0736
1  7.59e+03  0.02698608205  1.642292e-01 1.0736
1  8.32e+03  0.02705347098  1.642292e-01 1.0736
1  9.12e+03  0.02709388783  1.642292e-01 1.0736
1  1.00e+04  0.02734056929  1.642292e-01 1.0736
1  1.10e+04  0.02762191849  1.642292e-01 1.0736
1  1.20e+04  0.02809851899  1.642292e-01 1.0736
1  1.32e+04  0.02886025514  1.642292e-01 1.0736
1  1.45e+04  0.02988208958  1.642292e-01 1.0736
1  1.58e+04  0.03167809112  1.642292e-01 1.0736
1  1.74e+04  0.03416029332  1.642292e-01 1.0736
1  1.91e+04  0.03742113768  1.642292e-01 1.0736
1  2.09e+04  0.04175099844  1.642292e-01 1.0736
1  2.29e+04  0.04769224812  1.642292e-01 1.0736
1  2.51e+04  0.05448195206  1.642292e-01 1.0736
1  2.75e+04  0.06269947827  1.642292e-01 1.0736
1  3.02e+04  0.07253019642  1.642292e-01 1.0736
1  3.31e+04  0.08424998729  1.642292e-01 1.0736
1  3.63e+04  0.09717823659  1.642292e-01 1.0736
1  3.98e+04  0.109443519  1.642292e-01 1.0736
1  4.37e+04  0.1257999572  1.642292e-01 1.0736
1  4.79e+04  0.1419564377  1.642292e-01 1.0736
1  5.25e+04  0.158388619  1.642292e-01 1.0736
1  5.75e+04  0.1756395586  1.642292e-01 1.0736
1  6.31e+04  0.1960514634  1.642292e-01 1.0736
1  6.92e+04  0.2111509256  1.642292e-01 1.0736
1  7.59e+04  0.2302100868  1.642292e-01 1.0736
1  8.32e+04  0.2527222604  1.642292e-01 1.0736
1  9.12e+04  0.2687865378  1.642292e-01 1.0736
1  1.00e+05  0.282984995  1.642292e-01 1.0736
1  1.10e+05  0.3007473657  1.642292e-01 1.0736
1  1.20e+05  0.321202984  1.642292e-01 1.0736
1  1.32e+05  0.340983441  1.642292e-01 1.0736
1  1.45e+05  0.3572989541  1.642292e-01 1.0736
1  1.58e+05  0.3699972744  1.642292e-01 1.0736
1  1.74e+05  0.3808225087  1.642292e-01 1.0736
1  1.91e+05  0.3914651516  1.642292e-01 1.0736
1  2.09e+05  0.4027076932  1.642292e-01 1.0736
1  2.29e+05  0.4146319045  1.642292e-01 1.0736
1  2.51e+05  0.4269969414  1.642292e-01 1.0736
1  2.75e+05  0.4394388967  1.642292e-01 1.0736
1  3.02e+05  0.4515706538  1.642292e-01 1.0736
1  3.31e+05  0.4630594799  1.642292e-01 1.0736
1  3.63e+05  0.4736764779  1.642292e-01 1.0736
1  3.98e+05  0.4833051956  1.642292e-01 1.0736
1  4.37e+05  0.491920636  1.642292e-01 1.0736
1  4.79e+05  0.4995586301  1.642292e-01 1.0736
1  5.25e+05  0.5062889367  1.642292e-01 1.0736
1  5.75e+05  0.5121964553  1.642292e-01 1.0736
1  6.31e+05  0.5173697803  1.642292e-01 1.0736
1  6.92e+05  0.521894842  1.642292e-01 1.0736
1  7.59e+05  0.5258516477  1.642292e-01 1.0736
1  8.32e+05  0.5293128098  1.642292e-01 1.0736
1  9.12e+05  0.5323430938  1.642292e-01 1.0736
1  1.00e+06  0.5349995513  1.642292e-01 1.0736
1  1.10e+06  0.5373319832  1.642292e-01 1.0736
1  1.20e+06  0.5393835751  1.642292e-01 1.0736
1  1.32e+06  0.5411916044  1.642292e-01 1.0736
1  1.45e+06  0.5427881533  1.642292e-01 1.0736
1  1.58e+06  0.5442007873  1.642292e-01 1.0736
1  1.74e+06  0.5454531773  1.642292e-01 1.0736
1  1.91e+06  0.54656566  1.642292e-01 1.0736
1  2.09e+06  0.5475557136  1.642292e-01 1.0736
1  2.29e+06  0.5484383892  1.642292e-01 1.0736
1  2.51e+06  0.5492266723  1.642292e-01 1.0736
1  2.75e+06  0.5499317883  1.642292e-01 1.0736
1  3.02e+06  0.5505634641  1.642292e-01 1.0736
1  3.31e+06  0.5511301481  1.642292e-01 1.0736
1  3.63e+06  0.5516391973  1.642292e-01 1.0736
1  3.98e+06  0.5520970335  1.642292e-01 1.0736
1  4.37e+06  0.5525092772  1.642292e-01 1.0736
1  4.79e+06  0.5528808594  1.642292e-01 1.0736
1  5.25e+06  0.5532161165  1.642292e-01 1.0736
1  5.75e+06  0.5535188713  1.642292e-01 1.0736
1  6.31e+06  0.5537925011  1.642292e-01 1.0736
1  6.92e+06  0.5540399962  1.642292e-01 1.0736
1  7.59e+06  0.5542640095  1.642292e-01 1.0736
1  8.32e+06  0.5544668996  1.642292e-01 1.0736
1  9.12e+06  0.5546507669  1.642292e-01 1.0736
1  1.00e+07  0.5548174855  1.642292e-01 1.0736
