1  1.00e-03  0.5612513928  1.386525e-01 0.9064
1  1.10e-03  0.5612487281  1.386525e-01 0.9064
1  1.20e-03  0.5612458343  1.386525e-01 0.9064
1  1.32e-03  0.5612425804  1.386525e-01 0.9064
1  1.45e-03  0.5612390034  1.386525e-01 0.9064
1  1.58e-03  0.561235145  1.386525e-01 0.9064
1  1.74e-03  0.5612309694  1.386525e-01 0.9064
1  1.91e-03  0.5612263076  1.386525e-01 0.9064
1  2.09e-03  0.5612211235  1.386525e-01 0.9064
1  2.29e-03  0.5612155872  1.386525e-01 0.9064
1  2.51e-03  0.5612094224  1.386525e-01 0.9064
1  2.75e-03  0.5612027076  1.386525e-01 0.9064
1  3.02e-03  0.5611953217  1.386525e-01 0.9064
1  3.31e-03  0.5611872429  1.386525e-01 0.9064
1  3.63e-03  0.5611783906  1.386525e-01 0.9064
1  3.98e-03  0.5611686507  1.386525e-01 0.9064
1  4.37e-03  0.5611580117  1.386525e-01 0.9064
1  4.79e-03  0.5611463094  1.386525e-01 0.9064
1  5.25e-03  0.5611334873  1.386525e-01 0.9064
1  5.75e-03  0.5611194329  1.386525e-01 0.9064
1  6.31e-03  0.5611040127  1.386525e-01 0.9064
1  6.92e-03  0.5610871085  1.386525e-01 0.9064
1  7.59e-03  0.5610685316  1.386525e-01 0.9064
1  8.32e-03  0.5610481968  1.386525e-01 0.9064
1  9.12e-03  0.5610258979  1.386525e-01 0.9064
1  1.00e-02  0.5610014439  1.386525e-01 0.9064
1  1.10e-02  0.5609746014  1.386525e-01 0.9064
1  1.20e-02  0.5609452167  1.386525e-01 0.9064
1  1.32e-02  0.5609129184  1.386525e-01 0.9064
1  1.45e-02  0.560877526  1.386525e-01 0.9064
1  1.58e-02  0.5608387052  1.386525e-01 0.9064
1  1.74e-02  0.5607961688  1.386525e-01 0.9064
1  1.91e-02  0.560749516  1.386525e-01 0.9064
1  2.09e-02  0.5606982664  1.386525e-01 0.9064
1  2.29e-02  0.5606420865  1.386525e-01 0.9064
1  2.51e-02  0.5605804961  1.386525e-01 0.9064
1  2.75e-02  0.5605129223  1.386525e-01 0.9064
1  3.02e-02  0.5604387517  1.386525e-01 0.9064
1  3.31e-02  0.5603573228  1.386525e-01 0.9064
1  3.63e-02  0.5602680484  1.386525e-01 0.9064
1  3.98e-02  0.5601701553  1.386525e-01 0.9064
1  4.37e-02  0.5600626798  1.386525e-01 0.9064
1  4.79e-02  0.559944922  1.386525e-01 0.9064
1  5.25e-02  0.559815502  1.386525e-01 0.9064
1  5.75e-02  0.5596733084  1.386525e-01 0.9064
1  6.31e-02  0.5595176866  1.386525e-01 0.9064
1  6.92e-02  0.5593465867  1.386525e-01 0.9064
1  7.59e-02  0.5591586539  1.386525e-01 0.9064
1  8.32e-02  0.5589524918  1.386525e-01 0.9064
1  9.12e-02  0.5587258732  1.386525e-01 0.9064
1  1.00e-01  0.5584772139  1.386525e-01 0.9064
1  1.10e-01  0.558204345  1.386525e-01 0.9064
1  1.20e-01  0.5579041396  1.386525e-01 0.9064
1  1.32e-01  0.5575740702  1.386525e-01 0.9064
1  1.45e-01  0.5572116322  1.386525e-01 0.9064
1  1.58e-01  0.5568135425  1.386525e-01 0.9064
1  1.74e-01  0.5563757697  1.386525e-01 0.9064
1  1.91e-01  0.5558944833  1.386525e-01 0.9064
1  2.09e-01  0.5553646877  1.386525e-01 0.9064
1  2.29e-01  0.5547820241  1.386525e-01 0.9064
1  2.51e-01  0.5541409149  1.386525e-01 0.9064
1  2.75e-01  0.5534336058  1.386525e-01 0.9064
1  3.02e-01  0.552656927  1.386525e-01 0.9064
1  3.31e-01  0.551799913  1.386525e-01 0.9064
1  3.63e-01  0.5508543289  1.386525e-01 0.9064
1  3.98e-01  0.549813532  1.386525e-01 0.9064
1  4.37e-01  0.5486636718  1.386525e-01 0.9064
1  4.79e-01  0.5473955354  1.386525e-01 0.9064
1  5.25e-01  0.5459935515  1.386525e-01 0.9064
1  5.75e-01  0.544444666  1.386525e-01 0.9064
1  6.31e-01  0.5427356875  1.386525e-01 0.9064
1  6.92e-01  0.5408404693  1.386525e-01 0.9064
1  7.59e-01  0.5387477416  1.386525e-01 0.9064
1  8.32e-01  0.5364276336  1.386525e-01 0.9064
1  9.12e-01  0.5338589  1.386525e-01 0.9064
1  1.00e+00  0.5310070843  1.386525e-01 0.9064
1  1.10e+00  0.5278532593  1.386525e-01 0.9064
1  1.20e+00  0.5243516716  1.386525e-01 0.9064
1  1.32e+00  0.5204637968  1.386525e-01 0.9064
1  1.45e+00  0.5161622798  1.386525e-01 0.9064
1  1.58e+00  0.5113847351  1.386525e-01 0.9064
1  1.74e+00  0.5061032987  1.386525e-01 0.9064
1  1.91e+00  0.5002626614  1.386525e-01 0.9064
1  2.09e+00  0.4938162725  1.386525e-01 0.9064
1  2.29e+00  0.4867349948  1.386525e-01 0.9064
1  2.51e+00  0.4789642605  1.386525e-01 0.9064
1  2.75e+00  0.470506638  1.386525e-01 0.9064
1  3.02e+00  0.4613312534  1.386525e-01 0.9064
1  3.31e+00  0.4515044006  1.386525e-01 0.9064
1  3.63e+00  0.4410411604  1.386525e-01 0.9064
1  3.98e+00  0.4300860362  1.386525e-01 0.9064
1  4.37e+00  0.4187303385  1.386525e-01 0.9064
1  4.79e+00  0.4071832299  1.386525e-01 0.9064
1  5.25e+00  0.3956265626  1.386525e-01 0.9064
1  5.75e+00  0.3843064897  1.386525e-01 0.9064
1  6.31e+00  0.3734212218  1.386525e-01 0.9064
1  6.92e+00  0.363191322  1.386525e-01 0.9064
1  7.59e+00  0.3537562794  1.386525e-01 0.9064
1  8.32e+00  0.345177146  1.386525e-01 0.9064
1  9.12e+00  0.3375742187  1.386525e-01 0.9064
1  1.00e+01  0.330880378  1.386525e-01 0.9064
1  1.10e+01  0.3251015738  1.386525e-01 0.9064
1  1.20e+01  0.320138893  1.386525e-01 0.9064
1  1.32e+01  0.3159127354  1.386525e-01 0.9064
1  1.45e+01  0.3123471048  1.386525e-01 0.9064
1  1.58e+01  0.3093528452  1.386525e-01 0.9064
1  1.74e+01  0.3068145912  1.386525e-01 0.9064
1  1.91e+01  0.3046955075  1.386525e-01 0.9064
1  2.09e+01  0.3029253985  1.386525e-01 0.9064
1  2.29e+01  0.3014036785  1.386525e-01 0.9064
1  2.51e+01  0.3001027643  1.386525e-01 0.9064
1  2.75e+01  0.2989690855  1.386525e-01 0.9064
1  3.02e+01  0.2979628571  1.386525e-01 0.9064
1  3.31e+01  0.2970445762  1.386525e-01 0.9064
1  3.63e+01  0.2962304022  1.386525e-01 0.9064
1  3.98e+01  0.2954127942  1.386525e-01 0.9064
1  4.37e+01  0.2946147637  1.386525e-01 0.9064
1  4.79e+01  0.2938271715  1.386525e-01 0.9064
1  5.25e+01  0.292934708  1.386525e-01 0.9064
1  5.75e+01  0.291984498  1.386525e-01 0.9064
1  6.31e+01  0.2908884559  1.386525e-01 0.9064
1  6.92e+01  0.2896077418  1.386525e-01 0.9064
1  7.59e+01  0.2880270592  1.386525e-01 0.9064
1  8.32e+01  0.2860235281  1.386525e-01 0.9064
1  9.12e+01  0.2834429429  1.386525e-01 0.9064
1  1.00e+02  0.2800018791  1.386525e-01 0.9064
1  1.10e+02  0.2751709232  1.386525e-01 0.9064
1  1.20e+02  0.2682301098  1.386525e-01 0.9064
1  1.32e+02  0.2577463334  1.386525e-01 0.9064
1  1.45e+02  0.2414490217  1.386525e-01 0.9064
1  1.58e+02  0.2159044589  1.386525e-01 0.9064
1  1.74e+02  0.1784870916  1.386525e-01 0.9064
1  1.91e+02  0.1331063114  1.386525e-01 0.9064
1  2.09e+02  0.09199053171  1.386525e-01 0.9064
1  2.29e+02  0.06345273345  1.386525e-01 0.9064
1  2.51e+02  0.04629204369  1.386525e-01 0.9064
1  2.75e+02  0.03633333485  1.386525e-01 0.9064
1  3.02e+02  0.03045531602  1.386525e-01 0.9064
1  3.31e+02  0.02685321449  1.386525e-01 0.9064
1  3.63e+02  0.02456026418  1.386525e-01 0.9064
1  3.98e+02  0.02304781898  1.386525e-01 0.9064
1  4.37e+02  0.02202226385  1.386525e-01 0.9064
1  4.79e+02  0.02130638548  1.386525e-01 0.9064
1  5.25e+02  0.02079558869  1.386525e-01 0.9064
1  5.75e+02  0.02042433884  1.386525e-01 0.9064
1  6.31e+02  0.02015074278  1.386525e-01 0.9064
1  6.92e+02  0.01994571022  1.386525e-01 0.9064
1  7.59e+02  0.01979049952  1.386525e-01 0.9064
1  8.32e+02  0.01967124401  1.386525e-01 0.9064
1  9.12e+02  0.01957957314  1.386525e-01 0.9064
1  1.00e+03  0.01950726837  1.386525e-01 0.9064
1  1.10e+03  0.01945176159  1.386525e-01 0.9064
1  1.20e+03  0.01940746372  1.386525e-01 0.9064
1  1.32e+03  0.01937169854  1.386525e-01 0.9064
1  1.45e+03  0.01934403626  1.386525e-01 0.9064
1  1.58e+03  0.01932124015  1.386525e-01 0.9064
1  1.74e+03  0.01930350817  1.386525e-01 0.9064
1  1.91e+03  0.0192883371  1.386525e-01 0.9064
1  2.09e+03  0.01927687783  1.386525e-01 0.9064
1  2.29e+03  0.01926821781  1.386525e-01 0.9064
1  2.51e+03  0.01925961155  1.386525e-01 0.9064
1  2.75e+03  0.01925258371  1.386525e-01 0.9064
1  3.02e+03  0.01925023603  1.386525e-01 0.9064
1  3.31e+03  0.01924890226  1.386525e-01 0.9064
1  3.63e+03  0.01924087832  1.386525e-01 0.9064
1  3.98e+03  0.019239218  1.386525e-01 0.9064
1  4.37e+03  0.01922764718  1.386525e-01 0.9064
1  4.79e+03  0.01922626474  1.386525e-01 0.9064
1  5.25e+03  0.01926910095  1.386525e-01 0.9064
1  5.75e+03  0.01926531816  1.386525e-01 0.9064
1  6.31e+03  0.01938864268  1.386525e-01 0.9064
1  6.92e+03  0.01952652375  1.386525e-01 0.9064
1  7.59e+03  0.01969825435  1.386525e-01 0.9064
1  8.32e+03  0.01991208496  1.386525e-01 0.9064
1  9.12e+03  0.02069008374  1.386525e-01 0.9064
1  1.00e+04  0.02140345515  1.386525e-01 0.9064
1  1.10e+04  0.02270408262  1.386525e-01 0.9064
1  1.20e+04  0.02473609686  1.386525e-01 0.9064
1  1.32e+04  0.02732329345  1.386525e-01 0.9064
1  1.45e+04  0.03139254599  1.386525e-01 0.9064
1  1.58e+04  0.0365003611  1.386525e-01 0.9064
1  1.74e+04  0.04211813339  1.386525e-01 0.9064
1  1.91e+04  0.04988595006  1.386525e-01 0.9064
1  2.09e+04  0.05909150625  1.386525e-01 0.9064
1  2.29e+04  0.0690612641  1.386525e-01 0.9064
1  2.51e+04  0.08066284542  1.386525e-01 0.9064
1  2.75e+04  0.09398379172  1.386525e-01 0.9064
1  3.02e+04  0.108665697  1.386525e-01 0.9064
1  3.31e+04  0.1249647387  1.386525e-01 0.9064
1  3.63e+04  0.1424567457  1.386525e-01 0.9064
1  3.98e+04  0.1587749769  1.386525e-01 0.9064
1  4.37e+04  0.177841337  1.386525e-01 0.9064
1  4.79e+04  0.1965120767  1.386525e-01 0.9064
1  5.25e+04  0.2147066112  1.386525e-01 0.9064
1  5.75e+04  0.233588742  1.386525e-01 0.9064
1  6.31e+04  0.2541350139  1.386525e-01 0.9064
1  6.92e+04  0.2697224831  1.386525e-01 0.9064
1  7.59e+04  0.2886492153  1.386525e-01 0.9064
1  8.32e+04  0.3096305198  1.386525e-01 0.9064
1  9.12e+04  0.3246802557  1.386525e-01 0.9064
1  1.00e+05  0.3379410231  1.386525e-01 0.9064
1  1.10e+05  0.3541898611  1.386525e-01 0.9064
1  1.20e+05  0.3721344099  1.386525e-01 0.9064
1  1.32e+05  0.3890025492  1.386525e-01 0.9064
1  1.45e+05  0.4028500105  1.386525e-01 0.9064
1  1.58e+05  0.4136630562  1.386525e-01 0.9064
1  1.74e+05  0.4228639326  1.386525e-01 0.9064
1  1.91e+05  0.4318318027  1.386525e-01 0.9064
1  2.09e+05  0.4411853976  1.386525e-01 0.9064
1  2.29e+05  0.4509585081  1.386525e-01 0.9064
1  2.51e+05  0.460943375  1.386525e-01 0.9064
1  2.75e+05  0.47086398  1.386525e-01 0.9064
1  3.02e+05  0.4804425854  1.386525e-01 0.9064
1  3.31e+05  0.4894459975  1.386525e-01 0.9064
1  3.63e+05  0.4977177837  1.386525e-01 0.9064
1  3.98e+05  0.5051842723  1.386525e-01 0.9064
1  4.37e+05  0.5118390888  1.386525e-01 0.9064
1  4.79e+05  0.5177200701  1.386525e-01 0.9064
1  5.25e+05  0.5228888145  1.386525e-01 0.9064
1  5.75e+05  0.5274164753  1.386525e-01 0.9064
1  6.31e+05  0.5313752904  1.386525e-01 0.9064
1  6.92e+05  0.5348340714  1.386525e-01 0.9064
1  7.59e+05  0.537856059  1.386525e-01 0.9064
1  8.32e+05  0.5404980958  1.386525e-01 0.9064
1  9.12e+05  0.5428105119  1.386525e-01 0.9064
1  1.00e+06  0.5448373966  1.386525e-01 0.9064
1  1.10e+06  0.5466170718  1.386525e-01 0.9064
1  1.20e+06  0.5481826601  1.386525e-01 0.9064
1  1.32e+06  0.5495626799  1.386525e-01 0.9064
1  1.45e+06  0.5507816268  1.386525e-01 0.9064
1  1.58e+06  0.5518605161  1.386525e-01 0.9064
1  1.74e+06  0.5528173737  1.386525e-01 0.9064
1  1.91e+06  0.5536676733  1.386525e-01 0.9064
1  2.09e+06  0.554424707  1.386525e-01 0.9064
1  2.29e+06  0.5550999148  1.386525e-01 0.9064
1  2.51e+06  0.5557031659  1.386525e-01 0.9064
1  2.75e+06  0.5562429922  1.386525e-01 0.9064
1  3.02e+06  0.5567267865  1.386525e-01 0.9064
1  3.31e+06  0.5571609722  1.386525e-01 0.9064
1  3.63e+06  0.5575511437  1.386525e-01 0.9064
1  3.98e+06  0.5579021866  1.386525e-01 0.9064
1  4.37e+06  0.5582183785  1.386525e-01 0.9064
1  4.79e+06  0.5585034741  1.386525e-01 0.9064
1  5.25e+06  0.5587607768  1.386525e-01 0.9064
1  5.75e+06  0.5589932005  1.386525e-01 0.9064
1  6.31e+06  0.5592033207  1.386525e-01 0.9064
1  6.92e+06  0.5593934192  1.386525e-01 0.9064
1  7.59e+06  0.5595655212  1.386525e-01 0.9064
1  8.32e+06  0.5597214285  1.386525e-01 0.9064
1  9.12e+06  0.5598627461  1.386525e-01 0.9064
1  1.00e+07  0.5599909072  1.386525e-01 0.9064
