1  1.00e-03  0.5579307937  1.567643e-01 1.0248000000000002
1  1.10e-03  0.5579281423  1.567643e-01 1.0248000000000002
1  1.20e-03  0.5579252698  1.567643e-01 1.0248000000000002
1  1.32e-03  0.5579220534  1.567643e-01 1.0248000000000002
1  1.45e-03  0.5579184825  1.567643e-01 1.0248000000000002
1  1.58e-03  0.5579146522  1.567643e-01 1.0248000000000002
1  1.74e-03  0.5579104992  1.567643e-01 1.0248000000000002
1  1.91e-03  0.5579058651  1.567643e-01 1.0248000000000002
1  2.09e-03  0.557900721  1.567643e-01 1.0248000000000002
1  2.29e-03  0.557895221  1.567643e-01 1.0248000000000002
1  2.51e-03  0.557889082  1.567643e-01 1.0248000000000002
1  2.75e-03  0.5578824191  1.567643e-01 1.0248000000000002
1  3.02e-03  0.5578750767  1.567643e-01 1.0248000000000002
1  3.31e-03  0.5578670287  1.567643e-01 1.0248000000000002
1  3.63e-03  0.557858235  1.567643e-01 1.0248000000000002
1  3.98e-03  0.5578485551  1.567643e-01 1.0248000000000002
1  4.37e-03  0.5578379625  1.567643e-01 1.0248000000000002
1  4.79e-03  0.5578263357  1.567643e-01 1.0248000000000002
1  5.25e-03  0.5578135784  1.567643e-01 1.0248000000000002
1  5.75e-03  0.5577995944  1.567643e-01 1.0248000000000002
1  6.31e-03  0.5577842795  1.567643e-01 1.0248000000000002
1  6.92e-03  0.5577674481  1.567643e-01 1.0248000000000002
1  7.59e-03  0.5577490123  1.567643e-01 1.0248000000000002
1  8.32e-03  0.5577287855  1.567643e-01 1.0248000000000002
1  9.12e-03  0.5577066045  1.567643e-01 1.0248000000000002
1  1.00e-02  0.5576823151  1.567643e-01 1.0248000000000002
1  1.10e-02  0.5576556151  1.567643e-01 1.0248000000000002
1  1.20e-02  0.5576263432  1.567643e-01 1.0248000000000002
1  1.32e-02  0.5575942665  1.567643e-01 1.0248000000000002
1  1.45e-02  0.5575590828  1.567643e-01 1.0248000000000002
1  1.58e-02  0.5575204993  1.567643e-01 1.0248000000000002
1  1.74e-02  0.557478214  1.567643e-01 1.0248000000000002
1  1.91e-02  0.5574317486  1.567643e-01 1.0248000000000002
1  2.09e-02  0.5573808708  1.567643e-01 1.0248000000000002
1  2.29e-02  0.5573250204  1.567643e-01 1.0248000000000002
1  2.51e-02  0.5572637367  1.567643e-01 1.0248000000000002
1  2.75e-02  0.5571964501  1.567643e-01 1.0248000000000002
1  3.02e-02  0.5571228025  1.567643e-01 1.0248000000000002
1  3.31e-02  0.5570419325  1.567643e-01 1.0248000000000002
1  3.63e-02  0.5569531799  1.567643e-01 1.0248000000000002
1  3.98e-02  0.5568556897  1.567643e-01 1.0248000000000002
1  4.37e-02  0.5567490027  1.567643e-01 1.0248000000000002
1  4.79e-02  0.5566316842  1.567643e-01 1.0248000000000002
1  5.25e-02  0.5565029274  1.567643e-01 1.0248000000000002
1  5.75e-02  0.556361829  1.567643e-01 1.0248000000000002
1  6.31e-02  0.5562068496  1.567643e-01 1.0248000000000002
1  6.92e-02  0.5560367836  1.567643e-01 1.0248000000000002
1  7.59e-02  0.5558501427  1.567643e-01 1.0248000000000002
1  8.32e-02  0.5556447896  1.567643e-01 1.0248000000000002
1  9.12e-02  0.5554200082  1.567643e-01 1.0248000000000002
1  1.00e-01  0.5551723998  1.567643e-01 1.0248000000000002
1  1.10e-01  0.5549008594  1.567643e-01 1.0248000000000002
1  1.20e-01  0.5546024127  1.567643e-01 1.0248000000000002
1  1.32e-01  0.5542749233  1.567643e-01 1.0248000000000002
1  1.45e-01  0.5539143586  1.567643e-01 1.0248000000000002
1  1.58e-01  0.5535185368  1.567643e-01 1.0248000000000002
1  1.74e-01  0.5530831239  1.567643e-01 1.0248000000000002
1  1.91e-01  0.55260502  1.567643e-01 1.0248000000000002
1  2.09e-01  0.5520785763  1.567643e-01 1.0248000000000002
1  2.29e-01  0.5514991798  1.567643e-01 1.0248000000000002
1  2.51e-01  0.5508608578  1.567643e-01 1.0248000000000002
1  2.75e-01  0.5501596248  1.567643e-01 1.0248000000000002
1  3.02e-01  0.5493856763  1.567643e-01 1.0248000000000002
1  3.31e-01  0.5485336908  1.567643e-01 1.0248000000000002
1  3.63e-01  0.5475958827  1.567643e-01 1.0248000000000002
1  3.98e-01  0.5465591027  1.567643e-01 1.0248000000000002
1  4.37e-01  0.545416586  1.567643e-01 1.0248000000000002
1  4.79e-01  0.5441567588  1.567643e-01 1.0248000000000002
1  5.25e-01  0.5427654638  1.567643e-01 1.0248000000000002
1  5.75e-01  0.5412264403  1.567643e-01 1.0248000000000002
1  6.31e-01  0.5395245485  1.567643e-01 1.0248000000000002
1  6.92e-01  0.5376448745  1.567643e-01 1.0248000000000002
1  7.59e-01  0.535563224  1.567643e-01 1.0248000000000002
1  8.32e-01  0.5332572404  1.567643e-01 1.0248000000000002
1  9.12e-01  0.5307042768  1.567643e-01 1.0248000000000002
1  1.00e+00  0.527877132  1.567643e-01 1.0248000000000002
1  1.10e+00  0.5247373712  1.567643e-01 1.0248000000000002
1  1.20e+00  0.5212585387  1.567643e-01 1.0248000000000002
1  1.32e+00  0.517404881  1.567643e-01 1.0248000000000002
1  1.45e+00  0.5131239045  1.567643e-01 1.0248000000000002
1  1.58e+00  0.5083898242  1.567643e-01 1.0248000000000002
1  1.74e+00  0.5031386558  1.567643e-01 1.0248000000000002
1  1.91e+00  0.4973347047  1.567643e-01 1.0248000000000002
1  2.09e+00  0.4909337234  1.567643e-01 1.0248000000000002
1  2.29e+00  0.4838846964  1.567643e-01 1.0248000000000002
1  2.51e+00  0.4761761889  1.567643e-01 1.0248000000000002
1  2.75e+00  0.4677518047  1.567643e-01 1.0248000000000002
1  3.02e+00  0.45864052  1.567643e-01 1.0248000000000002
1  3.31e+00  0.4488593227  1.567643e-01 1.0248000000000002
1  3.63e+00  0.4384364296  1.567643e-01 1.0248000000000002
1  3.98e+00  0.4275304072  1.567643e-01 1.0248000000000002
1  4.37e+00  0.4161914572  1.567643e-01 1.0248000000000002
1  4.79e+00  0.4046605667  1.567643e-01 1.0248000000000002
1  5.25e+00  0.3930993344  1.567643e-01 1.0248000000000002
1  5.75e+00  0.3817648009  1.567643e-01 1.0248000000000002
1  6.31e+00  0.3708811383  1.567643e-01 1.0248000000000002
1  6.92e+00  0.3606092078  1.567643e-01 1.0248000000000002
1  7.59e+00  0.3510933239  1.567643e-01 1.0248000000000002
1  8.32e+00  0.3425001968  1.567643e-01 1.0248000000000002
1  9.12e+00  0.3347984031  1.567643e-01 1.0248000000000002
1  1.00e+01  0.3280779405  1.567643e-01 1.0248000000000002
1  1.10e+01  0.322225291  1.567643e-01 1.0248000000000002
1  1.20e+01  0.3172303599  1.567643e-01 1.0248000000000002
1  1.32e+01  0.3129375585  1.567643e-01 1.0248000000000002
1  1.45e+01  0.309307318  1.567643e-01 1.0248000000000002
1  1.58e+01  0.3062536841  1.567643e-01 1.0248000000000002
1  1.74e+01  0.3036705382  1.567643e-01 1.0248000000000002
1  1.91e+01  0.3014995916  1.567643e-01 1.0248000000000002
1  2.09e+01  0.2996723136  1.567643e-01 1.0248000000000002
1  2.29e+01  0.2980963313  1.567643e-01 1.0248000000000002
1  2.51e+01  0.296726908  1.567643e-01 1.0248000000000002
1  2.75e+01  0.2955385055  1.567643e-01 1.0248000000000002
1  3.02e+01  0.2944826587  1.567643e-01 1.0248000000000002
1  3.31e+01  0.293523475  1.567643e-01 1.0248000000000002
1  3.63e+01  0.2925941471  1.567643e-01 1.0248000000000002
1  3.98e+01  0.2916952276  1.567643e-01 1.0248000000000002
1  4.37e+01  0.2908060194  1.567643e-01 1.0248000000000002
1  4.79e+01  0.2898778926  1.567643e-01 1.0248000000000002
1  5.25e+01  0.2888538684  1.567643e-01 1.0248000000000002
1  5.75e+01  0.2877373034  1.567643e-01 1.0248000000000002
1  6.31e+01  0.286433275  1.567643e-01 1.0248000000000002
1  6.92e+01  0.2849105424  1.567643e-01 1.0248000000000002
1  7.59e+01  0.2830195433  1.567643e-01 1.0248000000000002
1  8.32e+01  0.2806708153  1.567643e-01 1.0248000000000002
1  9.12e+01  0.2776322271  1.567643e-01 1.0248000000000002
1  1.00e+02  0.2735743083  1.567643e-01 1.0248000000000002
1  1.10e+02  0.2680647897  1.567643e-01 1.0248000000000002
1  1.20e+02  0.2602219751  1.567643e-01 1.0248000000000002
1  1.32e+02  0.2488549805  1.567643e-01 1.0248000000000002
1  1.45e+02  0.2319511954  1.567643e-01 1.0248000000000002
1  1.58e+02  0.2071152092  1.567643e-01 1.0248000000000002
1  1.74e+02  0.173263926  1.567643e-01 1.0248000000000002
1  1.91e+02  0.1340955916  1.567643e-01 1.0248000000000002
1  2.09e+02  0.09819985581  1.567643e-01 1.0248000000000002
1  2.29e+02  0.07175487349  1.567643e-01 1.0248000000000002
1  2.51e+02  0.05467906423  1.567643e-01 1.0248000000000002
1  2.75e+02  0.04416882074  1.567643e-01 1.0248000000000002
1  3.02e+02  0.03769411304  1.567643e-01 1.0248000000000002
1  3.31e+02  0.03360501001  1.567643e-01 1.0248000000000002
1  3.63e+02  0.03095210791  1.567643e-01 1.0248000000000002
1  3.98e+02  0.02917790938  1.567643e-01 1.0248000000000002
1  4.37e+02  0.02796064703  1.567643e-01 1.0248000000000002
1  4.79e+02  0.02710186528  1.567643e-01 1.0248000000000002
1  5.25e+02  0.02648799469  1.567643e-01 1.0248000000000002
1  5.75e+02  0.02603996275  1.567643e-01 1.0248000000000002
1  6.31e+02  0.02570819608  1.567643e-01 1.0248000000000002
1  6.92e+02  0.02545855564  1.567643e-01 1.0248000000000002
1  7.59e+02  0.02526896002  1.567643e-01 1.0248000000000002
1  8.32e+02  0.02512428686  1.567643e-01 1.0248000000000002
1  9.12e+02  0.02501107378  1.567643e-01 1.0248000000000002
1  1.00e+03  0.0249230816  1.567643e-01 1.0248000000000002
1  1.10e+03  0.02485355896  1.567643e-01 1.0248000000000002
1  1.20e+03  0.02480010652  1.567643e-01 1.0248000000000002
1  1.32e+03  0.02475689099  1.567643e-01 1.0248000000000002
1  1.45e+03  0.02472136776  1.567643e-01 1.0248000000000002
1  1.58e+03  0.0246946735  1.567643e-01 1.0248000000000002
1  1.74e+03  0.02467158242  1.567643e-01 1.0248000000000002
1  1.91e+03  0.02465410829  1.567643e-01 1.0248000000000002
1  2.09e+03  0.0246397483  1.567643e-01 1.0248000000000002
1  2.29e+03  0.02462815967  1.567643e-01 1.0248000000000002
1  2.51e+03  0.02461878349  1.567643e-01 1.0248000000000002
1  2.75e+03  0.02461142101  1.567643e-01 1.0248000000000002
1  3.02e+03  0.02460463741  1.567643e-01 1.0248000000000002
1  3.31e+03  0.02459945127  1.567643e-01 1.0248000000000002
1  3.63e+03  0.02459645017  1.567643e-01 1.0248000000000002
1  3.98e+03  0.02459362796  1.567643e-01 1.0248000000000002
1  4.37e+03  0.02458991447  1.567643e-01 1.0248000000000002
1  4.79e+03  0.02458885852  1.567643e-01 1.0248000000000002
1  5.25e+03  0.02459147088  1.567643e-01 1.0248000000000002
1  5.75e+03  0.02458427665  1.567643e-01 1.0248000000000002
1  6.31e+03  0.02457706481  1.567643e-01 1.0248000000000002
1  6.92e+03  0.0245861557  1.567643e-01 1.0248000000000002
1  7.59e+03  0.02462895777  1.567643e-01 1.0248000000000002
1  8.32e+03  0.02477704815  1.567643e-01 1.0248000000000002
1  9.12e+03  0.0248175627  1.567643e-01 1.0248000000000002
1  1.00e+04  0.02515501196  1.567643e-01 1.0248000000000002
1  1.10e+04  0.02567824133  1.567643e-01 1.0248000000000002
1  1.20e+04  0.02645349471  1.567643e-01 1.0248000000000002
1  1.32e+04  0.02749686136  1.567643e-01 1.0248000000000002
1  1.45e+04  0.02901167331  1.567643e-01 1.0248000000000002
1  1.58e+04  0.03172170955  1.567643e-01 1.0248000000000002
1  1.74e+04  0.0347907052  1.567643e-01 1.0248000000000002
1  1.91e+04  0.03924680582  1.567643e-01 1.0248000000000002
1  2.09e+04  0.04463491124  1.567643e-01 1.0248000000000002
1  2.29e+04  0.05164660877  1.567643e-01 1.0248000000000002
1  2.51e+04  0.05978913239  1.567643e-01 1.0248000000000002
1  2.75e+04  0.06944880517  1.567643e-01 1.0248000000000002
1  3.02e+04  0.08067822438  1.567643e-01 1.0248000000000002
1  3.31e+04  0.09376080289  1.567643e-01 1.0248000000000002
1  3.63e+04  0.1080850623  1.567643e-01 1.0248000000000002
1  3.98e+04  0.1216373709  1.567643e-01 1.0248000000000002
1  4.37e+04  0.1389958445  1.567643e-01 1.0248000000000002
1  4.79e+04  0.1560487262  1.567643e-01 1.0248000000000002
1  5.25e+04  0.1731444456  1.567643e-01 1.0248000000000002
1  5.75e+04  0.1911058794  1.567643e-01 1.0248000000000002
1  6.31e+04  0.2117317776  1.567643e-01 1.0248000000000002
1  6.92e+04  0.2271518181  1.567643e-01 1.0248000000000002
1  7.59e+04  0.2463522324  1.567643e-01 1.0248000000000002
1  8.32e+04  0.2686166308  1.567643e-01 1.0248000000000002
1  9.12e+04  0.2845048731  1.567643e-01 1.0248000000000002
1  1.00e+05  0.2985438292  1.567643e-01 1.0248000000000002
1  1.10e+05  0.3160074321  1.567643e-01 1.0248000000000002
1  1.20e+05  0.3358518859  1.567643e-01 1.0248000000000002
1  1.32e+05  0.3548755777  1.567643e-01 1.0248000000000002
1  1.45e+05  0.3705419486  1.567643e-01 1.0248000000000002
1  1.58e+05  0.3827426279  1.567643e-01 1.0248000000000002
1  1.74e+05  0.3931363337  1.567643e-01 1.0248000000000002
1  1.91e+05  0.4033298916  1.567643e-01 1.0248000000000002
1  2.09e+05  0.4140582369  1.567643e-01 1.0248000000000002
1  2.29e+05  0.4253858213  1.567643e-01 1.0248000000000002
1  2.51e+05  0.4370792595  1.567643e-01 1.0248000000000002
1  2.75e+05  0.4488003298  1.567643e-01 1.0248000000000002
1  3.02e+05  0.4601950729  1.567643e-01 1.0248000000000002
1  3.31e+05  0.4709612582  1.567643e-01 1.0248000000000002
1  3.63e+05  0.4808924425  1.567643e-01 1.0248000000000002
1  3.98e+05  0.4898857816  1.567643e-01 1.0248000000000002
1  4.37e+05  0.4979226724  1.567643e-01 1.0248000000000002
1  4.79e+05  0.5050403239  1.567643e-01 1.0248000000000002
1  5.25e+05  0.5113067331  1.567643e-01 1.0248000000000002
1  5.75e+05  0.5168032421  1.567643e-01 1.0248000000000002
1  6.31e+05  0.5216139829  1.567643e-01 1.0248000000000002
1  6.92e+05  0.5258200876  1.567643e-01 1.0248000000000002
1  7.59e+05  0.529496784  1.567643e-01 1.0248000000000002
1  8.32e+05  0.5327121371  1.567643e-01 1.0248000000000002
1  9.12e+05  0.5355267153  1.567643e-01 1.0248000000000002
1  1.00e+06  0.5379937778  1.567643e-01 1.0248000000000002
1  1.10e+06  0.540159751  1.567643e-01 1.0248000000000002
1  1.20e+06  0.5420648508  1.567643e-01 1.0248000000000002
1  1.32e+06  0.5437437617  1.567643e-01 1.0248000000000002
1  1.45e+06  0.5452263138  1.567643e-01 1.0248000000000002
1  1.58e+06  0.5465381238  1.567643e-01 1.0248000000000002
1  1.74e+06  0.5477011801  1.567643e-01 1.0248000000000002
1  1.91e+06  0.5487343666  1.567643e-01 1.0248000000000002
1  2.09e+06  0.5496539104  1.567643e-01 1.0248000000000002
1  2.29e+06  0.55047378  1.567643e-01 1.0248000000000002
1  2.51e+06  0.5512060266  1.567643e-01 1.0248000000000002
1  2.75e+06  0.5518610673  1.567643e-01 1.0248000000000002
1  3.02e+06  0.552447927  1.567643e-01 1.0248000000000002
1  3.31e+06  0.5529744451  1.567643e-01 1.0248000000000002
1  3.63e+06  0.5534474478  1.567643e-01 1.0248000000000002
1  3.98e+06  0.553872894  1.567643e-01 1.0248000000000002
1  4.37e+06  0.5542559992  1.567643e-01 1.0248000000000002
1  4.79e+06  0.5546013395  1.567643e-01 1.0248000000000002
1  5.25e+06  0.5549129393  1.567643e-01 1.0248000000000002
1  5.75e+06  0.5551943468  1.567643e-01 1.0248000000000002
1  6.31e+06  0.555448697  1.567643e-01 1.0248000000000002
1  6.92e+06  0.5556787657  1.567643e-01 1.0248000000000002
1  7.59e+06  0.5558870163  1.567643e-01 1.0248000000000002
1  8.32e+06  0.5560756386  1.567643e-01 1.0248000000000002
1  9.12e+06  0.5562465831  1.567643e-01 1.0248000000000002
1  1.00e+07  0.5564015902  1.567643e-01 1.0248000000000002
