1  1.00e-03  0.5566107333  1.634950e-01 1.0688
1  1.10e-03  0.5566080917  1.634950e-01 1.0688
1  1.20e-03  0.5566052223  1.634950e-01 1.0688
1  1.32e-03  0.5566020152  1.634950e-01 1.0688
1  1.45e-03  0.55659846  1.634950e-01 1.0688
1  1.58e-03  0.5565946307  1.634950e-01 1.0688
1  1.74e-03  0.5565904991  1.634950e-01 1.0688
1  1.91e-03  0.5565858606  1.634950e-01 1.0688
1  2.09e-03  0.5565807291  1.634950e-01 1.0688
1  2.29e-03  0.5565752451  1.634950e-01 1.0688
1  2.51e-03  0.5565691323  1.634950e-01 1.0688
1  2.75e-03  0.5565624721  1.634950e-01 1.0688
1  3.02e-03  0.5565551457  1.634950e-01 1.0688
1  3.31e-03  0.5565471329  1.634950e-01 1.0688
1  3.63e-03  0.5565383484  1.634950e-01 1.0688
1  3.98e-03  0.5565286884  1.634950e-01 1.0688
1  4.37e-03  0.5565181328  1.634950e-01 1.0688
1  4.79e-03  0.5565065274  1.634950e-01 1.0688
1  5.25e-03  0.5564938035  1.634950e-01 1.0688
1  5.75e-03  0.5564798648  1.634950e-01 1.0688
1  6.31e-03  0.5564645666  1.634950e-01 1.0688
1  6.92e-03  0.5564477977  1.634950e-01 1.0688
1  7.59e-03  0.556429369  1.634950e-01 1.0688
1  8.32e-03  0.5564091945  1.634950e-01 1.0688
1  9.12e-03  0.5563870737  1.634950e-01 1.0688
1  1.00e-02  0.556362815  1.634950e-01 1.0688
1  1.10e-02  0.5563361865  1.634950e-01 1.0688
1  1.20e-02  0.5563070353  1.634950e-01 1.0688
1  1.32e-02  0.5562749952  1.634950e-01 1.0688
1  1.45e-02  0.5562398841  1.634950e-01 1.0688
1  1.58e-02  0.5562013741  1.634950e-01 1.0688
1  1.74e-02  0.5561591769  1.634950e-01 1.0688
1  1.91e-02  0.5561128957  1.634950e-01 1.0688
1  2.09e-02  0.5560620559  1.634950e-01 1.0688
1  2.29e-02  0.5560063243  1.634950e-01 1.0688
1  2.51e-02  0.5559452265  1.634950e-01 1.0688
1  2.75e-02  0.5558781903  1.634950e-01 1.0688
1  3.02e-02  0.5558046153  1.634950e-01 1.0688
1  3.31e-02  0.5557238387  1.634950e-01 1.0688
1  3.63e-02  0.5556352791  1.634950e-01 1.0688
1  3.98e-02  0.5555381645  1.634950e-01 1.0688
1  4.37e-02  0.5554315583  1.634950e-01 1.0688
1  4.79e-02  0.5553147437  1.634950e-01 1.0688
1  5.25e-02  0.555186358  1.634950e-01 1.0688
1  5.75e-02  0.5550453118  1.634950e-01 1.0688
1  6.31e-02  0.5548909477  1.634950e-01 1.0688
1  6.92e-02  0.5547212322  1.634950e-01 1.0688
1  7.59e-02  0.5545348264  1.634950e-01 1.0688
1  8.32e-02  0.554330304  1.634950e-01 1.0688
1  9.12e-02  0.5541055564  1.634950e-01 1.0688
1  1.00e-01  0.5538588752  1.634950e-01 1.0688
1  1.10e-01  0.553588238  1.634950e-01 1.0688
1  1.20e-01  0.5532904605  1.634950e-01 1.0688
1  1.32e-01  0.5529631216  1.634950e-01 1.0688
1  1.45e-01  0.5526040465  1.634950e-01 1.0688
1  1.58e-01  0.5522088011  1.634950e-01 1.0688
1  1.74e-01  0.5517746195  1.634950e-01 1.0688
1  1.91e-01  0.5512974635  1.634950e-01 1.0688
1  2.09e-01  0.5507720963  1.634950e-01 1.0688
1  2.29e-01  0.5501943116  1.634950e-01 1.0688
1  2.51e-01  0.5495584001  1.634950e-01 1.0688
1  2.75e-01  0.5488572041  1.634950e-01 1.0688
1  3.02e-01  0.5480869514  1.634950e-01 1.0688
1  3.31e-01  0.547237197  1.634950e-01 1.0688
1  3.63e-01  0.5463001218  1.634950e-01 1.0688
1  3.98e-01  0.5452677472  1.634950e-01 1.0688
1  4.37e-01  0.5441275878  1.634950e-01 1.0688
1  4.79e-01  0.5428712135  1.634950e-01 1.0688
1  5.25e-01  0.541482009  1.634950e-01 1.0688
1  5.75e-01  0.5399459756  1.634950e-01 1.0688
1  6.31e-01  0.5382517728  1.634950e-01 1.0688
1  6.92e-01  0.5363737136  1.634950e-01 1.0688
1  7.59e-01  0.5343008619  1.634950e-01 1.0688
1  8.32e-01  0.5319997816  1.634950e-01 1.0688
1  9.12e-01  0.529455615  1.634950e-01 1.0688
1  1.00e+00  0.5266306981  1.634950e-01 1.0688
1  1.10e+00  0.5235051027  1.634950e-01 1.0688
1  1.20e+00  0.5200357513  1.634950e-01 1.0688
1  1.32e+00  0.516186102  1.634950e-01 1.0688
1  1.45e+00  0.5119240577  1.634950e-01 1.0688
1  1.58e+00  0.5071957064  1.634950e-01 1.0688
1  1.74e+00  0.5019658011  1.634950e-01 1.0688
1  1.91e+00  0.4961782651  1.634950e-01 1.0688
1  2.09e+00  0.4897938249  1.634950e-01 1.0688
1  2.29e+00  0.4827604088  1.634950e-01 1.0688
1  2.51e+00  0.4750662632  1.634950e-01 1.0688
1  2.75e+00  0.4666629755  1.634950e-01 1.0688
1  3.02e+00  0.457577976  1.634950e-01 1.0688
1  3.31e+00  0.4478104663  1.634950e-01 1.0688
1  3.63e+00  0.4374089521  1.634950e-01 1.0688
1  3.98e+00  0.4264990097  1.634950e-01 1.0688
1  4.37e+00  0.4151896286  1.634950e-01 1.0688
1  4.79e+00  0.4036656106  1.634950e-01 1.0688
1  5.25e+00  0.392104141  1.634950e-01 1.0688
1  5.75e+00  0.380766817  1.634950e-01 1.0688
1  6.31e+00  0.369878199  1.634950e-01 1.0688
1  6.92e+00  0.3595794856  1.634950e-01 1.0688
1  7.59e+00  0.3500515577  1.634950e-01 1.0688
1  8.32e+00  0.3414390828  1.634950e-01 1.0688
1  9.12e+00  0.3337240248  1.634950e-01 1.0688
1  1.00e+01  0.326961136  1.634950e-01 1.0688
1  1.10e+01  0.3210949685  1.634950e-01 1.0688
1  1.20e+01  0.3160552537  1.634950e-01 1.0688
1  1.32e+01  0.3117365403  1.634950e-01 1.0688
1  1.45e+01  0.3081158306  1.634950e-01 1.0688
1  1.58e+01  0.305032324  1.634950e-01 1.0688
1  1.74e+01  0.3024568209  1.634950e-01 1.0688
1  1.91e+01  0.3002640979  1.634950e-01 1.0688
1  2.09e+01  0.2983898256  1.634950e-01 1.0688
1  2.29e+01  0.2968016779  1.634950e-01 1.0688
1  2.51e+01  0.2954313792  1.634950e-01 1.0688
1  2.75e+01  0.2942179808  1.634950e-01 1.0688
1  3.02e+01  0.2931094195  1.634950e-01 1.0688
1  3.31e+01  0.292109475  1.634950e-01 1.0688
1  3.63e+01  0.2911585608  1.634950e-01 1.0688
1  3.98e+01  0.2902566573  1.634950e-01 1.0688
1  4.37e+01  0.2893209422  1.634950e-01 1.0688
1  4.79e+01  0.288316167  1.634950e-01 1.0688
1  5.25e+01  0.2872746127  1.634950e-01 1.0688
1  5.75e+01  0.286089428  1.634950e-01 1.0688
1  6.31e+01  0.2846914566  1.634950e-01 1.0688
1  6.92e+01  0.2830758833  1.634950e-01 1.0688
1  7.59e+01  0.2810958042  1.634950e-01 1.0688
1  8.32e+01  0.2785961784  1.634950e-01 1.0688
1  9.12e+01  0.2753977845  1.634950e-01 1.0688
1  1.00e+02  0.2711441147  1.634950e-01 1.0688
1  1.10e+02  0.2653964503  1.634950e-01 1.0688
1  1.20e+02  0.2572848762  1.634950e-01 1.0688
1  1.32e+02  0.2456574003  1.634950e-01 1.0688
1  1.45e+02  0.2286698803  1.634950e-01 1.0688
1  1.58e+02  0.2042507511  1.634950e-01 1.0688
1  1.74e+02  0.17167782  1.634950e-01 1.0688
1  1.91e+02  0.1344933019  1.634950e-01 1.0688
1  2.09e+02  0.1003430067  1.634950e-01 1.0688
1  2.29e+02  0.07470476589  1.634950e-01 1.0688
1  2.51e+02  0.05777757402  1.634950e-01 1.0688
1  2.75e+02  0.04715221504  1.634950e-01 1.0688
1  3.02e+02  0.04049797667  1.634950e-01 1.0688
1  3.31e+02  0.03626263308  1.634950e-01 1.0688
1  3.63e+02  0.03348732474  1.634950e-01 1.0688
1  3.98e+02  0.03162125171  1.634950e-01 1.0688
1  4.37e+02  0.03033176855  1.634950e-01 1.0688
1  4.79e+02  0.02942405926  1.634950e-01 1.0688
1  5.25e+02  0.02877199269  1.634950e-01 1.0688
1  5.75e+02  0.02829492534  1.634950e-01 1.0688
1  6.31e+02  0.027941542  1.634950e-01 1.0688
1  6.92e+02  0.02767443727  1.634950e-01 1.0688
1  7.59e+02  0.02747209453  1.634950e-01 1.0688
1  8.32e+02  0.02731647712  1.634950e-01 1.0688
1  9.12e+02  0.02719655153  1.634950e-01 1.0688
1  1.00e+03  0.02710297501  1.634950e-01 1.0688
1  1.10e+03  0.02702965145  1.634950e-01 1.0688
1  1.20e+03  0.0269712307  1.634950e-01 1.0688
1  1.32e+03  0.02692427974  1.634950e-01 1.0688
1  1.45e+03  0.02688767612  1.634950e-01 1.0688
1  1.58e+03  0.02685897189  1.634950e-01 1.0688
1  1.74e+03  0.02683424028  1.634950e-01 1.0688
1  1.91e+03  0.02681501054  1.634950e-01 1.0688
1  2.09e+03  0.02679980176  1.634950e-01 1.0688
1  2.29e+03  0.02678681998  1.634950e-01 1.0688
1  2.51e+03  0.02677747645  1.634950e-01 1.0688
1  2.75e+03  0.02676879598  1.634950e-01 1.0688
1  3.02e+03  0.02676237875  1.634950e-01 1.0688
1  3.31e+03  0.02675687779  1.634950e-01 1.0688
1  3.63e+03  0.02675295971  1.634950e-01 1.0688
1  3.98e+03  0.02674847192  1.634950e-01 1.0688
1  4.37e+03  0.02674240477  1.634950e-01 1.0688
1  4.79e+03  0.02673900428  1.634950e-01 1.0688
1  5.25e+03  0.02674459792  1.634950e-01 1.0688
1  5.75e+03  0.02673388019  1.634950e-01 1.0688
1  6.31e+03  0.02674345557  1.634950e-01 1.0688
1  6.92e+03  0.02674796229  1.634950e-01 1.0688
1  7.59e+03  0.02674595885  1.634950e-01 1.0688
1  8.32e+03  0.02682518033  1.634950e-01 1.0688
1  9.12e+03  0.02686148717  1.634950e-01 1.0688
1  1.00e+04  0.02711621303  1.634950e-01 1.0688
1  1.10e+04  0.02741983704  1.634950e-01 1.0688
1  1.20e+04  0.02792090597  1.634950e-01 1.0688
1  1.32e+04  0.02870615734  1.634950e-01 1.0688
1  1.45e+04  0.02976296015  1.634950e-01 1.0688
1  1.58e+04  0.03164180598  1.634950e-01 1.0688
1  1.74e+04  0.03417687976  1.634950e-01 1.0688
1  1.91e+04  0.03754565254  1.634950e-01 1.0688
1  2.09e+04  0.04196768558  1.634950e-01 1.0688
1  2.29e+04  0.04801194387  1.634950e-01 1.0688
1  2.51e+04  0.05493111497  1.634950e-01 1.0688
1  2.75e+04  0.06328640964  1.634950e-01 1.0688
1  3.02e+04  0.07325197689  1.634950e-01 1.0688
1  3.31e+04  0.08510470399  1.634950e-01 1.0688
1  3.63e+04  0.09817009272  1.634950e-01 1.0688
1  3.98e+04  0.110563199  1.634950e-01 1.0688
1  4.37e+04  0.1270246393  1.634950e-01 1.0688
1  4.79e+04  0.1432743794  1.634950e-01 1.0688
1  5.25e+04  0.1597757568  1.634950e-01 1.0688
1  5.75e+04  0.1771044597  1.634950e-01 1.0688
1  6.31e+04  0.1975432026  1.634950e-01 1.0688
1  6.92e+04  0.2126803576  1.634950e-01 1.0688
1  7.59e+04  0.2317595954  1.634950e-01 1.0688
1  8.32e+04  0.2542548687  1.634950e-01 1.0688
1  9.12e+04  0.2703061307  1.634950e-01 1.0688
1  1.00e+05  0.2844931917  1.634950e-01 1.0688
1  1.10e+05  0.3022315957  1.634950e-01 1.0688
1  1.20e+05  0.3226318394  1.634950e-01 1.0688
1  1.32e+05  0.3423416602  1.634950e-01 1.0688
1  1.45e+05  0.358596251  1.634950e-01 1.0688
1  1.58e+05  0.3712477724  1.634950e-01 1.0688
1  1.74e+05  0.3820323191  1.634950e-01 1.0688
1  1.91e+05  0.3926324642  1.634950e-01 1.0688
1  2.09e+05  0.4038260292  1.634950e-01 1.0688
1  2.29e+05  0.4156929483  1.634950e-01 1.0688
1  2.51e+05  0.4279930221  1.634950e-01 1.0688
1  2.75e+05  0.4403648637  1.634950e-01 1.0688
1  3.02e+05  0.4524246554  1.634950e-01 1.0688
1  3.31e+05  0.4638427116  1.634950e-01 1.0688
1  3.63e+05  0.4743923879  1.634950e-01 1.0688
1  3.98e+05  0.483958611  1.634950e-01 1.0688
1  4.37e+05  0.4925170495  1.634950e-01 1.0688
1  4.79e+05  0.5001037011  1.634950e-01 1.0688
1  5.25e+05  0.5067881771  1.634950e-01 1.0688
1  5.75e+05  0.5126550464  1.634950e-01 1.0688
1  6.31e+05  0.5177924784  1.634950e-01 1.0688
1  6.92e+05  0.5222859407  1.634950e-01 1.0688
1  7.59e+05  0.5262149766  1.634950e-01 1.0688
1  8.32e+05  0.5296517548  1.634950e-01 1.0688
1  9.12e+05  0.5326606297  1.634950e-01 1.0688
1  1.00e+06  0.5352982807  1.634950e-01 1.0688
1  1.10e+06  0.5376141767  1.634950e-01 1.0688
1  1.20e+06  0.5396512106  1.634950e-01 1.0688
1  1.32e+06  0.5414464043  1.634950e-01 1.0688
1  1.45e+06  0.5430316174  1.634950e-01 1.0688
1  1.58e+06  0.5444342227  1.634950e-01 1.0688
1  1.74e+06  0.5456777249  1.634950e-01 1.0688
1  1.91e+06  0.5467823162  1.634950e-01 1.0688
1  2.09e+06  0.5477653521  1.634950e-01 1.0688
1  2.29e+06  0.5486417753  1.634950e-01 1.0688
1  2.51e+06  0.5494244792  1.634950e-01 1.0688
1  2.75e+06  0.5501246086  1.634950e-01 1.0688
1  3.02e+06  0.5507518211  1.634950e-01 1.0688
1  3.31e+06  0.5513145043  1.634950e-01 1.0688
1  3.63e+06  0.5518199627  1.634950e-01 1.0688
1  3.98e+06  0.552274572  1.634950e-01 1.0688
1  4.37e+06  0.5526839125  1.634950e-01 1.0688
1  4.79e+06  0.5530528799  1.634950e-01 1.0688
1  5.25e+06  0.5533857796  1.634950e-01 1.0688
1  5.75e+06  0.553686407  1.634950e-01 1.0688
1  6.31e+06  0.5539581154  1.634950e-01 1.0688
1  6.92e+06  0.5542038735  1.634950e-01 1.0688
1  7.59e+06  0.5544263158  1.634950e-01 1.0688
1  8.32e+06  0.5546277837  1.634950e-01 1.0688
1  9.12e+06  0.5548103629  1.634950e-01 1.0688
1  1.00e+07  0.554975914  1.634950e-01 1.0688
