1  1.00e-03  0.559295744  1.495440e-01 0.9776
1  1.10e-03  0.5592930903  1.495440e-01 0.9776
1  1.20e-03  0.5592902154  1.495440e-01 0.9776
1  1.32e-03  0.5592869783  1.495440e-01 0.9776
1  1.45e-03  0.5592834033  1.495440e-01 0.9776
1  1.58e-03  0.5592795588  1.495440e-01 0.9776
1  1.74e-03  0.5592753997  1.495440e-01 0.9776
1  1.91e-03  0.5592707602  1.495440e-01 0.9776
1  2.09e-03  0.5592655959  1.495440e-01 0.9776
1  2.29e-03  0.5592600779  1.495440e-01 0.9776
1  2.51e-03  0.559253924  1.495440e-01 0.9776
1  2.75e-03  0.5592472432  1.495440e-01 0.9776
1  3.02e-03  0.559239891  1.495440e-01 0.9776
1  3.31e-03  0.5592318145  1.495440e-01 0.9776
1  3.63e-03  0.5592229969  1.495440e-01 0.9776
1  3.98e-03  0.559213314  1.495440e-01 0.9776
1  4.37e-03  0.559202702  1.495440e-01 0.9776
1  4.79e-03  0.5591910171  1.495440e-01 0.9776
1  5.25e-03  0.5591782634  1.495440e-01 0.9776
1  5.75e-03  0.5591642237  1.495440e-01 0.9776
1  6.31e-03  0.5591488563  1.495440e-01 0.9776
1  6.92e-03  0.5591320045  1.495440e-01 0.9776
1  7.59e-03  0.5591135427  1.495440e-01 0.9776
1  8.32e-03  0.5590932759  1.495440e-01 0.9776
1  9.12e-03  0.5590710482  1.495440e-01 0.9776
1  1.00e-02  0.5590466445  1.495440e-01 0.9776
1  1.10e-02  0.5590199365  1.495440e-01 0.9776
1  1.20e-02  0.5589905865  1.495440e-01 0.9776
1  1.32e-02  0.5589584573  1.495440e-01 0.9776
1  1.45e-02  0.5589231919  1.495440e-01 0.9776
1  1.58e-02  0.5588845116  1.495440e-01 0.9776
1  1.74e-02  0.5588420345  1.495440e-01 0.9776
1  1.91e-02  0.558795478  1.495440e-01 0.9776
1  2.09e-02  0.5587444484  1.495440e-01 0.9776
1  2.29e-02  0.5586884636  1.495440e-01 0.9776
1  2.51e-02  0.5586270205  1.495440e-01 0.9776
1  2.75e-02  0.5585596691  1.495440e-01 0.9776
1  3.02e-02  0.5584857345  1.495440e-01 0.9776
1  3.31e-02  0.5584047193  1.495440e-01 0.9776
1  3.63e-02  0.5583157893  1.495440e-01 0.9776
1  3.98e-02  0.5582182193  1.495440e-01 0.9776
1  4.37e-02  0.5581110714  1.495440e-01 0.9776
1  4.79e-02  0.5579934475  1.495440e-01 0.9776
1  5.25e-02  0.5578645696  1.495440e-01 0.9776
1  5.75e-02  0.55772317  1.495440e-01 0.9776
1  6.31e-02  0.5575675826  1.495440e-01 0.9776
1  6.92e-02  0.5573970436  1.495440e-01 0.9776
1  7.59e-02  0.5572098928  1.495440e-01 0.9776
1  8.32e-02  0.5570044769  1.495440e-01 0.9776
1  9.12e-02  0.5567787696  1.495440e-01 0.9776
1  1.00e-01  0.5565310975  1.495440e-01 0.9776
1  1.10e-01  0.5562585638  1.495440e-01 0.9776
1  1.20e-01  0.5559597075  1.495440e-01 0.9776
1  1.32e-01  0.5556313247  1.495440e-01 0.9776
1  1.45e-01  0.5552700868  1.495440e-01 0.9776
1  1.58e-01  0.5548733796  1.495440e-01 0.9776
1  1.74e-01  0.5544369773  1.495440e-01 0.9776
1  1.91e-01  0.5539564993  1.495440e-01 0.9776
1  2.09e-01  0.5534287154  1.495440e-01 0.9776
1  2.29e-01  0.5528478044  1.495440e-01 0.9776
1  2.51e-01  0.5522086528  1.495440e-01 0.9776
1  2.75e-01  0.5515055072  1.495440e-01 0.9776
1  3.02e-01  0.5507295985  1.495440e-01 0.9776
1  3.31e-01  0.5498755757  1.495440e-01 0.9776
1  3.63e-01  0.5489343504  1.495440e-01 0.9776
1  3.98e-01  0.5478962124  1.495440e-01 0.9776
1  4.37e-01  0.546751823  1.495440e-01 0.9776
1  4.79e-01  0.5454864118  1.495440e-01 0.9776
1  5.25e-01  0.5440909028  1.495440e-01 0.9776
1  5.75e-01  0.5425504736  1.495440e-01 0.9776
1  6.31e-01  0.5408437314  1.495440e-01 0.9776
1  6.92e-01  0.5389599433  1.495440e-01 0.9776
1  7.59e-01  0.5368697786  1.495440e-01 0.9776
1  8.32e-01  0.5345613215  1.495440e-01 0.9776
1  9.12e-01  0.531999142  1.495440e-01 0.9776
1  1.00e+00  0.5291653956  1.495440e-01 0.9776
1  1.10e+00  0.5260162928  1.495440e-01 0.9776
1  1.20e+00  0.5225281797  1.495440e-01 0.9776
1  1.32e+00  0.5186641393  1.495440e-01 0.9776
1  1.45e+00  0.5143697695  1.495440e-01 0.9776
1  1.58e+00  0.5096216162  1.495440e-01 0.9776
1  1.74e+00  0.5043529036  1.495440e-01 0.9776
1  1.91e+00  0.4985336733  1.495440e-01 0.9776
1  2.09e+00  0.492114241  1.495440e-01 0.9776
1  2.29e+00  0.4850538375  1.495440e-01 0.9776
1  2.51e+00  0.4773227239  1.495440e-01 0.9776
1  2.75e+00  0.4688826234  1.495440e-01 0.9776
1  3.02e+00  0.459742824  1.495440e-01 0.9776
1  3.31e+00  0.4499453973  1.495440e-01 0.9776
1  3.63e+00  0.4395036414  1.495440e-01 0.9776
1  3.98e+00  0.4285690074  1.495440e-01 0.9776
1  4.37e+00  0.4172318584  1.495440e-01 0.9776
1  4.79e+00  0.405694123  1.495440e-01 0.9776
1  5.25e+00  0.3941341998  1.495440e-01 0.9776
1  5.75e+00  0.3828045377  1.495440e-01 0.9776
1  6.31e+00  0.3719207399  1.495440e-01 0.9776
1  6.92e+00  0.3616718345  1.495440e-01 0.9776
1  7.59e+00  0.3521871493  1.495440e-01 0.9776
1  8.32e+00  0.3435886205  1.495440e-01 0.9776
1  9.12e+00  0.3359402394  1.495440e-01 0.9776
1  1.00e+01  0.3292106105  1.495440e-01 0.9776
1  1.10e+01  0.3233811431  1.495440e-01 0.9776
1  1.20e+01  0.3183449226  1.495440e-01 0.9776
1  1.32e+01  0.3141283086  1.495440e-01 0.9776
1  1.45e+01  0.3105459825  1.495440e-01 0.9776
1  1.58e+01  0.3075279839  1.495440e-01 0.9776
1  1.74e+01  0.3049817532  1.495440e-01 0.9776
1  1.91e+01  0.3028307491  1.495440e-01 0.9776
1  2.09e+01  0.3009930064  1.495440e-01 0.9776
1  2.29e+01  0.2994420697  1.495440e-01 0.9776
1  2.51e+01  0.2981174087  1.495440e-01 0.9776
1  2.75e+01  0.2969457091  1.495440e-01 0.9776
1  3.02e+01  0.2959169918  1.495440e-01 0.9776
1  3.31e+01  0.2949531135  1.495440e-01 0.9776
1  3.63e+01  0.2940893334  1.495440e-01 0.9776
1  3.98e+01  0.2932160644  1.495440e-01 0.9776
1  4.37e+01  0.292356217  1.495440e-01 0.9776
1  4.79e+01  0.2914938992  1.495440e-01 0.9776
1  5.25e+01  0.2905205988  1.495440e-01 0.9776
1  5.75e+01  0.2894593058  1.495440e-01 0.9776
1  6.31e+01  0.2882622372  1.495440e-01 0.9776
1  6.92e+01  0.2868221635  1.495440e-01 0.9776
1  7.59e+01  0.2850425989  1.495440e-01 0.9776
1  8.32e+01  0.2828521068  1.495440e-01 0.9776
1  9.12e+01  0.2799922718  1.495440e-01 0.9776
1  1.00e+02  0.2761568327  1.495440e-01 0.9776
1  1.10e+02  0.2709219517  1.495440e-01 0.9776
1  1.20e+02  0.2634010838  1.495440e-01 0.9776
1  1.32e+02  0.2523532029  1.495440e-01 0.9776
1  1.45e+02  0.2356132836  1.495440e-01 0.9776
1  1.58e+02  0.2104440644  1.495440e-01 0.9776
1  1.74e+02  0.175175246  1.495440e-01 0.9776
1  1.91e+02  0.1336707797  1.495440e-01 0.9776
1  2.09e+02  0.09581099228  1.495440e-01 0.9776
1  2.29e+02  0.06850062019  1.495440e-01 0.9776
1  2.51e+02  0.05133454869  1.495440e-01 0.9776
1  2.75e+02  0.04101247332  1.495440e-01 0.9776
1  3.02e+02  0.03474807109  1.495440e-01 0.9776
1  3.31e+02  0.03084578357  1.495440e-01 0.9776
1  3.63e+02  0.02833189176  1.495440e-01 0.9776
1  3.98e+02  0.02665553735  1.495440e-01 0.9776
1  4.37e+02  0.02551334113  1.495440e-01 0.9776
1  4.79e+02  0.02471526257  1.495440e-01 0.9776
1  5.25e+02  0.02413915058  1.495440e-01 0.9776
1  5.75e+02  0.02372140213  1.495440e-01 0.9776
1  6.31e+02  0.02341335992  1.495440e-01 0.9776
1  6.92e+02  0.02318197254  1.495440e-01 0.9776
1  7.59e+02  0.02300656412  1.495440e-01 0.9776
1  8.32e+02  0.02287131164  1.495440e-01 0.9776
1  9.12e+02  0.02276588766  1.495440e-01 0.9776
1  1.00e+03  0.02268436475  1.495440e-01 0.9776
1  1.10e+03  0.02262173988  1.495440e-01 0.9776
1  1.20e+03  0.02257092858  1.495440e-01 0.9776
1  1.32e+03  0.02253124033  1.495440e-01 0.9776
1  1.45e+03  0.02249867815  1.495440e-01 0.9776
1  1.58e+03  0.02247394942  1.495440e-01 0.9776
1  1.74e+03  0.02245318361  1.495440e-01 0.9776
1  1.91e+03  0.02243704153  1.495440e-01 0.9776
1  2.09e+03  0.02242422868  1.495440e-01 0.9776
1  2.29e+03  0.02241263972  1.495440e-01 0.9776
1  2.51e+03  0.02240305246  1.495440e-01 0.9776
1  2.75e+03  0.02239581994  1.495440e-01 0.9776
1  3.02e+03  0.02239026514  1.495440e-01 0.9776
1  3.31e+03  0.02238658062  1.495440e-01 0.9776
1  3.63e+03  0.02238280783  1.495440e-01 0.9776
1  3.98e+03  0.02237724567  1.495440e-01 0.9776
1  4.37e+03  0.02238047088  1.495440e-01 0.9776
1  4.79e+03  0.02238166774  1.495440e-01 0.9776
1  5.25e+03  0.02236538556  1.495440e-01 0.9776
1  5.75e+03  0.022402887  1.495440e-01 0.9776
1  6.31e+03  0.02240227199  1.495440e-01 0.9776
1  6.92e+03  0.02242976678  1.495440e-01 0.9776
1  7.59e+03  0.02254285582  1.495440e-01 0.9776
1  8.32e+03  0.02267848299  1.495440e-01 0.9776
1  9.12e+03  0.02289757102  1.495440e-01 0.9776
1  1.00e+04  0.02328462591  1.495440e-01 0.9776
1  1.10e+04  0.0240919788  1.495440e-01 0.9776
1  1.20e+04  0.02527202208  1.495440e-01 0.9776
1  1.32e+04  0.02674405626  1.495440e-01 0.9776
1  1.45e+04  0.02906520577  1.495440e-01 0.9776
1  1.58e+04  0.03273255889  1.495440e-01 0.9776
1  1.74e+04  0.03656604694  1.495440e-01 0.9776
1  1.91e+04  0.04231829579  1.495440e-01 0.9776
1  2.09e+04  0.04901771143  1.495440e-01 0.9776
1  2.29e+04  0.05713123052  1.495440e-01 0.9776
1  2.51e+04  0.06663718052  1.495440e-01 0.9776
1  2.75e+04  0.07775229032  1.495440e-01 0.9776
1  3.02e+04  0.09036991608  1.495440e-01 0.9776
1  3.31e+04  0.104771485  1.495440e-01 0.9776
1  3.63e+04  0.1204207604  1.495440e-01 0.9776
1  3.98e+04  0.1351600199  1.495440e-01 0.9776
1  4.37e+04  0.1533325228  1.495440e-01 0.9776
1  4.79e+04  0.171133413  1.495440e-01 0.9776
1  5.25e+04  0.1887678208  1.495440e-01 0.9776
1  5.75e+04  0.2072379054  1.495440e-01 0.9776
1  6.31e+04  0.2279391083  1.495440e-01 0.9776
1  6.92e+04  0.2435318765  1.495440e-01 0.9776
1  7.59e+04  0.2627309964  1.495440e-01 0.9776
1  8.32e+04  0.2845970802  1.495440e-01 0.9776
1  9.12e+04  0.3002212581  1.495440e-01 0.9776
1  1.00e+05  0.3140149573  1.495440e-01 0.9776
1  1.10e+05  0.3310751129  1.495440e-01 0.9776
1  1.20e+05  0.3502298566  1.495440e-01 0.9776
1  1.32e+05  0.3684445459  1.495440e-01 0.9776
1  1.45e+05  0.3834239582  1.495440e-01 0.9776
1  1.58e+05  0.3950997649  1.495440e-01 0.9776
1  1.74e+05  0.405040693  1.495440e-01 0.9776
1  1.91e+05  0.4147665463  1.495440e-01 0.9776
1  2.09e+05  0.4249660653  1.495440e-01 0.9776
1  2.29e+05  0.4356896671  1.495440e-01 0.9776
1  2.51e+05  0.4467129924  1.495440e-01 0.9776
1  2.75e+05  0.4577227046  1.495440e-01 0.9776
1  3.02e+05  0.4683960131  1.495440e-01 0.9776
1  3.31e+05  0.4784591062  1.495440e-01 0.9776
1  3.63e+05  0.4877262652  1.495440e-01 0.9776
1  3.98e+05  0.4961069317  1.495440e-01 0.9776
1  4.37e+05  0.5035879194  1.495440e-01 0.9776
1  4.79e+05  0.5102071238  1.495440e-01 0.9776
1  5.25e+05  0.5160303236  1.495440e-01 0.9776
1  5.75e+05  0.521135037  1.495440e-01 0.9776
1  6.31e+05  0.525600812  1.495440e-01 0.9776
1  6.92e+05  0.5295039636  1.495440e-01 0.9776
1  7.59e+05  0.5329149903  1.495440e-01 0.9776
1  8.32e+05  0.535897501  1.495440e-01 0.9776
1  9.12e+05  0.53850798  1.495440e-01 0.9776
1  1.00e+06  0.5407960158  1.495440e-01 0.9776
1  1.10e+06  0.5428047818  1.495440e-01 0.9776
1  1.20e+06  0.5445716404  1.495440e-01 0.9776
1  1.32e+06  0.5461287912  1.495440e-01 0.9776
1  1.45e+06  0.5475039114  1.495440e-01 0.9776
1  1.58e+06  0.5487207581  1.495440e-01 0.9776
1  1.74e+06  0.5497997164  1.495440e-01 0.9776
1  1.91e+06  0.5507582894  1.495440e-01 0.9776
1  2.09e+06  0.5516115137  1.495440e-01 0.9776
1  2.29e+06  0.5523723328  1.495440e-01 0.9776
1  2.51e+06  0.5530519116  1.495440e-01 0.9776
1  2.75e+06  0.5536599013  1.495440e-01 0.9776
1  3.02e+06  0.5542046636  1.495440e-01 0.9776
1  3.31e+06  0.5546934616  1.495440e-01 0.9776
1  3.63e+06  0.5551326206  1.495440e-01 0.9776
1  3.98e+06  0.5555276623  1.495440e-01 0.9776
1  4.37e+06  0.5558834204  1.495440e-01 0.9776
1  4.79e+06  0.5562041361  1.495440e-01 0.9776
1  5.25e+06  0.5564935401  1.495440e-01 0.9776
1  5.75e+06  0.5567549218  1.495440e-01 0.9776
1  6.31e+06  0.5569911882  1.495440e-01 0.9776
1  6.92e+06  0.5572049135  1.495440e-01 0.9776
1  7.59e+06  0.5573983822  1.495440e-01 0.9776
1  8.32e+06  0.5575736258  1.495440e-01 0.9776
1  9.12e+06  0.5577324539  1.495440e-01 0.9776
1  1.00e+07  0.5578764812  1.495440e-01 0.9776
