1  1.00e-03  0.5602563664  1.442819e-01 0.9432
1  1.10e-03  0.5602537084  1.442819e-01 0.9432
1  1.20e-03  0.5602508252  1.442819e-01 0.9432
1  1.32e-03  0.5602475762  1.442819e-01 0.9432
1  1.45e-03  0.560244004  1.442819e-01 0.9432
1  1.58e-03  0.5602401492  1.442819e-01 0.9432
1  1.74e-03  0.5602359865  1.442819e-01 0.9432
1  1.91e-03  0.5602313315  1.442819e-01 0.9432
1  2.09e-03  0.5602261563  1.442819e-01 0.9432
1  2.29e-03  0.5602206293  1.442819e-01 0.9432
1  2.51e-03  0.5602144734  1.442819e-01 0.9432
1  2.75e-03  0.5602077711  1.442819e-01 0.9432
1  3.02e-03  0.5602004036  1.442819e-01 0.9432
1  3.31e-03  0.5601923282  1.442819e-01 0.9432
1  3.63e-03  0.5601834901  1.442819e-01 0.9432
1  3.98e-03  0.560173784  1.442819e-01 0.9432
1  4.37e-03  0.5601631646  1.442819e-01 0.9432
1  4.79e-03  0.5601514604  1.442819e-01 0.9432
1  5.25e-03  0.5601386844  1.442819e-01 0.9432
1  5.75e-03  0.5601246343  1.442819e-01 0.9432
1  6.31e-03  0.5601092303  1.442819e-01 0.9432
1  6.92e-03  0.5600923657  1.442819e-01 0.9432
1  7.59e-03  0.5600738415  1.442819e-01 0.9432
1  8.32e-03  0.5600535451  1.442819e-01 0.9432
1  9.12e-03  0.5600312864  1.442819e-01 0.9432
1  1.00e-02  0.5600068335  1.442819e-01 0.9432
1  1.10e-02  0.5599800781  1.442819e-01 0.9432
1  1.20e-02  0.5599507247  1.442819e-01 0.9432
1  1.32e-02  0.5599185076  1.442819e-01 0.9432
1  1.45e-02  0.5598831771  1.442819e-01 0.9432
1  1.58e-02  0.5598444211  1.442819e-01 0.9432
1  1.74e-02  0.5598018846  1.442819e-01 0.9432
1  1.91e-02  0.559755309  1.442819e-01 0.9432
1  2.09e-02  0.5597041378  1.442819e-01 0.9432
1  2.29e-02  0.5596480526  1.442819e-01 0.9432
1  2.51e-02  0.5595865455  1.442819e-01 0.9432
1  2.75e-02  0.5595191407  1.442819e-01 0.9432
1  3.02e-02  0.559445027  1.442819e-01 0.9432
1  3.31e-02  0.5593637934  1.442819e-01 0.9432
1  3.63e-02  0.5592746998  1.442819e-01 0.9432
1  3.98e-02  0.5591770605  1.442819e-01 0.9432
1  4.37e-02  0.5590696391  1.442819e-01 0.9432
1  4.79e-02  0.5589520083  1.442819e-01 0.9432
1  5.25e-02  0.5588229397  1.442819e-01 0.9432
1  5.75e-02  0.5586810783  1.442819e-01 0.9432
1  6.31e-02  0.558525474  1.442819e-01 0.9432
1  6.92e-02  0.5583546238  1.442819e-01 0.9432
1  7.59e-02  0.5581670101  1.442819e-01 0.9432
1  8.32e-02  0.557961458  1.442819e-01 0.9432
1  9.12e-02  0.5577350413  1.442819e-01 0.9432
1  1.00e-01  0.5574871449  1.442819e-01 0.9432
1  1.10e-01  0.5572144121  1.442819e-01 0.9432
1  1.20e-01  0.556914978  1.442819e-01 0.9432
1  1.32e-01  0.5565855626  1.442819e-01 0.9432
1  1.45e-01  0.5562241871  1.442819e-01 0.9432
1  1.58e-01  0.5558265074  1.442819e-01 0.9432
1  1.74e-01  0.5553895037  1.442819e-01 0.9432
1  1.91e-01  0.5549081819  1.442819e-01 0.9432
1  2.09e-01  0.5543793401  1.442819e-01 0.9432
1  2.29e-01  0.5537975875  1.442819e-01 0.9432
1  2.51e-01  0.553157934  1.442819e-01 0.9432
1  2.75e-01  0.5524522771  1.442819e-01 0.9432
1  3.02e-01  0.5516764032  1.442819e-01 0.9432
1  3.31e-01  0.5508209635  1.442819e-01 0.9432
1  3.63e-01  0.5498768661  1.442819e-01 0.9432
1  3.98e-01  0.5488382599  1.442819e-01 0.9432
1  4.37e-01  0.5476914387  1.442819e-01 0.9432
1  4.79e-01  0.5464238866  1.442819e-01 0.9432
1  5.25e-01  0.5450246929  1.442819e-01 0.9432
1  5.75e-01  0.5434809089  1.442819e-01 0.9432
1  6.31e-01  0.5417734716  1.442819e-01 0.9432
1  6.92e-01  0.5398838854  1.442819e-01 0.9432
1  7.59e-01  0.537791813  1.442819e-01 0.9432
1  8.32e-01  0.5354788727  1.442819e-01 0.9432
1  9.12e-01  0.5329127946  1.442819e-01 0.9432
1  1.00e+00  0.5300700898  1.442819e-01 0.9432
1  1.10e+00  0.5269188147  1.442819e-01 0.9432
1  1.20e+00  0.5234241351  1.442819e-01 0.9432
1  1.32e+00  0.5195482561  1.442819e-01 0.9432
1  1.45e+00  0.5152499517  1.442819e-01 0.9432
1  1.58e+00  0.5104871207  1.442819e-01 0.9432
1  1.74e+00  0.5052110831  1.442819e-01 0.9432
1  1.91e+00  0.4993814385  1.442819e-01 0.9432
1  2.09e+00  0.492948546  1.442819e-01 0.9432
1  2.29e+00  0.4858793365  1.442819e-01 0.9432
1  2.51e+00  0.4781289128  1.442819e-01 0.9432
1  2.75e+00  0.4696801357  1.442819e-01 0.9432
1  3.02e+00  0.4605216194  1.442819e-01 0.9432
1  3.31e+00  0.4507106676  1.442819e-01 0.9432
1  3.63e+00  0.4402576389  1.442819e-01 0.9432
1  3.98e+00  0.4293108141  1.442819e-01 0.9432
1  4.37e+00  0.4179667876  1.442819e-01 0.9432
1  4.79e+00  0.4064243855  1.442819e-01 0.9432
1  5.25e+00  0.3948658615  1.442819e-01 0.9432
1  5.75e+00  0.3835406537  1.442819e-01 0.9432
1  6.31e+00  0.3726556501  1.442819e-01 0.9432
1  6.92e+00  0.3624179443  1.442819e-01 0.9432
1  7.59e+00  0.3529596131  1.442819e-01 0.9432
1  8.32e+00  0.3443621577  1.442819e-01 0.9432
1  9.12e+00  0.336748098  1.442819e-01 0.9432
1  1.00e+01  0.3300206907  1.442819e-01 0.9432
1  1.10e+01  0.3242205191  1.442819e-01 0.9432
1  1.20e+01  0.3192625383  1.442819e-01 0.9432
1  1.32e+01  0.3150155132  1.442819e-01 0.9432
1  1.45e+01  0.3114331521  1.442819e-01 0.9432
1  1.58e+01  0.3084039603  1.442819e-01 0.9432
1  1.74e+01  0.3058802681  1.442819e-01 0.9432
1  1.91e+01  0.303741589  1.442819e-01 0.9432
1  2.09e+01  0.3019322303  1.442819e-01 0.9432
1  2.29e+01  0.3003965628  1.442819e-01 0.9432
1  2.51e+01  0.2990690409  1.442819e-01 0.9432
1  2.75e+01  0.2979241358  1.442819e-01 0.9432
1  3.02e+01  0.2969050708  1.442819e-01 0.9432
1  3.31e+01  0.2959992758  1.442819e-01 0.9432
1  3.63e+01  0.2951166463  1.442819e-01 0.9432
1  3.98e+01  0.2943060815  1.442819e-01 0.9432
1  4.37e+01  0.2934878203  1.442819e-01 0.9432
1  4.79e+01  0.2926121994  1.442819e-01 0.9432
1  5.25e+01  0.2917250834  1.442819e-01 0.9432
1  5.75e+01  0.2907131406  1.442819e-01 0.9432
1  6.31e+01  0.2895423119  1.442819e-01 0.9432
1  6.92e+01  0.2881609131  1.442819e-01 0.9432
1  7.59e+01  0.286501847  1.442819e-01 0.9432
1  8.32e+01  0.2843944733  1.442819e-01 0.9432
1  9.12e+01  0.28167175  1.442819e-01 0.9432
1  1.00e+02  0.2780366513  1.442819e-01 0.9432
1  1.10e+02  0.2729805811  1.442819e-01 0.9432
1  1.20e+02  0.2657265257  1.442819e-01 0.9432
1  1.32e+02  0.2549469611  1.442819e-01 0.9432
1  1.45e+02  0.2383929166  1.442819e-01 0.9432
1  1.58e+02  0.2130096691  1.442819e-01 0.9432
1  1.74e+02  0.1767068263  1.442819e-01 0.9432
1  1.91e+02  0.1333905873  1.442819e-01 0.9432
1  2.09e+02  0.0940062346  1.442819e-01 0.9432
1  2.29e+02  0.06608395504  1.442819e-01 0.9432
1  2.51e+02  0.04890202942  1.442819e-01 0.9432
1  2.75e+02  0.03874170186  1.442819e-01 0.9432
1  3.02e+02  0.03265255279  1.442819e-01 0.9432
1  3.31e+02  0.0288897667  1.442819e-01 0.9432
1  3.63e+02  0.02648155415  1.442819e-01 0.9432
1  3.98e+02  0.02488269352  1.442819e-01 0.9432
1  4.37e+02  0.02379726313  1.442819e-01 0.9432
1  4.79e+02  0.02303817149  1.442819e-01 0.9432
1  5.25e+02  0.02249325834  1.442819e-01 0.9432
1  5.75e+02  0.02209903562  1.442819e-01 0.9432
1  6.31e+02  0.02180648627  1.442819e-01 0.9432
1  6.92e+02  0.02158845456  1.442819e-01 0.9432
1  7.59e+02  0.02142133771  1.442819e-01 0.9432
1  8.32e+02  0.02129540388  1.442819e-01 0.9432
1  9.12e+02  0.02119756992  1.442819e-01 0.9432
1  1.00e+03  0.02112016238  1.442819e-01 0.9432
1  1.10e+03  0.02106090717  1.442819e-01 0.9432
1  1.20e+03  0.02101282534  1.442819e-01 0.9432
1  1.32e+03  0.02097576269  1.442819e-01 0.9432
1  1.45e+03  0.02094480237  1.442819e-01 0.9432
1  1.58e+03  0.02092150853  1.442819e-01 0.9432
1  1.74e+03  0.02090186485  1.442819e-01 0.9432
1  1.91e+03  0.02088619929  1.442819e-01 0.9432
1  2.09e+03  0.0208730374  1.442819e-01 0.9432
1  2.29e+03  0.02086296001  1.442819e-01 0.9432
1  2.51e+03  0.02085527178  1.442819e-01 0.9432
1  2.75e+03  0.02084907743  1.442819e-01 0.9432
1  3.02e+03  0.02084277328  1.442819e-01 0.9432
1  3.31e+03  0.02083806584  1.442819e-01 0.9432
1  3.63e+03  0.02083918239  1.442819e-01 0.9432
1  3.98e+03  0.02082729187  1.442819e-01 0.9432
1  4.37e+03  0.02082918119  1.442819e-01 0.9432
1  4.79e+03  0.02082706268  1.442819e-01 0.9432
1  5.25e+03  0.02082428435  1.442819e-01 0.9432
1  5.75e+03  0.02086737627  1.442819e-01 0.9432
1  6.31e+03  0.02091693039  1.442819e-01 0.9432
1  6.92e+03  0.02098281451  1.442819e-01 0.9432
1  7.59e+03  0.02112909209  1.442819e-01 0.9432
1  8.32e+03  0.02125384196  1.442819e-01 0.9432
1  9.12e+03  0.02172344868  1.442819e-01 0.9432
1  1.00e+04  0.02219516135  1.442819e-01 0.9432
1  1.10e+04  0.02322356887  1.442819e-01 0.9432
1  1.20e+04  0.02477674981  1.442819e-01 0.9432
1  1.32e+04  0.02670962534  1.442819e-01 0.9432
1  1.45e+04  0.02981207204  1.442819e-01 0.9432
1  1.58e+04  0.03417558982  1.442819e-01 0.9432
1  1.74e+04  0.03876410825  1.442819e-01 0.9432
1  1.91e+04  0.04549176913  1.442819e-01 0.9432
1  2.09e+04  0.05333050941  1.442819e-01 0.9432
1  2.29e+04  0.06230712878  1.442819e-01 0.9432
1  2.51e+04  0.07282367826  1.442819e-01 0.9432
1  2.75e+04  0.08501083902  1.442819e-01 0.9432
1  3.02e+04  0.09863807174  1.442819e-01 0.9432
1  3.31e+04  0.1139778452  1.442819e-01 0.9432
1  3.63e+04  0.1305492046  1.442819e-01 0.9432
1  3.98e+04  0.1460903099  1.442819e-01 0.9432
1  4.37e+04  0.1647474829  1.442819e-01 0.9432
1  4.79e+04  0.1830103596  1.442819e-01 0.9432
1  5.25e+04  0.2009574135  1.442819e-01 0.9432
1  5.75e+04  0.2196810765  1.442819e-01 0.9432
1  6.31e+04  0.2403492938  1.442819e-01 0.9432
1  6.92e+04  0.2559797584  1.442819e-01 0.9432
1  7.59e+04  0.2750886191  1.442819e-01 0.9432
1  8.32e+04  0.2965687103  1.442819e-01 0.9432
1  9.12e+04  0.3119416795  1.442819e-01 0.9432
1  1.00e+05  0.3255017538  1.442819e-01 0.9432
1  1.10e+05  0.3421993809  1.442819e-01 0.9432
1  1.20e+05  0.3607937436  1.442819e-01 0.9432
1  1.32e+05  0.3783754362  1.442819e-01 0.9432
1  1.45e+05  0.3928211857  1.442819e-01 0.9432
1  1.58e+05  0.4040900097  1.442819e-01 0.9432
1  1.74e+05  0.4136812538  1.442819e-01 0.9432
1  1.91e+05  0.4230480247  1.442819e-01 0.9432
1  2.09e+05  0.4328452784  1.442819e-01 0.9432
1  2.29e+05  0.4431147554  1.442819e-01 0.9432
1  2.51e+05  0.4536396995  1.442819e-01 0.9432
1  2.75e+05  0.4641248589  1.442819e-01 0.9432
1  3.02e+05  0.4742695244  1.442819e-01 0.9432
1  3.31e+05  0.4838198619  1.442819e-01 0.9432
1  3.63e+05  0.4926046071  1.442819e-01 0.9432
1  3.98e+05  0.5005416075  1.442819e-01 0.9432
1  4.37e+05  0.5076211667  1.442819e-01 0.9432
1  4.79e+05  0.5138813074  1.442819e-01 0.9432
1  5.25e+05  0.5193859047  1.442819e-01 0.9432
1  5.75e+05  0.5242094825  1.442819e-01 0.9432
1  6.31e+05  0.5284281083  1.442819e-01 0.9432
1  6.92e+05  0.532114501  1.442819e-01 0.9432
1  7.59e+05  0.5353356655  1.442819e-01 0.9432
1  8.32e+05  0.5381519435  1.442819e-01 0.9432
1  9.12e+05  0.5406168412  1.442819e-01 0.9432
1  1.00e+06  0.5427772813  1.442819e-01 0.9432
1  1.10e+06  0.5446740823  1.442819e-01 0.9432
1  1.20e+06  0.5463425463  1.442819e-01 0.9432
1  1.32e+06  0.5478130826  1.442819e-01 0.9432
1  1.45e+06  0.5491118197  1.442819e-01 0.9432
1  1.58e+06  0.5502611794  1.442819e-01 0.9432
1  1.74e+06  0.5512803971  1.442819e-01 0.9432
1  1.91e+06  0.5521859863  1.442819e-01 0.9432
1  2.09e+06  0.5529921333  1.442819e-01 0.9432
1  2.29e+06  0.5537110469  1.442819e-01 0.9432
1  2.51e+06  0.5543532604  1.442819e-01 0.9432
1  2.75e+06  0.5549278778  1.442819e-01 0.9432
1  3.02e+06  0.555442788  1.442819e-01 0.9432
1  3.31e+06  0.5559048434  1.442819e-01 0.9432
1  3.63e+06  0.5563200124  1.442819e-01 0.9432
1  3.98e+06  0.5566935056  1.442819e-01 0.9432
1  4.37e+06  0.5570298848  1.442819e-01 0.9432
1  4.79e+06  0.5573331533  1.442819e-01 0.9432
1  5.25e+06  0.557606833  1.442819e-01 0.9432
1  5.75e+06  0.5578540293  1.442819e-01 0.9432
1  6.31e+06  0.5580774872  1.442819e-01 0.9432
1  6.92e+06  0.5582796376  1.442819e-01 0.9432
1  7.59e+06  0.5584626384  1.442819e-01 0.9432
1  8.32e+06  0.5586284085  1.442819e-01 0.9432
1  9.12e+06  0.5587786574  1.442819e-01 0.9432
1  1.00e+07  0.5589149108  1.442819e-01 0.9432
