1  1.00e-03  0.5572163766  1.604355e-01 1.0488
1  1.10e-03  0.5572137289  1.604355e-01 1.0488
1  1.20e-03  0.5572108581  1.604355e-01 1.0488
1  1.32e-03  0.5572076473  1.604355e-01 1.0488
1  1.45e-03  0.5572040852  1.604355e-01 1.0488
1  1.58e-03  0.5572002561  1.604355e-01 1.0488
1  1.74e-03  0.5571961139  1.604355e-01 1.0488
1  1.91e-03  0.5571914761  1.604355e-01 1.0488
1  2.09e-03  0.55718634  1.604355e-01 1.0488
1  2.29e-03  0.557180849  1.604355e-01 1.0488
1  2.51e-03  0.5571747252  1.604355e-01 1.0488
1  2.75e-03  0.5571680631  1.604355e-01 1.0488
1  3.02e-03  0.5571607277  1.604355e-01 1.0488
1  3.31e-03  0.5571527015  1.604355e-01 1.0488
1  3.63e-03  0.5571439132  1.604355e-01 1.0488
1  3.98e-03  0.557134239  1.604355e-01 1.0488
1  4.37e-03  0.5571236657  1.604355e-01 1.0488
1  4.79e-03  0.5571120573  1.604355e-01 1.0488
1  5.25e-03  0.5570993103  1.604355e-01 1.0488
1  5.75e-03  0.5570853571  1.604355e-01 1.0488
1  6.31e-03  0.5570700537  1.604355e-01 1.0488
1  6.92e-03  0.5570532531  1.604355e-01 1.0488
1  7.59e-03  0.5570348139  1.604355e-01 1.0488
1  8.32e-03  0.5570146144  1.604355e-01 1.0488
1  9.12e-03  0.5569924651  1.604355e-01 1.0488
1  1.00e-02  0.5569682043  1.604355e-01 1.0488
1  1.10e-02  0.5569415302  1.604355e-01 1.0488
1  1.20e-02  0.5569123293  1.604355e-01 1.0488
1  1.32e-02  0.5568802637  1.604355e-01 1.0488
1  1.45e-02  0.5568451187  1.604355e-01 1.0488
1  1.58e-02  0.5568065747  1.604355e-01 1.0488
1  1.74e-02  0.5567643585  1.604355e-01 1.0488
1  1.91e-02  0.5567179936  1.604355e-01 1.0488
1  2.09e-02  0.5566671377  1.604355e-01 1.0488
1  2.29e-02  0.556611352  1.604355e-01 1.0488
1  2.51e-02  0.5565501743  1.604355e-01 1.0488
1  2.75e-02  0.556483007  1.604355e-01 1.0488
1  3.02e-02  0.5564094183  1.604355e-01 1.0488
1  3.31e-02  0.5563285819  1.604355e-01 1.0488
1  3.63e-02  0.5562399238  1.604355e-01 1.0488
1  3.98e-02  0.5561426098  1.604355e-01 1.0488
1  4.37e-02  0.556036005  1.604355e-01 1.0488
1  4.79e-02  0.5559189794  1.604355e-01 1.0488
1  5.25e-02  0.5557903826  1.604355e-01 1.0488
1  5.75e-02  0.5556492874  1.604355e-01 1.0488
1  6.31e-02  0.5554947125  1.604355e-01 1.0488
1  6.92e-02  0.5553248485  1.604355e-01 1.0488
1  7.59e-02  0.5551383348  1.604355e-01 1.0488
1  8.32e-02  0.5549333495  1.604355e-01 1.0488
1  9.12e-02  0.5547086472  1.604355e-01 1.0488
1  1.00e-01  0.5544614368  1.604355e-01 1.0488
1  1.10e-01  0.5541904798  1.604355e-01 1.0488
1  1.20e-01  0.5538923179  1.604355e-01 1.0488
1  1.32e-01  0.5535648927  1.604355e-01 1.0488
1  1.45e-01  0.5532051233  1.604355e-01 1.0488
1  1.58e-01  0.5528095703  1.604355e-01 1.0488
1  1.74e-01  0.5523748147  1.604355e-01 1.0488
1  1.91e-01  0.5518974888  1.604355e-01 1.0488
1  2.09e-01  0.5513716296  1.604355e-01 1.0488
1  2.29e-01  0.5507931261  1.604355e-01 1.0488
1  2.51e-01  0.5501559697  1.604355e-01 1.0488
1  2.75e-01  0.5494547233  1.604355e-01 1.0488
1  3.02e-01  0.5486828449  1.604355e-01 1.0488
1  3.31e-01  0.5478320389  1.604355e-01 1.0488
1  3.63e-01  0.5468948016  1.604355e-01 1.0488
1  3.98e-01  0.5458601817  1.604355e-01 1.0488
1  4.37e-01  0.5447186852  1.604355e-01 1.0488
1  4.79e-01  0.5434612137  1.604355e-01 1.0488
1  5.25e-01  0.5420711326  1.604355e-01 1.0488
1  5.75e-01  0.5405331543  1.604355e-01 1.0488
1  6.31e-01  0.5388355333  1.604355e-01 1.0488
1  6.92e-01  0.5369565193  1.604355e-01 1.0488
1  7.59e-01  0.5348802077  1.604355e-01 1.0488
1  8.32e-01  0.5325761362  1.604355e-01 1.0488
1  9.12e-01  0.5300283576  1.604355e-01 1.0488
1  1.00e+00  0.5272022338  1.604355e-01 1.0488
1  1.10e+00  0.5240701516  1.604355e-01 1.0488
1  1.20e+00  0.5205963605  1.604355e-01 1.0488
1  1.32e+00  0.5167449934  1.604355e-01 1.0488
1  1.45e+00  0.5124741926  1.604355e-01 1.0488
1  1.58e+00  0.5077436689  1.604355e-01 1.0488
1  1.74e+00  0.5025040635  1.604355e-01 1.0488
1  1.91e+00  0.4967088221  1.604355e-01 1.0488
1  2.09e+00  0.4903168497  1.604355e-01 1.0488
1  2.29e+00  0.4832754501  1.604355e-01 1.0488
1  2.51e+00  0.4755755068  1.604355e-01 1.0488
1  2.75e+00  0.4671618268  1.604355e-01 1.0488
1  3.02e+00  0.4580651048  1.604355e-01 1.0488
1  3.31e+00  0.4482915387  1.604355e-01 1.0488
1  3.63e+00  0.4378798301  1.604355e-01 1.0488
1  3.98e+00  0.4269645407  1.604355e-01 1.0488
1  4.37e+00  0.4156486878  1.604355e-01 1.0488
1  4.79e+00  0.4041215205  1.604355e-01 1.0488
1  5.25e+00  0.3925600671  1.604355e-01 1.0488
1  5.75e+00  0.3812237736  1.604355e-01 1.0488
1  6.31e+00  0.3703382795  1.604355e-01 1.0488
1  6.92e+00  0.3600518851  1.604355e-01 1.0488
1  7.59e+00  0.3505270423  1.604355e-01 1.0488
1  8.32e+00  0.3419276533  1.604355e-01 1.0488
1  9.12e+00  0.3342135248  1.604355e-01 1.0488
1  1.00e+01  0.3274770135  1.604355e-01 1.0488
1  1.10e+01  0.3216167495  1.604355e-01 1.0488
1  1.20e+01  0.3165491861  1.604355e-01 1.0488
1  1.32e+01  0.3123050772  1.604355e-01 1.0488
1  1.45e+01  0.3086708868  1.604355e-01 1.0488
1  1.58e+01  0.3055814088  1.604355e-01 1.0488
1  1.74e+01  0.3030165973  1.604355e-01 1.0488
1  1.91e+01  0.3008369159  1.604355e-01 1.0488
1  2.09e+01  0.2989636087  1.604355e-01 1.0488
1  2.29e+01  0.2973802013  1.604355e-01 1.0488
1  2.51e+01  0.2960213048  1.604355e-01 1.0488
1  2.75e+01  0.2948162456  1.604355e-01 1.0488
1  3.02e+01  0.293755395  1.604355e-01 1.0488
1  3.31e+01  0.2927462877  1.604355e-01 1.0488
1  3.63e+01  0.2918320983  1.604355e-01 1.0488
1  3.98e+01  0.2909102901  1.604355e-01 1.0488
1  4.37e+01  0.2899861133  1.604355e-01 1.0488
1  4.79e+01  0.2890379406  1.604355e-01 1.0488
1  5.25e+01  0.2879999535  1.604355e-01 1.0488
1  5.75e+01  0.2868294328  1.604355e-01 1.0488
1  6.31e+01  0.2855067265  1.604355e-01 1.0488
1  6.92e+01  0.2838986359  1.604355e-01 1.0488
1  7.59e+01  0.2819685546  1.604355e-01 1.0488
1  8.32e+01  0.2795347449  1.604355e-01 1.0488
1  9.12e+01  0.2764005635  1.604355e-01 1.0488
1  1.00e+02  0.2722725746  1.604355e-01 1.0488
1  1.10e+02  0.2665886665  1.604355e-01 1.0488
1  1.20e+02  0.2586374723  1.604355e-01 1.0488
1  1.32e+02  0.2470927765  1.604355e-01 1.0488
1  1.45e+02  0.230132581  1.604355e-01 1.0488
1  1.58e+02  0.2055363711  1.604355e-01 1.0488
1  1.74e+02  0.1723673018  1.604355e-01 1.0488
1  1.91e+02  0.1343138508  1.604355e-01 1.0488
1  2.09e+02  0.09937039009  1.604355e-01 1.0488
1  2.29e+02  0.07337899719  1.604355e-01 1.0488
1  2.51e+02  0.05637252905  1.604355e-01 1.0488
1  2.75e+02  0.04578795506  1.604355e-01 1.0488
1  3.02e+02  0.03921870066  1.604355e-01 1.0488
1  3.31e+02  0.03504303213  1.604355e-01 1.0488
1  3.63e+02  0.03232188553  1.604355e-01 1.0488
1  3.98e+02  0.03049708315  1.604355e-01 1.0488
1  4.37e+02  0.02924228022  1.604355e-01 1.0488
1  4.79e+02  0.02836027133  1.604355e-01 1.0488
1  5.25e+02  0.02772499511  1.604355e-01 1.0488
1  5.75e+02  0.02726076155  1.604355e-01 1.0488
1  6.31e+02  0.02691606505  1.604355e-01 1.0488
1  6.92e+02  0.02665582045  1.604355e-01 1.0488
1  7.59e+02  0.02645853053  1.604355e-01 1.0488
1  8.32e+02  0.02630902197  1.604355e-01 1.0488
1  9.12e+02  0.0261919383  1.604355e-01 1.0488
1  1.00e+03  0.02610081766  1.604355e-01 1.0488
1  1.10e+03  0.02602934009  1.604355e-01 1.0488
1  1.20e+03  0.02597259773  1.604355e-01 1.0488
1  1.32e+03  0.02592788632  1.604355e-01 1.0488
1  1.45e+03  0.02589267662  1.604355e-01 1.0488
1  1.58e+03  0.02586301422  1.604355e-01 1.0488
1  1.74e+03  0.02584044925  1.604355e-01 1.0488
1  1.91e+03  0.02582195654  1.604355e-01 1.0488
1  2.09e+03  0.02580654332  1.604355e-01 1.0488
1  2.29e+03  0.02579546422  1.604355e-01 1.0488
1  2.51e+03  0.02578402108  1.604355e-01 1.0488
1  2.75e+03  0.02577604972  1.604355e-01 1.0488
1  3.02e+03  0.02576948342  1.604355e-01 1.0488
1  3.31e+03  0.02576521901  1.604355e-01 1.0488
1  3.63e+03  0.02576234975  1.604355e-01 1.0488
1  3.98e+03  0.02575775494  1.604355e-01 1.0488
1  4.37e+03  0.0257520933  1.604355e-01 1.0488
1  4.79e+03  0.02574790954  1.604355e-01 1.0488
1  5.25e+03  0.02575796983  1.604355e-01 1.0488
1  5.75e+03  0.02574218151  1.604355e-01 1.0488
1  6.31e+03  0.02574567601  1.604355e-01 1.0488
1  6.92e+03  0.02575213245  1.604355e-01 1.0488
1  7.59e+03  0.02576133192  1.604355e-01 1.0488
1  8.32e+03  0.02587711851  1.604355e-01 1.0488
1  9.12e+03  0.02590106128  1.604355e-01 1.0488
1  1.00e+04  0.02620872412  1.604355e-01 1.0488
1  1.10e+04  0.02660261409  1.604355e-01 1.0488
1  1.20e+04  0.0272167731  1.604355e-01 1.0488
1  1.32e+04  0.02810797685  1.604355e-01 1.0488
1  1.45e+04  0.029340284  1.604355e-01 1.0488
1  1.58e+04  0.0315833036  1.604355e-01 1.0488
1  1.74e+04  0.03434750377  1.604355e-01 1.0488
1  1.91e+04  0.03819043244  1.604355e-01 1.0488
1  2.09e+04  0.04302321414  1.604355e-01 1.0488
1  2.29e+04  0.04950164953  1.604355e-01 1.0488
1  2.51e+04  0.05696939532  1.604355e-01 1.0488
1  2.75e+04  0.06590903361  1.604355e-01 1.0488
1  3.02e+04  0.07644347258  1.604355e-01 1.0488
1  3.31e+04  0.08885329297  1.604355e-01 1.0488
1  3.63e+04  0.1024912794  1.604355e-01 1.0488
1  3.98e+04  0.1154149977  1.604355e-01 1.0488
1  4.37e+04  0.1322993562  1.604355e-01 1.0488
1  4.79e+04  0.1489259955  1.604355e-01 1.0488
1  5.25e+04  0.1657070033  1.604355e-01 1.0488
1  5.75e+04  0.1833415273  1.604355e-01 1.0488
1  6.31e+04  0.2038787158  1.604355e-01 1.0488
1  6.92e+04  0.2191586324  1.604355e-01 1.0488
1  7.59e+04  0.2383071665  1.604355e-01 1.0488
1  8.32e+04  0.260714451  1.604355e-01 1.0488
1  9.12e+04  0.2767014423  1.604355e-01 1.0488
1  1.00e+05  0.2908309157  1.604355e-01 1.0488
1  1.10e+05  0.3084566919  1.604355e-01 1.0488
1  1.20e+05  0.328614998  1.604355e-01 1.0488
1  1.32e+05  0.3480214562  1.604355e-01 1.0488
1  1.45e+05  0.3640152275  1.604355e-01 1.0488
1  1.58e+05  0.3764666365  1.604355e-01 1.0488
1  1.74e+05  0.38707746  1.604355e-01 1.0488
1  1.91e+05  0.3974965272  1.604355e-01 1.0488
1  2.09e+05  0.4084821862  1.604355e-01 1.0488
1  2.29e+05  0.420107035  1.604355e-01 1.0488
1  2.51e+05  0.4321337717  1.604355e-01 1.0488
1  2.75e+05  0.4442115279  1.604355e-01 1.0488
1  3.02e+05  0.4559701464  1.604355e-01 1.0488
1  3.31e+05  0.4670925297  1.604355e-01 1.0488
1  3.63e+05  0.4773613177  1.604355e-01 1.0488
1  3.98e+05  0.486667088  1.604355e-01 1.0488
1  4.37e+05  0.4949881954  1.604355e-01 1.0488
1  4.79e+05  0.5023612591  1.604355e-01 1.0488
1  5.25e+05  0.5088552136  1.604355e-01 1.0488
1  5.75e+05  0.5145532044  1.604355e-01 1.0488
1  6.31e+05  0.5195415963  1.604355e-01 1.0488
1  6.92e+05  0.5239039068  1.604355e-01 1.0488
1  7.59e+05  0.5277177307  1.604355e-01 1.0488
1  8.32e+05  0.5310533787  1.604355e-01 1.0488
1  9.12e+05  0.5339734883  1.604355e-01 1.0488
1  1.00e+06  0.5365331855  1.604355e-01 1.0488
1  1.10e+06  0.5387805557  1.604355e-01 1.0488
1  1.20e+06  0.540757274  1.604355e-01 1.0488
1  1.32e+06  0.5424992975  1.604355e-01 1.0488
1  1.45e+06  0.5440375615  1.604355e-01 1.0488
1  1.58e+06  0.545398638  1.604355e-01 1.0488
1  1.74e+06  0.5466053403  1.604355e-01 1.0488
1  1.91e+06  0.5476772637  1.604355e-01 1.0488
1  2.09e+06  0.5486312487  1.604355e-01 1.0488
1  2.29e+06  0.5494817932  1.604355e-01 1.0488
1  2.51e+06  0.5502414061  1.604355e-01 1.0488
1  2.75e+06  0.5509208997  1.604355e-01 1.0488
1  3.02e+06  0.5515296426  1.604355e-01 1.0488
1  3.31e+06  0.5520757718  1.604355e-01 1.0488
1  3.63e+06  0.5525663733  1.604355e-01 1.0488
1  3.98e+06  0.5530076322  1.604355e-01 1.0488
1  4.37e+06  0.5534049621  1.604355e-01 1.0488
1  4.79e+06  0.5537631124  1.604355e-01 1.0488
1  5.25e+06  0.5540862601  1.604355e-01 1.0488
1  5.75e+06  0.5543780875  1.604355e-01 1.0488
1  6.31e+06  0.554641848  1.604355e-01 1.0488
1  6.92e+06  0.5548804222  1.604355e-01 1.0488
1  7.59e+06  0.5550963661  1.604355e-01 1.0488
1  8.32e+06  0.5552919519  1.604355e-01 1.0488
1  9.12e+06  0.5554692033  1.604355e-01 1.0488
1  1.00e+07  0.555629926  1.604355e-01 1.0488
