1  1.00e-03  0.5604537188  1.431805e-01 0.936
1  1.26e-03  0.5604466541  1.431805e-01 0.936
1  1.58e-03  0.5604374953  1.431805e-01 0.936
1  2.00e-03  0.5604261559  1.431805e-01 0.936
1  2.51e-03  0.5604118103  1.431805e-01 0.936
1  3.16e-03  0.5603938285  1.431805e-01 0.936
1  3.98e-03  0.5603711038  1.431805e-01 0.936
1  5.01e-03  0.5603425297  1.431805e-01 0.936
1  6.31e-03  0.5603065335  1.431805e-01 0.936
1  7.94e-03  0.5602612157  1.431805e-01 0.936
1  1.00e-02  0.5602041005  1.431805e-01 0.936
1  1.26e-02  0.5601321919  1.431805e-01 0.936
1  1.58e-02  0.5600416242  1.431805e-01 0.936
1  2.00e-02  0.5599275404  1.431805e-01 0.936
1  2.51e-02  0.5597836822  1.431805e-01 0.936
1  3.16e-02  0.5596024285  1.431805e-01 0.936
1  3.98e-02  0.5593740325  1.431805e-01 0.936
1  5.01e-02  0.5590859108  1.431805e-01 0.936
1  6.31e-02  0.558722276  1.431805e-01 0.936
1  7.94e-02  0.5582633684  1.431805e-01 0.936
1  1.00e-01  0.5576835237  1.431805e-01 0.936
1  1.26e-01  0.5569503861  1.431805e-01 0.936
1  1.58e-01  0.5560222748  1.431805e-01 0.936
1  2.00e-01  0.5548455948  1.431805e-01 0.936
1  2.51e-01  0.5533529457  1.431805e-01 0.936
1  3.16e-01  0.5514530866  1.431805e-01 0.936
1  3.98e-01  0.5490317697  1.431805e-01 0.936
1  5.01e-01  0.5459335518  1.431805e-01 0.936
1  6.31e-01  0.5419644268  1.431805e-01 0.936
1  7.94e-01  0.5368522148  1.431805e-01 0.936
1  1.00e+00  0.5302558534  1.431805e-01 0.936
1  1.26e+00  0.5217203105  1.431805e-01 0.936
1  1.58e+00  0.5106649735  1.431805e-01 0.936
1  2.00e+00  0.4964202349  1.431805e-01 0.936
1  2.51e+00  0.4782945291  1.431805e-01 0.936
1  3.16e+00  0.455857839  1.431805e-01 0.936
1  3.98e+00  0.4294716361  1.431805e-01 0.936
1  5.01e+00  0.4007758776  1.431805e-01 0.936
1  6.31e+00  0.3728071051  1.431805e-01 0.936
1  7.94e+00  0.3486963511  1.431805e-01 0.936
1  1.00e+01  0.3301898446  1.431805e-01 0.936
1  1.26e+01  0.3172076273  1.431805e-01 0.936
1  1.58e+01  0.3085890063  1.431805e-01 0.936
1  2.00e+01  0.3030072235  1.431805e-01 0.936
1  2.51e+01  0.2992733824  1.431805e-01 0.936
1  3.16e+01  0.296653138  1.431805e-01 0.936
1  3.98e+01  0.294532932  1.431805e-01 0.936
1  5.01e+01  0.2924302552  1.431805e-01 0.936
1  6.31e+01  0.2898179902  1.431805e-01 0.936
1  7.94e+01  0.2858133946  1.431805e-01 0.936
1  1.00e+02  0.278413746  1.431805e-01 0.936
1  1.26e+02  0.2614073914  1.431805e-01 0.936
1  1.58e+02  0.2135721264  1.431805e-01 0.936
1  2.00e+02  0.1122673387  1.431805e-01 0.936
1  2.51e+02  0.04839256977  1.431805e-01 0.936
1  3.16e+02  0.03013587264  1.431805e-01 0.936
1  3.98e+02  0.02452203647  1.431805e-01 0.936
1  5.01e+02  0.02240387626  1.431805e-01 0.936
1  6.31e+02  0.02147832908  1.431805e-01 0.936
1  7.94e+02  0.02103107191  1.431805e-01 0.936
1  1.00e+03  0.02080059034  1.431805e-01 0.936
1  1.26e+03  0.02067330116  1.431805e-01 0.936
1  1.58e+03  0.02060349376  1.431805e-01 0.936
1  2.00e+03  0.02056156091  1.431805e-01 0.936
1  2.51e+03  0.02053810216  1.431805e-01 0.936
1  3.16e+03  0.0205246404  1.431805e-01 0.936
1  3.98e+03  0.02051050135  1.431805e-01 0.936
1  5.01e+03  0.02050121094  1.431805e-01 0.936
1  6.31e+03  0.02061505095  1.431805e-01 0.936
1  7.94e+03  0.02085679079  1.431805e-01 0.936
1  1.00e+04  0.02200667905  1.431805e-01 0.936
1  1.26e+04  0.02565569959  1.431805e-01 0.936
1  1.58e+04  0.03456286197  1.431805e-01 0.936
1  2.00e+04  0.04996418109  1.431805e-01 0.936
1  2.51e+04  0.07425530558  1.431805e-01 0.936
1  3.16e+04  0.1087614762  1.431805e-01 0.936
1  3.98e+04  0.148491984  1.431805e-01 0.936
1  5.01e+04  0.1962156927  1.431805e-01 0.936
1  6.31e+04  0.2430065611  1.431805e-01 0.936
1  7.94e+04  0.2888533297  1.431805e-01 0.936
1  1.00e+05  0.3279246016  1.431805e-01 0.936
1  1.26e+05  0.3720302419  1.431805e-01 0.936
1  1.58e+05  0.4059674676  1.431805e-01 0.936
1  2.00e+05  0.4295645715  1.431805e-01 0.936
1  2.51e+05  0.455077841  1.431805e-01 0.936
1  3.16e+05  0.4802947163  1.431805e-01 0.936
1  3.98e+05  0.5014584477  1.431805e-01 0.936
1  5.01e+05  0.5174481228  1.431805e-01 0.936
1  6.31e+05  0.5290111427  1.431805e-01 0.936
1  7.94e+05  0.5372719822  1.431805e-01 0.936
1  1.00e+06  0.5431852443  1.431805e-01 0.936
1  1.26e+06  0.5474560998  1.431805e-01 0.936
1  1.58e+06  0.5505780872  1.431805e-01 0.936
1  2.00e+06  0.5528893307  1.431805e-01 0.936
1  2.51e+06  0.5546208414  1.431805e-01 0.936
1  3.16e+06  0.5559317408  1.431805e-01 0.936
1  3.98e+06  0.5569331462  1.431805e-01 0.936
1  5.01e+06  0.5577038758  1.431805e-01 0.936
1  6.31e+06  0.5583007325  1.431805e-01 0.936
1  7.94e+06  0.5587652684  1.431805e-01 0.936
1  1.00e+07  0.559128292  1.431805e-01 0.936
