1  1.00e-03  0.5566351371  1.633726e-01 1.068
1  1.26e-03  0.5566281255  1.633726e-01 1.068
1  1.58e-03  0.5566190339  1.633726e-01 1.068
1  2.00e-03  0.5566077649  1.633726e-01 1.068
1  2.51e-03  0.5565935341  1.633726e-01 1.068
1  3.16e-03  0.556575664  1.633726e-01 1.068
1  3.98e-03  0.5565530883  1.633726e-01 1.068
1  5.01e-03  0.5565247041  1.633726e-01 1.068
1  6.31e-03  0.5564889641  1.633726e-01 1.068
1  7.94e-03  0.5564439416  1.633726e-01 1.068
1  1.00e-02  0.5563872085  1.633726e-01 1.068
1  1.26e-02  0.5563157851  1.633726e-01 1.068
1  1.58e-02  0.5562257596  1.633726e-01 1.068
1  2.00e-02  0.5561124147  1.633726e-01 1.068
1  2.51e-02  0.5559696026  1.633726e-01 1.068
1  3.16e-02  0.5557894679  1.633726e-01 1.068
1  3.98e-02  0.5555625192  1.633726e-01 1.068
1  5.01e-02  0.555276387  1.633726e-01 1.068
1  6.31e-02  0.5549152772  1.633726e-01 1.068
1  7.94e-02  0.5544591669  1.633726e-01 1.068
1  1.00e-01  0.5538831526  1.633726e-01 1.068
1  1.26e-01  0.5531548975  1.633726e-01 1.068
1  1.58e-01  0.5522330045  1.633726e-01 1.068
1  2.00e-01  0.5510646448  1.633726e-01 1.068
1  2.51e-01  0.5495824823  1.633726e-01 1.068
1  3.16e-01  0.5476951445  1.633726e-01 1.068
1  3.98e-01  0.5452916218  1.633726e-01 1.068
1  5.01e-01  0.5422166614  1.633726e-01 1.068
1  6.31e-01  0.5382752966  1.633726e-01 1.068
1  7.94e-01  0.5332014301  1.633726e-01 1.068
1  1.00e+00  0.5266537111  1.633726e-01 1.068
1  1.26e+00  0.5181812594  1.633726e-01 1.068
1  1.58e+00  0.5072177845  1.633726e-01 1.068
1  2.00e+00  0.4930814672  1.633726e-01 1.068
1  2.51e+00  0.4750867834  1.633726e-01 1.068
1  3.16e+00  0.452798168  1.633726e-01 1.068
1  3.98e+00  0.4265177541  1.633726e-01 1.068
1  5.01e+00  0.3978936399  1.633726e-01 1.068
1  6.31e+00  0.3698967271  1.633726e-01 1.068
1  7.94e+00  0.3456619182  1.633726e-01 1.068
1  1.00e+01  0.3269819732  1.633726e-01 1.068
1  1.26e+01  0.3138346936  1.633726e-01 1.068
1  1.58e+01  0.3050541751  1.633726e-01 1.068
1  2.00e+01  0.299297339  1.633726e-01 1.068
1  2.51e+01  0.2954556124  1.633726e-01 1.068
1  3.16e+01  0.2926223019  1.633726e-01 1.068
1  3.98e+01  0.290283788  1.633726e-01 1.068
1  5.01e+01  0.2878437472  1.633726e-01 1.068
1  6.31e+01  0.2847235893  1.633726e-01 1.068
1  7.94e+01  0.2799616869  1.633726e-01 1.068
1  1.00e+02  0.2711883623  1.633726e-01 1.068
1  1.26e+02  0.2520628635  1.633726e-01 1.068
1  1.58e+02  0.2042994361  1.633726e-01 1.068
1  2.00e+02  0.1165530523  1.633726e-01 1.068
1  2.51e+02  0.05772014391  1.633726e-01 1.068
1  3.16e+02  0.03810147351  1.633726e-01 1.068
1  3.98e+02  0.03157617817  1.633726e-01 1.068
1  5.01e+02  0.0290287539  1.633726e-01 1.068
1  6.31e+02  0.0279000661  1.633726e-01 1.068
1  7.94e+02  0.02734923223  1.633726e-01 1.068
1  1.00e+03  0.02706266095  1.633726e-01 1.068
1  1.26e+03  0.02690651574  1.633726e-01 1.068
1  1.58e+03  0.02681874913  1.633726e-01 1.068
1  2.00e+03  0.02676735581  1.633726e-01 1.068
1  2.51e+03  0.02673738622  1.633726e-01 1.068
1  3.16e+03  0.02671975695  1.633726e-01 1.068
1  3.98e+03  0.02670845794  1.633726e-01 1.068
1  5.01e+03  0.02670191128  1.633726e-01 1.068
1  6.31e+03  0.02670331363  1.633726e-01 1.068
1  7.94e+03  0.02676959433  1.633726e-01 1.068
1  1.00e+04  0.02707859007  1.633726e-01 1.068
1  1.26e+04  0.02825989597  1.633726e-01 1.068
1  1.58e+04  0.03163657724  1.633726e-01 1.068
1  2.00e+04  0.04008662152  1.633726e-01 1.068
1  2.51e+04  0.05500745088  1.633726e-01 1.068
1  3.16e+04  0.07894832152  1.633726e-01 1.068
1  3.98e+04  0.1107514902  1.633726e-01 1.068
1  5.01e+04  0.153187331  1.633726e-01 1.068
1  6.31e+04  0.1977929167  1.633726e-01 1.068
1  7.94e+04  0.2437193544  1.633726e-01 1.068
1  1.00e+05  0.2847450521  1.633726e-01 1.068
1  1.26e+05  0.3330265266  1.633726e-01 1.068
1  1.58e+05  0.3714562728  1.633726e-01 1.068
1  2.00e+05  0.3983295494  1.633726e-01 1.068
1  2.51e+05  0.4281589539  1.633726e-01 1.068
1  3.16e+05  0.4583670399  1.633726e-01 1.068
1  3.98e+05  0.4840673889  1.633726e-01 1.068
1  5.01e+05  0.5036404077  1.633726e-01 1.068
1  6.31e+05  0.5178628198  1.633726e-01 1.068
1  7.94e+05  0.5280490516  1.633726e-01 1.068
1  1.00e+06  0.5353479811  1.633726e-01 1.068
1  1.26e+06  0.5406203562  1.633726e-01 1.068
1  1.58e+06  0.5444730547  1.633726e-01 1.068
1  2.00e+06  0.5473234813  1.633726e-01 1.068
1  2.51e+06  0.5494573817  1.633726e-01 1.068
1  3.16e+06  0.5510717369  1.633726e-01 1.068
1  3.98e+06  0.5523041017  1.633726e-01 1.068
1  5.01e+06  0.5532520002  1.633726e-01 1.068
1  6.31e+06  0.5539856609  1.633726e-01 1.068
1  7.94e+06  0.5545564094  1.633726e-01 1.068
1  1.00e+07  0.5550022638  1.633726e-01 1.068
