1  1.00e-03  0.5602893483  1.440983e-01 0.9420000000000001
1  1.06e-03  0.5602876999  1.440983e-01 0.9420000000000001
1  1.12e-03  0.5602859753  1.440983e-01 0.9420000000000001
1  1.19e-03  0.5602842284  1.440983e-01 0.9420000000000001
1  1.26e-03  0.5602822864  1.440983e-01 0.9420000000000001
1  1.33e-03  0.5602801878  1.440983e-01 0.9420000000000001
1  1.41e-03  0.5602780249  1.440983e-01 0.9420000000000001
1  1.50e-03  0.5602756893  1.440983e-01 0.9420000000000001
1  1.58e-03  0.5602731296  1.440983e-01 0.9420000000000001
1  1.68e-03  0.5602705936  1.440983e-01 0.9420000000000001
1  1.78e-03  0.5602677945  1.440983e-01 0.9420000000000001
1  1.88e-03  0.5602648478  1.440983e-01 0.9420000000000001
1  2.00e-03  0.5602617942  1.440983e-01 0.9420000000000001
1  2.11e-03  0.5602584868  1.440983e-01 0.9420000000000001
1  2.24e-03  0.5602550222  1.440983e-01 0.9420000000000001
1  2.37e-03  0.5602514179  1.440983e-01 0.9420000000000001
1  2.51e-03  0.5602474527  1.440983e-01 0.9420000000000001
1  2.66e-03  0.5602433513  1.440983e-01 0.9420000000000001
1  2.82e-03  0.5602389641  1.440983e-01 0.9420000000000001
1  2.99e-03  0.5602343501  1.440983e-01 0.9420000000000001
1  3.16e-03  0.5602294775  1.440983e-01 0.9420000000000001
1  3.35e-03  0.5602242654  1.440983e-01 0.9420000000000001
1  3.55e-03  0.5602187857  1.440983e-01 0.9420000000000001
1  3.76e-03  0.560212926  1.440983e-01 0.9420000000000001
1  3.98e-03  0.5602067601  1.440983e-01 0.9420000000000001
1  4.22e-03  0.5602002409  1.440983e-01 0.9420000000000001
1  4.47e-03  0.5601933092  1.440983e-01 0.9420000000000001
1  4.73e-03  0.5601859563  1.440983e-01 0.9420000000000001
1  5.01e-03  0.5601781939  1.440983e-01 0.9420000000000001
1  5.31e-03  0.5601699637  1.440983e-01 0.9420000000000001
1  5.62e-03  0.5601612365  1.440983e-01 0.9420000000000001
1  5.96e-03  0.5601519997  1.440983e-01 0.9420000000000001
1  6.31e-03  0.5601422037  1.440983e-01 0.9420000000000001
1  6.68e-03  0.5601318348  1.440983e-01 0.9420000000000001
1  7.08e-03  0.5601208693  1.440983e-01 0.9420000000000001
1  7.50e-03  0.5601092182  1.440983e-01 0.9420000000000001
1  7.94e-03  0.5600968975  1.440983e-01 0.9420000000000001
1  8.41e-03  0.5600838176  1.440983e-01 0.9420000000000001
1  8.91e-03  0.5600700149  1.440983e-01 0.9420000000000001
1  9.44e-03  0.5600553527  1.440983e-01 0.9420000000000001
1  1.00e-02  0.560039801  1.440983e-01 0.9420000000000001
1  1.06e-02  0.5600233919  1.440983e-01 0.9420000000000001
1  1.12e-02  0.5600059289  1.440983e-01 0.9420000000000001
1  1.19e-02  0.559987463  1.440983e-01 0.9420000000000001
1  1.26e-02  0.5599679093  1.440983e-01 0.9420000000000001
1  1.33e-02  0.5599472381  1.440983e-01 0.9420000000000001
1  1.41e-02  0.559925291  1.440983e-01 0.9420000000000001
1  1.50e-02  0.5599020259  1.440983e-01 0.9420000000000001
1  1.58e-02  0.559877378  1.440983e-01 0.9420000000000001
1  1.68e-02  0.5598512628  1.440983e-01 0.9420000000000001
1  1.78e-02  0.5598236411  1.440983e-01 0.9420000000000001
1  1.88e-02  0.559794331  1.440983e-01 0.9420000000000001
1  2.00e-02  0.5597633234  1.440983e-01 0.9420000000000001
1  2.11e-02  0.5597304197  1.440983e-01 0.9420000000000001
1  2.24e-02  0.5596955119  1.440983e-01 0.9420000000000001
1  2.37e-02  0.5596586586  1.440983e-01 0.9420000000000001
1  2.51e-02  0.5596194911  1.440983e-01 0.9420000000000001
1  2.66e-02  0.5595780907  1.440983e-01 0.9420000000000001
1  2.82e-02  0.5595341955  1.440983e-01 0.9420000000000001
1  2.99e-02  0.5594875902  1.440983e-01 0.9420000000000001
1  3.16e-02  0.5594383104  1.440983e-01 0.9420000000000001
1  3.35e-02  0.5593860526  1.440983e-01 0.9420000000000001
1  3.55e-02  0.5593307389  1.440983e-01 0.9420000000000001
1  3.76e-02  0.559272003  1.440983e-01 0.9420000000000001
1  3.98e-02  0.5592099789  1.440983e-01 0.9420000000000001
1  4.22e-02  0.559144094  1.440983e-01 0.9420000000000001
1  4.47e-02  0.559074134  1.440983e-01 0.9420000000000001
1  4.73e-02  0.5590002995  1.440983e-01 0.9420000000000001
1  5.01e-02  0.5589219129  1.440983e-01 0.9420000000000001
1  5.31e-02  0.5588387052  1.440983e-01 0.9420000000000001
1  5.62e-02  0.5587505362  1.440983e-01 0.9420000000000001
1  5.96e-02  0.5586574182  1.440983e-01 0.9420000000000001
1  6.31e-02  0.5585583638  1.440983e-01 0.9420000000000001
1  6.68e-02  0.5584535777  1.440983e-01 0.9420000000000001
1  7.08e-02  0.5583421609  1.440983e-01 0.9420000000000001
1  7.50e-02  0.5582244929  1.440983e-01 0.9420000000000001
1  7.94e-02  0.5580996344  1.440983e-01 0.9420000000000001
1  8.41e-02  0.5579670984  1.440983e-01 0.9420000000000001
1  8.91e-02  0.5578267681  1.440983e-01 0.9420000000000001
1  9.44e-02  0.5576775224  1.440983e-01 0.9420000000000001
1  1.00e-01  0.5575199647  1.440983e-01 0.9420000000000001
1  1.06e-01  0.5573521457  1.440983e-01 0.9420000000000001
1  1.12e-01  0.5571749659  1.440983e-01 0.9420000000000001
1  1.19e-01  0.5569862949  1.440983e-01 0.9420000000000001
1  1.26e-01  0.5567870409  1.440983e-01 0.9420000000000001
1  1.33e-01  0.5565751831  1.440983e-01 0.9420000000000001
1  1.41e-01  0.5563502903  1.440983e-01 0.9420000000000001
1  1.50e-01  0.5561116478  1.440983e-01 0.9420000000000001
1  1.58e-01  0.5558592248  1.440983e-01 0.9420000000000001
1  1.68e-01  0.5555903584  1.440983e-01 0.9420000000000001
1  1.78e-01  0.5553062313  1.440983e-01 0.9420000000000001
1  1.88e-01  0.5550039661  1.440983e-01 0.9420000000000001
1  2.00e-01  0.5546828983  1.440983e-01 0.9420000000000001
1  2.11e-01  0.5543430999  1.440983e-01 0.9420000000000001
1  2.24e-01  0.5539817331  1.440983e-01 0.9420000000000001
1  2.37e-01  0.5535980793  1.440983e-01 0.9420000000000001
1  2.51e-01  0.5531905254  1.440983e-01 0.9420000000000001
1  2.66e-01  0.5527574865  1.440983e-01 0.9420000000000001
1  2.82e-01  0.5522975135  1.440983e-01 0.9420000000000001
1  2.99e-01  0.5518092877  1.440983e-01 0.9420000000000001
1  3.16e-01  0.5512914503  1.440983e-01 0.9420000000000001
1  3.35e-01  0.5507403798  1.440983e-01 0.9420000000000001
1  3.55e-01  0.5501543161  1.440983e-01 0.9420000000000001
1  3.76e-01  0.5495317639  1.440983e-01 0.9420000000000001
1  3.98e-01  0.5488706017  1.440983e-01 0.9420000000000001
1  4.22e-01  0.5481667512  1.440983e-01 0.9420000000000001
1  4.47e-01  0.5474186152  1.440983e-01 0.9420000000000001
1  4.73e-01  0.5466226235  1.440983e-01 0.9420000000000001
1  5.01e-01  0.5457737575  1.440983e-01 0.9420000000000001
1  5.31e-01  0.5448739934  1.440983e-01 0.9420000000000001
1  5.62e-01  0.5439125223  1.440983e-01 0.9420000000000001
1  5.96e-01  0.5428913793  1.440983e-01 0.9420000000000001
1  6.31e-01  0.5418053868  1.440983e-01 0.9420000000000001
1  6.68e-01  0.5406474751  1.440983e-01 0.9420000000000001
1  7.08e-01  0.5394110376  1.440983e-01 0.9420000000000001
1  7.50e-01  0.5380985012  1.440983e-01 0.9420000000000001
1  7.94e-01  0.536695265  1.440983e-01 0.9420000000000001
1  8.41e-01  0.5352039434  1.440983e-01 0.9420000000000001
1  8.91e-01  0.5336082641  1.440983e-01 0.9420000000000001
1  9.44e-01  0.5319100693  1.440983e-01 0.9420000000000001
1  1.00e+00  0.5301011348  1.440983e-01 0.9420000000000001
1  1.06e+00  0.528170701  1.440983e-01 0.9420000000000001
1  1.12e+00  0.5261104379  1.440983e-01 0.9420000000000001
1  1.19e+00  0.5239082006  1.440983e-01 0.9420000000000001
1  1.26e+00  0.5215682406  1.440983e-01 0.9420000000000001
1  1.33e+00  0.5190622171  1.440983e-01 0.9420000000000001
1  1.41e+00  0.5163957956  1.440983e-01 0.9420000000000001
1  1.50e+00  0.5135481286  1.440983e-01 0.9420000000000001
1  1.58e+00  0.51051684  1.440983e-01 0.9420000000000001
1  1.68e+00  0.5072849294  1.440983e-01 0.9420000000000001
1  1.78e+00  0.5038366389  1.440983e-01 0.9420000000000001
1  1.88e+00  0.5001771264  1.440983e-01 0.9420000000000001
1  2.00e+00  0.4962767807  1.440983e-01 0.9420000000000001
1  2.11e+00  0.4921287726  1.440983e-01 0.9420000000000001
1  2.24e+00  0.4877411726  1.440983e-01 0.9420000000000001
1  2.37e+00  0.4830842505  1.440983e-01 0.9420000000000001
1  2.51e+00  0.4781565913  1.440983e-01 0.9420000000000001
1  2.66e+00  0.4729574137  1.440983e-01 0.9420000000000001
1  2.82e+00  0.467479249  1.440983e-01 0.9420000000000001
1  2.99e+00  0.4617422408  1.440983e-01 0.9420000000000001
1  3.16e+00  0.4557258052  1.440983e-01 0.9420000000000001
1  3.35e+00  0.4494527463  1.440983e-01 0.9420000000000001
1  3.55e+00  0.4429472263  1.440983e-01 0.9420000000000001
1  3.76e+00  0.4362345137  1.440983e-01 0.9420000000000001
1  3.98e+00  0.4293349983  1.440983e-01 0.9420000000000001
1  4.22e+00  0.4222852935  1.440983e-01 0.9420000000000001
1  4.47e+00  0.4151230559  1.440983e-01 0.9420000000000001
1  4.73e+00  0.4078827405  1.440983e-01 0.9420000000000001
1  5.01e+00  0.4006509932  1.440983e-01 0.9420000000000001
1  5.31e+00  0.3934720946  1.440983e-01 0.9420000000000001
1  5.62e+00  0.3863770313  1.440983e-01 0.9420000000000001
1  5.96e+00  0.3794290398  1.440983e-01 0.9420000000000001
1  6.31e+00  0.3726809476  1.440983e-01 0.9420000000000001
1  6.68e+00  0.3661917058  1.440983e-01 0.9420000000000001
1  7.08e+00  0.359989856  1.440983e-01 0.9420000000000001
1  7.50e+00  0.354117645  1.440983e-01 0.9420000000000001
1  7.94e+00  0.3485627903  1.440983e-01 0.9420000000000001
1  8.41e+00  0.3433824732  1.440983e-01 0.9420000000000001
1  8.91e+00  0.33859627  1.440983e-01 0.9420000000000001
1  9.44e+00  0.3341518848  1.440983e-01 0.9420000000000001
1  1.00e+01  0.3300488986  1.440983e-01 0.9420000000000001
1  1.06e+01  0.3263250228  1.440983e-01 0.9420000000000001
1  1.12e+01  0.322944818  1.440983e-01 0.9420000000000001
1  1.19e+01  0.319861498  1.440983e-01 0.9420000000000001
1  1.26e+01  0.3171179931  1.440983e-01 0.9420000000000001
1  1.33e+01  0.3145732689  1.440983e-01 0.9420000000000001
1  1.41e+01  0.3123059842  1.440983e-01 0.9420000000000001
1  1.50e+01  0.310258056  1.440983e-01 0.9420000000000001
1  1.58e+01  0.3084347282  1.440983e-01 0.9420000000000001
1  1.68e+01  0.3067987351  1.440983e-01 0.9420000000000001
1  1.78e+01  0.3053481386  1.440983e-01 0.9420000000000001
1  1.88e+01  0.3040107613  1.440983e-01 0.9420000000000001
1  2.00e+01  0.302848361  1.440983e-01 0.9420000000000001
1  2.11e+01  0.3017581944  1.440983e-01 0.9420000000000001
1  2.24e+01  0.3007924658  1.440983e-01 0.9420000000000001
1  2.37e+01  0.2999080631  1.440983e-01 0.9420000000000001
1  2.51e+01  0.2991029736  1.440983e-01 0.9420000000000001
1  2.66e+01  0.2983914078  1.440983e-01 0.9420000000000001
1  2.82e+01  0.2976889029  1.440983e-01 0.9420000000000001
1  2.99e+01  0.2970601315  1.440983e-01 0.9420000000000001
1  3.16e+01  0.2964842188  1.440983e-01 0.9420000000000001
1  3.35e+01  0.2959161309  1.440983e-01 0.9420000000000001
1  3.55e+01  0.2953790732  1.440983e-01 0.9420000000000001
1  3.76e+01  0.2948510913  1.440983e-01 0.9420000000000001
1  3.98e+01  0.2943442305  1.440983e-01 0.9420000000000001
1  4.22e+01  0.2938340481  1.440983e-01 0.9420000000000001
1  4.47e+01  0.2932997257  1.440983e-01 0.9420000000000001
1  4.73e+01  0.2927854226  1.440983e-01 0.9420000000000001
1  5.01e+01  0.2922266108  1.440983e-01 0.9420000000000001
1  5.31e+01  0.2916408962  1.440983e-01 0.9420000000000001
1  5.62e+01  0.2910170723  1.440983e-01 0.9420000000000001
1  5.96e+01  0.2903393025  1.440983e-01 0.9420000000000001
1  6.31e+01  0.289588356  1.440983e-01 0.9420000000000001
1  6.68e+01  0.288751125  1.440983e-01 0.9420000000000001
1  7.08e+01  0.2878479181  1.440983e-01 0.9420000000000001
1  7.50e+01  0.2867747733  1.440983e-01 0.9420000000000001
1  7.94e+01  0.2855618274  1.440983e-01 0.9420000000000001
1  8.41e+01  0.2841602568  1.440983e-01 0.9420000000000001
1  8.91e+01  0.2824935916  1.440983e-01 0.9420000000000001
1  9.44e+01  0.2805045729  1.440983e-01 0.9420000000000001
1  1.00e+02  0.2780997399  1.440983e-01 0.9420000000000001
1  1.06e+02  0.2751589774  1.440983e-01 0.9420000000000001
1  1.12e+02  0.271503652  1.440983e-01 0.9420000000000001
1  1.19e+02  0.2668720847  1.440983e-01 0.9420000000000001
1  1.26e+02  0.2609684962  1.440983e-01 0.9420000000000001
1  1.33e+02  0.2533333412  1.440983e-01 0.9420000000000001
1  1.41e+02  0.2433146794  1.440983e-01 0.9420000000000001
1  1.50e+02  0.2301839147  1.440983e-01 0.9420000000000001
1  1.58e+02  0.2131033069  1.440983e-01 0.9420000000000001
1  1.68e+02  0.1916277304  1.440983e-01 0.9420000000000001
1  1.78e+02  0.1662250223  1.440983e-01 0.9420000000000001
1  1.88e+02  0.1388379002  1.440983e-01 0.9420000000000001
1  2.00e+02  0.1124700237  1.440983e-01 0.9420000000000001
1  2.11e+02  0.08976934066  1.440983e-01 0.9420000000000001
1  2.24e+02  0.07184936259  1.440983e-01 0.9420000000000001
1  2.37e+02  0.05849414543  1.440983e-01 0.9420000000000001
1  2.51e+02  0.04881736771  1.440983e-01 0.9420000000000001
1  2.66e+02  0.04186300679  1.440983e-01 0.9420000000000001
1  2.82e+02  0.03683998853  1.440983e-01 0.9420000000000001
1  2.99e+02  0.03318583961  1.440983e-01 0.9420000000000001
1  3.16e+02  0.030486914  1.440983e-01 0.9420000000000001
1  3.35e+02  0.02845844691  1.440983e-01 0.9420000000000001
1  3.55e+02  0.02692782014  1.440983e-01 0.9420000000000001
1  3.76e+02  0.02574184568  1.440983e-01 0.9420000000000001
1  3.98e+02  0.02482231556  1.440983e-01 0.9420000000000001
1  4.22e+02  0.02410063422  1.440983e-01 0.9420000000000001
1  4.47e+02  0.02352416934  1.440983e-01 0.9420000000000001
1  4.73e+02  0.02306003442  1.440983e-01 0.9420000000000001
1  5.01e+02  0.02268587944  1.440983e-01 0.9420000000000001
1  5.31e+02  0.02238341578  1.440983e-01 0.9420000000000001
1  5.62e+02  0.0221300823  1.440983e-01 0.9420000000000001
1  5.96e+02  0.02192566771  1.440983e-01 0.9420000000000001
1  6.31e+02  0.02175168533  1.440983e-01 0.9420000000000001
1  6.68e+02  0.02160796878  1.440983e-01 0.9420000000000001
1  7.08e+02  0.02148781299  1.440983e-01 0.9420000000000001
1  7.50e+02  0.02138720589  1.440983e-01 0.9420000000000001
1  7.94e+02  0.02130016025  1.440983e-01 0.9420000000000001
1  8.41e+02  0.02122770987  1.440983e-01 0.9420000000000001
1  8.91e+02  0.02116534353  1.440983e-01 0.9420000000000001
1  9.44e+02  0.02111188196  1.440983e-01 0.9420000000000001
1  1.00e+03  0.02106673863  1.440983e-01 0.9420000000000001
1  1.06e+03  0.02102743305  1.440983e-01 0.9420000000000001
1  1.12e+03  0.02099410632  1.440983e-01 0.9420000000000001
1  1.19e+03  0.02096421264  1.440983e-01 0.9420000000000001
1  1.26e+03  0.02093887503  1.440983e-01 0.9420000000000001
1  1.33e+03  0.02091805343  1.440983e-01 0.9420000000000001
1  1.41e+03  0.02089801141  1.440983e-01 0.9420000000000001
1  1.50e+03  0.02088208332  1.440983e-01 0.9420000000000001
1  1.58e+03  0.02086837267  1.440983e-01 0.9420000000000001
1  1.68e+03  0.02085551586  1.440983e-01 0.9420000000000001
1  1.78e+03  0.02084376139  1.440983e-01 0.9420000000000001
1  1.88e+03  0.0208351854  1.440983e-01 0.9420000000000001
1  2.00e+03  0.02082578551  1.440983e-01 0.9420000000000001
1  2.11e+03  0.02081876322  1.440983e-01 0.9420000000000001
1  2.24e+03  0.02081206778  1.440983e-01 0.9420000000000001
1  2.37e+03  0.02080725327  1.440983e-01 0.9420000000000001
1  2.51e+03  0.02080225273  1.440983e-01 0.9420000000000001
1  2.66e+03  0.02079722853  1.440983e-01 0.9420000000000001
1  2.82e+03  0.02079366379  1.440983e-01 0.9420000000000001
1  2.99e+03  0.02079052584  1.440983e-01 0.9420000000000001
1  3.16e+03  0.02078854301  1.440983e-01 0.9420000000000001
1  3.35e+03  0.02078758185  1.440983e-01 0.9420000000000001
1  3.55e+03  0.02078609749  1.440983e-01 0.9420000000000001
1  3.76e+03  0.02077981763  1.440983e-01 0.9420000000000001
1  3.98e+03  0.02077429937  1.440983e-01 0.9420000000000001
1  4.22e+03  0.02078148511  1.440983e-01 0.9420000000000001
1  4.47e+03  0.020778885  1.440983e-01 0.9420000000000001
1  4.73e+03  0.02078205432  1.440983e-01 0.9420000000000001
1  5.01e+03  0.02076551227  1.440983e-01 0.9420000000000001
1  5.31e+03  0.02078956582  1.440983e-01 0.9420000000000001
1  5.62e+03  0.02081383231  1.440983e-01 0.9420000000000001
1  5.96e+03  0.02083119857  1.440983e-01 0.9420000000000001
1  6.31e+03  0.02086674529  1.440983e-01 0.9420000000000001
1  6.68e+03  0.02090964847  1.440983e-01 0.9420000000000001
1  7.08e+03  0.02096212089  1.440983e-01 0.9420000000000001
1  7.50e+03  0.02096398381  1.440983e-01 0.9420000000000001
1  7.94e+03  0.02108021311  1.440983e-01 0.9420000000000001
1  8.41e+03  0.02136924829  1.440983e-01 0.9420000000000001
1  8.91e+03  0.02144788852  1.440983e-01 0.9420000000000001
1  9.44e+03  0.02195643583  1.440983e-01 0.9420000000000001
1  1.00e+04  0.02216270038  1.440983e-01 0.9420000000000001
1  1.06e+04  0.02294956674  1.440983e-01 0.9420000000000001
1  1.12e+04  0.02369901743  1.440983e-01 0.9420000000000001
1  1.19e+04  0.02441308089  1.440983e-01 0.9420000000000001
1  1.26e+04  0.02565687886  1.440983e-01 0.9420000000000001
1  1.33e+04  0.02739477604  1.440983e-01 0.9420000000000001
1  1.41e+04  0.02925602281  1.440983e-01 0.9420000000000001
1  1.50e+04  0.03147248089  1.440983e-01 0.9420000000000001
1  1.58e+04  0.03423797587  1.440983e-01 0.9420000000000001
1  1.68e+04  0.03731856952  1.440983e-01 0.9420000000000001
1  1.78e+04  0.04081068026  1.440983e-01 0.9420000000000001
1  1.88e+04  0.04478208302  1.440983e-01 0.9420000000000001
1  2.00e+04  0.04923997946  1.440983e-01 0.9420000000000001
1  2.11e+04  0.05444045774  1.440983e-01 0.9420000000000001
1  2.24e+04  0.06055977089  1.440983e-01 0.9420000000000001
1  2.37e+04  0.06674194913  1.440983e-01 0.9420000000000001
1  2.51e+04  0.07305891093  1.440983e-01 0.9420000000000001
1  2.66e+04  0.08135964076  1.440983e-01 0.9420000000000001
1  2.82e+04  0.08916463611  1.440983e-01 0.9420000000000001
1  2.99e+04  0.09738245407  1.440983e-01 0.9420000000000001
1  3.16e+04  0.1070851124  1.440983e-01 0.9420000000000001
1  3.35e+04  0.1159797962  1.440983e-01 0.9420000000000001
1  3.55e+04  0.1263462599  1.440983e-01 0.9420000000000001
1  3.76e+04  0.1367809963  1.440983e-01 0.9420000000000001
1  3.98e+04  0.1464878635  1.440983e-01 0.9420000000000001
1  4.22e+04  0.1593884085  1.440983e-01 0.9420000000000001
1  4.47e+04  0.1684839661  1.440983e-01 0.9420000000000001
1  4.73e+04  0.1804658516  1.440983e-01 0.9420000000000001
1  5.01e+04  0.1940395618  1.440983e-01 0.9420000000000001
1  5.31e+04  0.2031552719  1.440983e-01 0.9420000000000001
1  5.62e+04  0.214515293  1.440983e-01 0.9420000000000001
1  5.96e+04  0.2285902538  1.440983e-01 0.9420000000000001
1  6.31e+04  0.2407907769  1.440983e-01 0.9420000000000001
1  6.68e+04  0.2506610943  1.440983e-01 0.9420000000000001
1  7.08e+04  0.2605737717  1.440983e-01 0.9420000000000001
1  7.50e+04  0.2727945236  1.440983e-01 0.9420000000000001
1  7.94e+04  0.2867022886  1.440983e-01 0.9420000000000001
1  8.41e+04  0.2992806267  1.440983e-01 0.9420000000000001
1  8.91e+04  0.3090153851  1.440983e-01 0.9420000000000001
1  9.44e+04  0.3172171382  1.440983e-01 0.9420000000000001
1  1.00e+05  0.3259051527  1.440983e-01 0.9420000000000001
1  1.06e+05  0.3359663506  1.440983e-01 0.9420000000000001
1  1.12e+05  0.3471668056  1.440983e-01 0.9420000000000001
1  1.19e+05  0.3588378879  1.440983e-01 0.9420000000000001
1  1.26e+05  0.3702407291  1.440983e-01 0.9420000000000001
1  1.33e+05  0.380719826  1.440983e-01 0.9420000000000001
1  1.41e+05  0.3898760164  1.440983e-01 0.9420000000000001
1  1.50e+05  0.397676909  1.440983e-01 0.9420000000000001
1  1.58e+05  0.4044030455  1.440983e-01 0.9420000000000001
1  1.68e+05  0.4104785942  1.440983e-01 0.9420000000000001
1  1.78e+05  0.416301647  1.440983e-01 0.9420000000000001
1  1.88e+05  0.4221489311  1.440983e-01 0.9420000000000001
1  2.00e+05  0.4281615946  1.440983e-01 0.9420000000000001
1  2.11e+05  0.4343778092  1.440983e-01 0.9420000000000001
1  2.24e+05  0.4407745065  1.440983e-01 0.9420000000000001
1  2.37e+05  0.4472978425  1.440983e-01 0.9420000000000001
1  2.51e+05  0.4538796844  1.440983e-01 0.9420000000000001
1  2.66e+05  0.4604457467  1.440983e-01 0.9420000000000001
1  2.82e+05  0.4669210125  1.440983e-01 0.9420000000000001
1  2.99e+05  0.4732348863  1.440983e-01 0.9420000000000001
1  3.16e+05  0.4793259621  1.440983e-01 0.9420000000000001
1  3.35e+05  0.4851454533  1.440983e-01 0.9420000000000001
1  3.55e+05  0.4906586865  1.440983e-01 0.9420000000000001
1  3.76e+05  0.4958447301  1.440983e-01 0.9420000000000001
1  3.98e+05  0.5006946941  1.440983e-01 0.9420000000000001
1  4.22e+05  0.5052093654  1.440983e-01 0.9420000000000001
1  4.47e+05  0.5093967317  1.440983e-01 0.9420000000000001
1  4.73e+05  0.5132697507  1.440983e-01 0.9420000000000001
1  5.01e+05  0.5168445238  1.440983e-01 0.9420000000000001
1  5.31e+05  0.5201389051  1.440983e-01 0.9420000000000001
1  5.62e+05  0.5231714953  1.440983e-01 0.9420000000000001
1  5.96e+05  0.5259609456  1.440983e-01 0.9420000000000001
1  6.31e+05  0.5285254939  1.440983e-01 0.9420000000000001
1  6.68e+05  0.5308826674  1.440983e-01 0.9420000000000001
1  7.08e+05  0.5330491013  1.440983e-01 0.9420000000000001
1  7.50e+05  0.5350404371  1.440983e-01 0.9420000000000001
1  7.94e+05  0.5368712762  1.440983e-01 0.9420000000000001
1  8.41e+05  0.5385551708  1.440983e-01 0.9420000000000001
1  8.91e+05  0.5401046406  1.440983e-01 0.9420000000000001
1  9.44e+05  0.5415312067  1.440983e-01 0.9420000000000001
1  1.00e+06  0.5428454386  1.440983e-01 0.9420000000000001
1  1.06e+06  0.544057007  1.440983e-01 0.9420000000000001
1  1.12e+06  0.5451747419  1.440983e-01 0.9420000000000001
1  1.19e+06  0.5462066927  1.440983e-01 0.9420000000000001
1  1.26e+06  0.5471601874  1.440983e-01 0.9420000000000001
1  1.33e+06  0.5480418913  1.440983e-01 0.9420000000000001
1  1.41e+06  0.5488578633  1.440983e-01 0.9420000000000001
1  1.50e+06  0.5496136092  1.440983e-01 0.9420000000000001
1  1.58e+06  0.550314131  1.440983e-01 0.9420000000000001
1  1.68e+06  0.5509639744  1.440983e-01 0.9420000000000001
1  1.78e+06  0.5515672709  1.440983e-01 0.9420000000000001
1  1.88e+06  0.5521277793  1.440983e-01 0.9420000000000001
1  2.00e+06  0.5526489161  1.440983e-01 0.9420000000000001
1  2.11e+06  0.5531337914  1.440983e-01 0.9420000000000001
1  2.24e+06  0.5535852403  1.440983e-01 0.9420000000000001
1  2.37e+06  0.5540058479  1.440983e-01 0.9420000000000001
1  2.51e+06  0.5543979735  1.440983e-01 0.9420000000000001
1  2.66e+06  0.5547637722  1.440983e-01 0.9420000000000001
1  2.82e+06  0.5551052145  1.440983e-01 0.9420000000000001
1  2.99e+06  0.5554241037  1.440983e-01 0.9420000000000001
1  3.16e+06  0.5557220925  1.440983e-01 0.9420000000000001
1  3.35e+06  0.5560006959  1.440983e-01 0.9420000000000001
1  3.55e+06  0.5562613052  1.440983e-01 0.9420000000000001
1  3.76e+06  0.5565051985  1.440983e-01 0.9420000000000001
1  3.98e+06  0.5567335516  1.440983e-01 0.9420000000000001
1  4.22e+06  0.5569474473  1.440983e-01 0.9420000000000001
1  4.47e+06  0.5571478834  1.440983e-01 0.9420000000000001
1  4.73e+06  0.5573357806  1.440983e-01 0.9420000000000001
1  5.01e+06  0.5575119889  1.440983e-01 0.9420000000000001
1  5.31e+06  0.5576772941  1.440983e-01 0.9420000000000001
1  5.62e+06  0.5578324229  1.440983e-01 0.9420000000000001
1  5.96e+06  0.5579780485  1.440983e-01 0.9420000000000001
1  6.31e+06  0.5581147944  1.440983e-01 0.9420000000000001
1  6.68e+06  0.5582432392  1.440983e-01 0.9420000000000001
1  7.08e+06  0.5583639196  1.440983e-01 0.9420000000000001
1  7.50e+06  0.5584773345  1.440983e-01 0.9420000000000001
1  7.94e+06  0.5585839473  1.440983e-01 0.9420000000000001
1  8.41e+06  0.5586841893  1.440983e-01 0.9420000000000001
1  8.91e+06  0.5587784621  1.440983e-01 0.9420000000000001
1  9.44e+06  0.5588671396  1.440983e-01 0.9420000000000001
1  1.00e+07  0.5589505703  1.440983e-01 0.9420000000000001
