1  1.00e-03  0.557479904  1.590894e-01 1.04
1  1.06e-03  0.5574782621  1.590894e-01 1.04
1  1.12e-03  0.5574765565  1.590894e-01 1.04
1  1.19e-03  0.5574748051  1.590894e-01 1.04
1  1.26e-03  0.5574728783  1.590894e-01 1.04
1  1.33e-03  0.5574707994  1.590894e-01 1.04
1  1.41e-03  0.5574686437  1.590894e-01 1.04
1  1.50e-03  0.5574663279  1.590894e-01 1.04
1  1.58e-03  0.5574637761  1.590894e-01 1.04
1  1.68e-03  0.5574612508  1.590894e-01 1.04
1  1.78e-03  0.5574584584  1.590894e-01 1.04
1  1.88e-03  0.5574555251  1.590894e-01 1.04
1  2.00e-03  0.5574524927  1.590894e-01 1.04
1  2.11e-03  0.5574491996  1.590894e-01 1.04
1  2.24e-03  0.5574457501  1.590894e-01 1.04
1  2.37e-03  0.5574421584  1.590894e-01 1.04
1  2.51e-03  0.5574382303  1.590894e-01 1.04
1  2.66e-03  0.5574341468  1.590894e-01 1.04
1  2.82e-03  0.557429792  1.590894e-01 1.04
1  2.99e-03  0.5574251808  1.590894e-01 1.04
1  3.16e-03  0.5574203429  1.590894e-01 1.04
1  3.35e-03  0.5574151503  1.590894e-01 1.04
1  3.55e-03  0.5574096847  1.590894e-01 1.04
1  3.76e-03  0.5574038818  1.590894e-01 1.04
1  3.98e-03  0.5573977284  1.590894e-01 1.04
1  4.22e-03  0.5573912265  1.590894e-01 1.04
1  4.47e-03  0.5573843311  1.590894e-01 1.04
1  4.73e-03  0.5573770494  1.590894e-01 1.04
1  5.01e-03  0.5573693085  1.590894e-01 1.04
1  5.31e-03  0.5573611298  1.590894e-01 1.04
1  5.62e-03  0.5573524207  1.590894e-01 1.04
1  5.96e-03  0.5573432258  1.590894e-01 1.04
1  6.31e-03  0.5573335115  1.590894e-01 1.04
1  6.68e-03  0.5573231818  1.590894e-01 1.04
1  7.08e-03  0.5573122355  1.590894e-01 1.04
1  7.50e-03  0.5573006672  1.590894e-01 1.04
1  7.94e-03  0.5572884097  1.590894e-01 1.04
1  8.41e-03  0.5572754081  1.590894e-01 1.04
1  8.91e-03  0.5572616398  1.590894e-01 1.04
1  9.44e-03  0.5572470601  1.590894e-01 1.04
1  1.00e-02  0.5572316205  1.590894e-01 1.04
1  1.06e-02  0.5572152107  1.590894e-01 1.04
1  1.12e-02  0.5571979159  1.590894e-01 1.04
1  1.19e-02  0.5571795436  1.590894e-01 1.04
1  1.26e-02  0.5571600865  1.590894e-01 1.04
1  1.33e-02  0.5571394277  1.590894e-01 1.04
1  1.41e-02  0.5571175705  1.590894e-01 1.04
1  1.50e-02  0.5570944614  1.590894e-01 1.04
1  1.58e-02  0.5570699178  1.590894e-01 1.04
1  1.68e-02  0.5570439504  1.590894e-01 1.04
1  1.78e-02  0.5570164527  1.590894e-01 1.04
1  1.88e-02  0.5569872674  1.590894e-01 1.04
1  2.00e-02  0.5569563635  1.590894e-01 1.04
1  2.11e-02  0.5569236868  1.590894e-01 1.04
1  2.24e-02  0.5568890427  1.590894e-01 1.04
1  2.37e-02  0.5568522228  1.590894e-01 1.04
1  2.51e-02  0.5568133914  1.590894e-01 1.04
1  2.66e-02  0.5567721252  1.590894e-01 1.04
1  2.82e-02  0.556728441  1.590894e-01 1.04
1  2.99e-02  0.5566821583  1.590894e-01 1.04
1  3.16e-02  0.5566330189  1.590894e-01 1.04
1  3.35e-02  0.5565811102  1.590894e-01 1.04
1  3.55e-02  0.5565259083  1.590894e-01 1.04
1  3.76e-02  0.5564676536  1.590894e-01 1.04
1  3.98e-02  0.5564056337  1.590894e-01 1.04
1  4.22e-02  0.556340156  1.590894e-01 1.04
1  4.47e-02  0.5562707728  1.590894e-01 1.04
1  4.73e-02  0.5561970668  1.590894e-01 1.04
1  5.01e-02  0.5561190116  1.590894e-01 1.04
1  5.31e-02  0.5560362995  1.590894e-01 1.04
1  5.62e-02  0.5559487935  1.590894e-01 1.04
1  5.96e-02  0.5558556795  1.590894e-01 1.04
1  6.31e-02  0.5557574041  1.590894e-01 1.04
1  6.68e-02  0.5556529264  1.590894e-01 1.04
1  7.08e-02  0.5555423914  1.590894e-01 1.04
1  7.50e-02  0.5554249139  1.590894e-01 1.04
1  7.94e-02  0.5553005516  1.590894e-01 1.04
1  8.41e-02  0.5551687532  1.590894e-01 1.04
1  8.91e-02  0.5550290305  1.590894e-01 1.04
1  9.44e-02  0.5548810467  1.590894e-01 1.04
1  1.00e-01  0.5547236654  1.590894e-01 1.04
1  1.06e-01  0.5545574443  1.590894e-01 1.04
1  1.12e-01  0.554380584  1.590894e-01 1.04
1  1.19e-01  0.5541934899  1.590894e-01 1.04
1  1.26e-01  0.553994262  1.590894e-01 1.04
1  1.33e-01  0.5537834801  1.590894e-01 1.04
1  1.41e-01  0.5535603362  1.590894e-01 1.04
1  1.50e-01  0.5533231468  1.590894e-01 1.04
1  1.58e-01  0.5530710528  1.590894e-01 1.04
1  1.68e-01  0.5528047132  1.590894e-01 1.04
1  1.78e-01  0.5525209823  1.590894e-01 1.04
1  1.88e-01  0.5522200953  1.590894e-01 1.04
1  2.00e-01  0.5519013164  1.590894e-01 1.04
1  2.11e-01  0.5515621954  1.590894e-01 1.04
1  2.24e-01  0.5512026168  1.590894e-01 1.04
1  2.37e-01  0.5508208551  1.590894e-01 1.04
1  2.51e-01  0.5504159653  1.590894e-01 1.04
1  2.66e-01  0.5499854045  1.590894e-01 1.04
1  2.82e-01  0.5495287437  1.590894e-01 1.04
1  2.99e-01  0.5490433864  1.590894e-01 1.04
1  3.16e-01  0.548526364  1.590894e-01 1.04
1  3.35e-01  0.5479780926  1.590894e-01 1.04
1  3.55e-01  0.5473963633  1.590894e-01 1.04
1  3.76e-01  0.5467764486  1.590894e-01 1.04
1  3.98e-01  0.54611795  1.590894e-01 1.04
1  4.22e-01  0.5454179574  1.590894e-01 1.04
1  4.47e-01  0.5446726461  1.590894e-01 1.04
1  4.73e-01  0.5438806776  1.590894e-01 1.04
1  5.01e-01  0.543039838  1.590894e-01 1.04
1  5.31e-01  0.5421416914  1.590894e-01 1.04
1  5.62e-01  0.5411889367  1.590894e-01 1.04
1  5.96e-01  0.5401730645  1.590894e-01 1.04
1  6.31e-01  0.5390896074  1.590894e-01 1.04
1  6.68e-01  0.5379367726  1.590894e-01 1.04
1  7.08e-01  0.5367119932  1.590894e-01 1.04
1  7.50e-01  0.5354017565  1.590894e-01 1.04
1  7.94e-01  0.5340100822  1.590894e-01 1.04
1  8.41e-01  0.5325224645  1.590894e-01 1.04
1  8.91e-01  0.5309420885  1.590894e-01 1.04
1  9.44e-01  0.5292537453  1.590894e-01 1.04
1  1.00e+00  0.5274511395  1.590894e-01 1.04
1  1.06e+00  0.5255289809  1.590894e-01 1.04
1  1.12e+00  0.5234799894  1.590894e-01 1.04
1  1.19e+00  0.5212986234  1.590894e-01 1.04
1  1.26e+00  0.5189630747  1.590894e-01 1.04
1  1.33e+00  0.5164807118  1.590894e-01 1.04
1  1.41e+00  0.5138268619  1.590894e-01 1.04
1  1.50e+00  0.5109993517  1.590894e-01 1.04
1  1.58e+00  0.5079820897  1.590894e-01 1.04
1  1.68e+00  0.5047669728  1.590894e-01 1.04
1  1.78e+00  0.5013440594  1.590894e-01 1.04
1  1.88e+00  0.4976967977  1.590894e-01 1.04
1  2.00e+00  0.4938215229  1.590894e-01 1.04
1  2.11e+00  0.4897002025  1.590894e-01 1.04
1  2.24e+00  0.485321786  1.590894e-01 1.04
1  2.37e+00  0.48068906  1.590894e-01 1.04
1  2.51e+00  0.4757970792  1.590894e-01 1.04
1  2.66e+00  0.4706249764  1.590894e-01 1.04
1  2.82e+00  0.4651778514  1.590894e-01 1.04
1  2.99e+00  0.4594515664  1.590894e-01 1.04
1  3.16e+00  0.4534741672  1.590894e-01 1.04
1  3.35e+00  0.4472268808  1.590894e-01 1.04
1  3.55e+00  0.440738954  1.590894e-01 1.04
1  3.76e+00  0.4340421642  1.590894e-01 1.04
1  3.98e+00  0.4271596639  1.590894e-01 1.04
1  4.22e+00  0.4201333186  1.590894e-01 1.04
1  4.47e+00  0.4129830947  1.590894e-01 1.04
1  4.73e+00  0.4057528024  1.590894e-01 1.04
1  5.01e+00  0.3985279181  1.590894e-01 1.04
1  5.31e+00  0.391343865  1.590894e-01 1.04
1  5.62e+00  0.3842357631  1.590894e-01 1.04
1  5.96e+00  0.3772943087  1.590894e-01 1.04
1  6.31e+00  0.3705385002  1.590894e-01 1.04
1  6.68e+00  0.3640101873  1.590894e-01 1.04
1  7.08e+00  0.3577866808  1.590894e-01 1.04
1  7.50e+00  0.3518760539  1.590894e-01 1.04
1  7.94e+00  0.3463271354  1.590894e-01 1.04
1  8.41e+00  0.3411270985  1.590894e-01 1.04
1  8.91e+00  0.3362619319  1.590894e-01 1.04
1  9.44e+00  0.3317916226  1.590894e-01 1.04
1  1.00e+01  0.3276998277  1.590894e-01 1.04
1  1.06e+01  0.3239374215  1.590894e-01 1.04
1  1.12e+01  0.3205134929  1.590894e-01 1.04
1  1.19e+01  0.3174071628  1.590894e-01 1.04
1  1.26e+01  0.3145634966  1.590894e-01 1.04
1  1.33e+01  0.3120306145  1.590894e-01 1.04
1  1.41e+01  0.3097597386  1.590894e-01 1.04
1  1.50e+01  0.3076807003  1.590894e-01 1.04
1  1.58e+01  0.3058266675  1.590894e-01 1.04
1  1.68e+01  0.3041618203  1.590894e-01 1.04
1  1.78e+01  0.3026845704  1.590894e-01 1.04
1  1.88e+01  0.3013225786  1.590894e-01 1.04
1  2.00e+01  0.3001309961  1.590894e-01 1.04
1  2.11e+01  0.2990094209  1.590894e-01 1.04
1  2.24e+01  0.298032914  1.590894e-01 1.04
1  2.37e+01  0.2971046201  1.590894e-01 1.04
1  2.51e+01  0.2962767453  1.590894e-01 1.04
1  2.66e+01  0.2955182867  1.590894e-01 1.04
1  2.82e+01  0.2948041138  1.590894e-01 1.04
1  2.99e+01  0.2941567544  1.590894e-01 1.04
1  3.16e+01  0.293520463  1.590894e-01 1.04
1  3.35e+01  0.2929034068  1.590894e-01 1.04
1  3.55e+01  0.2923394412  1.590894e-01 1.04
1  3.76e+01  0.2917733293  1.590894e-01 1.04
1  3.98e+01  0.2911929212  1.590894e-01 1.04
1  4.22e+01  0.2906261975  1.590894e-01 1.04
1  4.47e+01  0.2900660283  1.590894e-01 1.04
1  4.73e+01  0.289453163  1.590894e-01 1.04
1  5.01e+01  0.2888384069  1.590894e-01 1.04
1  5.31e+01  0.288180768  1.590894e-01 1.04
1  5.62e+01  0.2874707001  1.590894e-01 1.04
1  5.96e+01  0.2867007569  1.590894e-01 1.04
1  6.31e+01  0.2858560509  1.590894e-01 1.04
1  6.68e+01  0.2848975422  1.590894e-01 1.04
1  7.08e+01  0.2838292575  1.590894e-01 1.04
1  7.50e+01  0.2826070083  1.590894e-01 1.04
1  7.94e+01  0.281214779  1.590894e-01 1.04
1  8.41e+01  0.2796214638  1.590894e-01 1.04
1  8.91e+01  0.2777164291  1.590894e-01 1.04
1  9.44e+01  0.2754650868  1.590894e-01 1.04
1  1.00e+02  0.2727578514  1.590894e-01 1.04
1  1.06e+02  0.2694593589  1.590894e-01 1.04
1  1.12e+02  0.2654175123  1.590894e-01 1.04
1  1.19e+02  0.2603591734  1.590894e-01 1.04
1  1.26e+02  0.2540250285  1.590894e-01 1.04
1  1.33e+02  0.2459536418  1.590894e-01 1.04
1  1.41e+02  0.2356674373  1.590894e-01 1.04
1  1.50e+02  0.2225493148  1.590894e-01 1.04
1  1.58e+02  0.2061184703  1.590894e-01 1.04
1  1.68e+02  0.1861628756  1.590894e-01 1.04
1  1.78e+02  0.1632728234  1.590894e-01 1.04
1  1.88e+02  0.1390320547  1.590894e-01 1.04
1  2.00e+02  0.1156808001  1.590894e-01 1.04
1  2.11e+02  0.09512066962  1.590894e-01 1.04
1  2.24e+02  0.07838635305  1.590894e-01 1.04
1  2.37e+02  0.06544692202  1.590894e-01 1.04
1  2.51e+02  0.05574613986  1.590894e-01 1.04
1  2.66e+02  0.0485715389  1.590894e-01 1.04
1  2.82e+02  0.04326432851  1.590894e-01 1.04
1  2.99e+02  0.03931895499  1.590894e-01 1.04
1  3.16e+02  0.0363571632  1.590894e-01 1.04
1  3.35e+02  0.03411252744  1.590894e-01 1.04
1  3.55e+02  0.03239525525  1.590894e-01 1.04
1  3.76e+02  0.03105568086  1.590894e-01 1.04
1  3.98e+02  0.03001209863  1.590894e-01 1.04
1  4.22e+02  0.02918335033  1.590894e-01 1.04
1  4.47e+02  0.02852000184  1.590894e-01 1.04
1  4.73e+02  0.02798816544  1.590894e-01 1.04
1  5.01e+02  0.02755625605  1.590894e-01 1.04
1  5.31e+02  0.02720202227  1.590894e-01 1.04
1  5.62e+02  0.02691252811  1.590894e-01 1.04
1  5.96e+02  0.0266688938  1.590894e-01 1.04
1  6.31e+02  0.02646797603  1.590894e-01 1.04
1  6.68e+02  0.02630097079  1.590894e-01 1.04
1  7.08e+02  0.02615994886  1.590894e-01 1.04
1  7.50e+02  0.02604260807  1.590894e-01 1.04
1  7.94e+02  0.02594068586  1.590894e-01 1.04
1  8.41e+02  0.0258538294  1.590894e-01 1.04
1  8.91e+02  0.02578251245  1.590894e-01 1.04
1  9.44e+02  0.02571934827  1.590894e-01 1.04
1  1.00e+03  0.02566491682  1.590894e-01 1.04
1  1.06e+03  0.02561969448  1.590894e-01 1.04
1  1.12e+03  0.02557968546  1.590894e-01 1.04
1  1.19e+03  0.02554585339  1.590894e-01 1.04
1  1.26e+03  0.0255171457  1.590894e-01 1.04
1  1.33e+03  0.02548983506  1.590894e-01 1.04
1  1.41e+03  0.0254685613  1.590894e-01 1.04
1  1.50e+03  0.02544800121  1.590894e-01 1.04
1  1.58e+03  0.02543190335  1.590894e-01 1.04
1  1.68e+03  0.02541731976  1.590894e-01 1.04
1  1.78e+03  0.02540327366  1.590894e-01 1.04
1  1.88e+03  0.02539346621  1.590894e-01 1.04
1  2.00e+03  0.02538261067  1.590894e-01 1.04
1  2.11e+03  0.02537366471  1.590894e-01 1.04
1  2.24e+03  0.02536677159  1.590894e-01 1.04
1  2.37e+03  0.02535928733  1.590894e-01 1.04
1  2.51e+03  0.02535331337  1.590894e-01 1.04
1  2.66e+03  0.02534980374  1.590894e-01 1.04
1  2.82e+03  0.0253446687  1.590894e-01 1.04
1  2.99e+03  0.02533961341  1.590894e-01 1.04
1  3.16e+03  0.02533620672  1.590894e-01 1.04
1  3.35e+03  0.02533438669  1.590894e-01 1.04
1  3.55e+03  0.02533101377  1.590894e-01 1.04
1  3.76e+03  0.02532906931  1.590894e-01 1.04
1  3.98e+03  0.02532793259  1.590894e-01 1.04
1  4.22e+03  0.0253245601  1.590894e-01 1.04
1  4.47e+03  0.02532262951  1.590894e-01 1.04
1  4.73e+03  0.02532245443  1.590894e-01 1.04
1  5.01e+03  0.02532306557  1.590894e-01 1.04
1  5.31e+03  0.02531606537  1.590894e-01 1.04
1  5.62e+03  0.02531177389  1.590894e-01 1.04
1  5.96e+03  0.02531213649  1.590894e-01 1.04
1  6.31e+03  0.02531216071  1.590894e-01 1.04
1  6.68e+03  0.02531243144  1.590894e-01 1.04
1  7.08e+03  0.0253322798  1.590894e-01 1.04
1  7.50e+03  0.02539264576  1.590894e-01 1.04
1  7.94e+03  0.02539253765  1.590894e-01 1.04
1  8.41e+03  0.02540949144  1.590894e-01 1.04
1  8.91e+03  0.02555245905  1.590894e-01 1.04
1  9.44e+03  0.02557046412  1.590894e-01 1.04
1  1.00e+04  0.02581669105  1.590894e-01 1.04
1  1.06e+04  0.0260478235  1.590894e-01 1.04
1  1.12e+04  0.02621818665  1.590894e-01 1.04
1  1.19e+04  0.0266864846  1.590894e-01 1.04
1  1.26e+04  0.02736968581  1.590894e-01 1.04
1  1.33e+04  0.02811195058  1.590894e-01 1.04
1  1.41e+04  0.02898037536  1.590894e-01 1.04
1  1.50e+04  0.03004963052  1.590894e-01 1.04
1  1.58e+04  0.03160676457  1.590894e-01 1.04
1  1.68e+04  0.03346440177  1.590894e-01 1.04
1  1.78e+04  0.03565839858  1.590894e-01 1.04
1  1.88e+04  0.03828341424  1.590894e-01 1.04
1  2.00e+04  0.04125900917  1.590894e-01 1.04
1  2.11e+04  0.04451300502  1.590894e-01 1.04
1  2.24e+04  0.04837213569  1.590894e-01 1.04
1  2.37e+04  0.05295457254  1.590894e-01 1.04
1  2.51e+04  0.05795453726  1.590894e-01 1.04
1  2.66e+04  0.06386190323  1.590894e-01 1.04
1  2.82e+04  0.06982248961  1.590894e-01 1.04
1  2.99e+04  0.07672711191  1.590894e-01 1.04
1  3.16e+04  0.08407086153  1.590894e-01 1.04
1  3.35e+04  0.09192669505  1.590894e-01 1.04
1  3.55e+04  0.100211925  1.590894e-01 1.04
1  3.76e+04  0.109684377  1.590894e-01 1.04
1  3.98e+04  0.1176456317  1.590894e-01 1.04
1  4.22e+04  0.1297047012  1.590894e-01 1.04
1  4.47e+04  0.1375398661  1.590894e-01 1.04
1  4.73e+04  0.148685353  1.590894e-01 1.04
1  5.01e+04  0.1614419806  1.590894e-01 1.04
1  5.31e+04  0.170074102  1.590894e-01 1.04
1  5.62e+04  0.1808224282  1.590894e-01 1.04
1  5.96e+04  0.1943908931  1.590894e-01 1.04
1  6.31e+04  0.2067268362  1.590894e-01 1.04
1  6.68e+04  0.216532862  1.590894e-01 1.04
1  7.08e+04  0.2260917685  1.590894e-01 1.04
1  7.50e+04  0.2384132729  1.590894e-01 1.04
1  7.94e+04  0.2528682725  1.590894e-01 1.04
1  8.41e+04  0.2659748973  1.590894e-01 1.04
1  8.91e+04  0.2760810503  1.590894e-01 1.04
1  9.44e+04  0.2846000786  1.590894e-01 1.04
1  1.00e+05  0.2936458373  1.590894e-01 1.04
1  1.06e+05  0.3041954196  1.590894e-01 1.04
1  1.12e+05  0.3161089228  1.590894e-01 1.04
1  1.19e+05  0.3287271392  1.590894e-01 1.04
1  1.26e+05  0.3412026156  1.590894e-01 1.04
1  1.33e+05  0.3527294371  1.590894e-01 1.04
1  1.41e+05  0.3628070143  1.590894e-01 1.04
1  1.50e+05  0.3713809593  1.590894e-01 1.04
1  1.58e+05  0.3787664915  1.590894e-01 1.04
1  1.68e+05  0.3854424408  1.590894e-01 1.04
1  1.78e+05  0.3918564767  1.590894e-01 1.04
1  1.88e+05  0.3983206931  1.590894e-01 1.04
1  2.00e+05  0.4049978297  1.590894e-01 1.04
1  2.11e+05  0.4119369481  1.590894e-01 1.04
1  2.24e+05  0.4191175352  1.590894e-01 1.04
1  2.37e+05  0.4264813724  1.590894e-01 1.04
1  2.51e+05  0.4339503073  1.590894e-01 1.04
1  2.66e+05  0.4414360903  1.590894e-01 1.04
1  2.82e+05  0.448847832  1.590894e-01 1.04
1  2.99e+05  0.4560991177  1.590894e-01 1.04
1  3.16e+05  0.4631142874  1.590894e-01 1.04
1  3.35e+05  0.4698327641  1.590894e-01 1.04
1  3.55e+05  0.4762108701  1.590894e-01 1.04
1  3.76e+05  0.4822213587  1.590894e-01 1.04
1  3.98e+05  0.4878513737  1.590894e-01 1.04
1  4.22e+05  0.4930996479  1.590894e-01 1.04
1  4.47e+05  0.4979735907  1.590894e-01 1.04
1  4.73e+05  0.502486672  1.590894e-01 1.04
1  5.01e+05  0.5066562805  1.590894e-01 1.04
1  5.31e+05  0.5105020845  1.590894e-01 1.04
1  5.62e+05  0.5140448382  1.590894e-01 1.04
1  5.96e+05  0.5173055451  1.590894e-01 1.04
1  6.31e+05  0.5203048902  1.590894e-01 1.04
1  6.68e+05  0.5230628666  1.590894e-01 1.04
1  7.08e+05  0.5255985394  1.590894e-01 1.04
1  7.50e+05  0.5279299054  1.590894e-01 1.04
1  7.94e+05  0.5300738196  1.590894e-01 1.04
1  8.41e+05  0.5320459689  1.590894e-01 1.04
1  8.91e+05  0.5338608784  1.590894e-01 1.04
1  9.44e+05  0.5355319415  1.590894e-01 1.04
1  1.00e+06  0.5370714649  1.590894e-01 1.04
1  1.06e+06  0.5384907249  1.590894e-01 1.04
1  1.12e+06  0.5398000301  1.590894e-01 1.04
1  1.19e+06  0.5410087868  1.590894e-01 1.04
1  1.26e+06  0.5421255663  1.590894e-01 1.04
1  1.33e+06  0.5431581702  1.590894e-01 1.04
1  1.41e+06  0.544113695  1.590894e-01 1.04
1  1.50e+06  0.5449985924  1.590894e-01 1.04
1  1.58e+06  0.545818727  1.590894e-01 1.04
1  1.68e+06  0.5465794298  1.590894e-01 1.04
1  1.78e+06  0.5472855477  1.590894e-01 1.04
1  1.88e+06  0.5479414919  1.590894e-01 1.04
1  2.00e+06  0.5485512714  1.590894e-01 1.04
1  2.11e+06  0.5491185379  1.590894e-01 1.04
1  2.24e+06  0.5496466197  1.590894e-01 1.04
1  2.37e+06  0.5501385518  1.590894e-01 1.04
1  2.51e+06  0.5505971041  1.590894e-01 1.04
1  2.66e+06  0.5510248069  1.590894e-01 1.04
1  2.82e+06  0.5514239736  1.590894e-01 1.04
1  2.99e+06  0.5517967215  1.590894e-01 1.04
1  3.16e+06  0.5521449902  1.590894e-01 1.04
1  3.35e+06  0.5524705583  1.590894e-01 1.04
1  3.55e+06  0.5527750583  1.590894e-01 1.04
1  3.76e+06  0.5530599902  1.590894e-01 1.04
1  3.98e+06  0.5533267336  1.590894e-01 1.04
1  4.22e+06  0.5535765587  1.590894e-01 1.04
1  4.47e+06  0.5538106357  1.590894e-01 1.04
1  4.73e+06  0.5540300443  1.590894e-01 1.04
1  5.01e+06  0.5542357813  1.590894e-01 1.04
1  5.31e+06  0.5544287676  1.590894e-01 1.04
1  5.62e+06  0.5546098553  1.590894e-01 1.04
1  5.96e+06  0.5547798328  1.590894e-01 1.04
1  6.31e+06  0.554939431  1.590894e-01 1.04
1  6.68e+06  0.5550893274  1.590894e-01 1.04
1  7.08e+06  0.5552301506  1.590894e-01 1.04
1  7.50e+06  0.5553624847  1.590894e-01 1.04
1  7.94e+06  0.5554868724  1.590894e-01 1.04
1  8.41e+06  0.5556038185  1.590894e-01 1.04
1  8.91e+06  0.5557137927  1.590894e-01 1.04
1  9.44e+06  0.5558172327  1.590894e-01 1.04
1  1.00e+07  0.5559145463  1.590894e-01 1.04
