1  1.00e-03  0.5562675344  1.652082e-01 1.08
1  1.06e-03  0.5562659006  1.652082e-01 1.08
1  1.12e-03  0.5562641992  1.652082e-01 1.08
1  1.19e-03  0.556262451  1.652082e-01 1.08
1  1.26e-03  0.5562605289  1.652082e-01 1.08
1  1.33e-03  0.5562584556  1.652082e-01 1.08
1  1.41e-03  0.5562563052  1.652082e-01 1.08
1  1.50e-03  0.5562539887  1.652082e-01 1.08
1  1.58e-03  0.5562514415  1.652082e-01 1.08
1  1.68e-03  0.5562489283  1.652082e-01 1.08
1  1.78e-03  0.5562461436  1.652082e-01 1.08
1  1.88e-03  0.5562432199  1.652082e-01 1.08
1  2.00e-03  0.5562401804  1.652082e-01 1.08
1  2.11e-03  0.5562369089  1.652082e-01 1.08
1  2.24e-03  0.5562334695  1.652082e-01 1.08
1  2.37e-03  0.5562298823  1.652082e-01 1.08
1  2.51e-03  0.5562259608  1.652082e-01 1.08
1  2.66e-03  0.5562218824  1.652082e-01 1.08
1  2.82e-03  0.5562175318  1.652082e-01 1.08
1  2.99e-03  0.5562129461  1.652082e-01 1.08
1  3.16e-03  0.556208102  1.652082e-01 1.08
1  3.35e-03  0.5562029362  1.652082e-01 1.08
1  3.55e-03  0.556197482  1.652082e-01 1.08
1  3.76e-03  0.556191674  1.652082e-01 1.08
1  3.98e-03  0.5561855443  1.652082e-01 1.08
1  4.22e-03  0.5561790677  1.652082e-01 1.08
1  4.47e-03  0.5561721896  1.652082e-01 1.08
1  4.73e-03  0.5561648976  1.652082e-01 1.08
1  5.01e-03  0.5561571765  1.652082e-01 1.08
1  5.31e-03  0.5561490171  1.652082e-01 1.08
1  5.62e-03  0.5561403358  1.652082e-01 1.08
1  5.96e-03  0.5561311622  1.652082e-01 1.08
1  6.31e-03  0.5561214538  1.652082e-01 1.08
1  6.68e-03  0.556111142  1.652082e-01 1.08
1  7.08e-03  0.5561002473  1.652082e-01 1.08
1  7.50e-03  0.5560886797  1.652082e-01 1.08
1  7.94e-03  0.5560764635  1.652082e-01 1.08
1  8.41e-03  0.5560634634  1.652082e-01 1.08
1  8.91e-03  0.5560497645  1.652082e-01 1.08
1  9.44e-03  0.5560352099  1.652082e-01 1.08
1  1.00e-02  0.5560197612  1.652082e-01 1.08
1  1.06e-02  0.5560034462  1.652082e-01 1.08
1  1.12e-02  0.5559861335  1.652082e-01 1.08
1  1.19e-02  0.5559677911  1.652082e-01 1.08
1  1.26e-02  0.555948381  1.652082e-01 1.08
1  1.33e-02  0.5559278347  1.652082e-01 1.08
1  1.41e-02  0.5559060221  1.652082e-01 1.08
1  1.50e-02  0.555882952  1.652082e-01 1.08
1  1.58e-02  0.5558584361  1.652082e-01 1.08
1  1.68e-02  0.5558325056  1.652082e-01 1.08
1  1.78e-02  0.5558051155  1.652082e-01 1.08
1  1.88e-02  0.5557759621  1.652082e-01 1.08
1  2.00e-02  0.555745176  1.652082e-01 1.08
1  2.11e-02  0.5557125498  1.652082e-01 1.08
1  2.24e-02  0.5556778777  1.652082e-01 1.08
1  2.37e-02  0.555641226  1.652082e-01 1.08
1  2.51e-02  0.5556024125  1.652082e-01 1.08
1  2.66e-02  0.555561298  1.652082e-01 1.08
1  2.82e-02  0.5555176232  1.652082e-01 1.08
1  2.99e-02  0.5554714353  1.652082e-01 1.08
1  3.16e-02  0.5554224208  1.652082e-01 1.08
1  3.35e-02  0.5553706192  1.652082e-01 1.08
1  3.55e-02  0.5553155806  1.652082e-01 1.08
1  3.76e-02  0.5552573573  1.652082e-01 1.08
1  3.98e-02  0.5551956597  1.652082e-01 1.08
1  4.22e-02  0.5551303299  1.652082e-01 1.08
1  4.47e-02  0.5550608715  1.652082e-01 1.08
1  4.73e-02  0.5549875522  1.652082e-01 1.08
1  5.01e-02  0.5549096969  1.652082e-01 1.08
1  5.31e-02  0.5548269783  1.652082e-01 1.08
1  5.62e-02  0.5547395465  1.652082e-01 1.08
1  5.96e-02  0.5546469612  1.652082e-01 1.08
1  6.31e-02  0.5545487795  1.652082e-01 1.08
1  6.68e-02  0.5544446621  1.652082e-01 1.08
1  7.08e-02  0.5543339929  1.652082e-01 1.08
1  7.50e-02  0.5542170303  1.652082e-01 1.08
1  7.94e-02  0.5540930742  1.652082e-01 1.08
1  8.41e-02  0.5539614364  1.652082e-01 1.08
1  8.91e-02  0.5538222159  1.652082e-01 1.08
1  9.44e-02  0.5536740307  1.652082e-01 1.08
1  1.00e-01  0.5535174629  1.652082e-01 1.08
1  1.06e-01  0.553351065  1.652082e-01 1.08
1  1.12e-01  0.553175167  1.652082e-01 1.08
1  1.19e-01  0.5529879302  1.652082e-01 1.08
1  1.26e-01  0.5527897171  1.652082e-01 1.08
1  1.33e-01  0.5525793315  1.652082e-01 1.08
1  1.41e-01  0.5523565411  1.652082e-01 1.08
1  1.50e-01  0.5521193623  1.652082e-01 1.08
1  1.58e-01  0.551868447  1.652082e-01 1.08
1  1.68e-01  0.5516020565  1.652082e-01 1.08
1  1.78e-01  0.5513198561  1.652082e-01 1.08
1  1.88e-01  0.5510192904  1.652082e-01 1.08
1  2.00e-01  0.5507007098  1.652082e-01 1.08
1  2.11e-01  0.5503632655  1.652082e-01 1.08
1  2.24e-01  0.5500044833  1.652082e-01 1.08
1  2.37e-01  0.5496235905  1.652082e-01 1.08
1  2.51e-01  0.5492196758  1.652082e-01 1.08
1  2.66e-01  0.5487891469  1.652082e-01 1.08
1  2.82e-01  0.5483330403  1.652082e-01 1.08
1  2.99e-01  0.5478489139  1.652082e-01 1.08
1  3.16e-01  0.5473337034  1.652082e-01 1.08
1  3.35e-01  0.5467866794  1.652082e-01 1.08
1  3.55e-01  0.5462065267  1.652082e-01 1.08
1  3.76e-01  0.5455872265  1.652082e-01 1.08
1  3.98e-01  0.5449319388  1.652082e-01 1.08
1  4.22e-01  0.544233552  1.652082e-01 1.08
1  4.47e-01  0.5434896182  1.652082e-01 1.08
1  4.73e-01  0.5427000901  1.652082e-01 1.08
1  5.01e-01  0.5418584966  1.652082e-01 1.08
1  5.31e-01  0.54096547  1.652082e-01 1.08
1  5.62e-01  0.5400118034  1.652082e-01 1.08
1  5.96e-01  0.5389999525  1.652082e-01 1.08
1  6.31e-01  0.5379208887  1.652082e-01 1.08
1  6.68e-01  0.536770512  1.652082e-01 1.08
1  7.08e-01  0.5355473585  1.652082e-01 1.08
1  7.50e-01  0.5342407904  1.652082e-01 1.08
1  7.94e-01  0.5328499059  1.652082e-01 1.08
1  8.41e-01  0.5313695108  1.652082e-01 1.08
1  8.91e-01  0.5297916931  1.652082e-01 1.08
1  9.44e-01  0.5281047061  1.652082e-01 1.08
1  1.00e+00  0.5263072493  1.652082e-01 1.08
1  1.06e+00  0.5243945281  1.652082e-01 1.08
1  1.12e+00  0.5223506946  1.652082e-01 1.08
1  1.19e+00  0.5201720664  1.652082e-01 1.08
1  1.26e+00  0.5178418286  1.652082e-01 1.08
1  1.33e+00  0.5153633537  1.652082e-01 1.08
1  1.41e+00  0.5127155742  1.652082e-01 1.08
1  1.50e+00  0.5098964622  1.652082e-01 1.08
1  1.58e+00  0.5068852982  1.652082e-01 1.08
1  1.68e+00  0.5036780971  1.652082e-01 1.08
1  1.78e+00  0.5002682736  1.652082e-01 1.08
1  1.88e+00  0.4966254344  1.652082e-01 1.08
1  2.00e+00  0.4927595622  1.652082e-01 1.08
1  2.11e+00  0.4886553249  1.652082e-01 1.08
1  2.24e+00  0.4842847809  1.652082e-01 1.08
1  2.37e+00  0.479661662  1.652082e-01 1.08
1  2.51e+00  0.4747777552  1.652082e-01 1.08
1  2.66e+00  0.4696176334  1.652082e-01 1.08
1  2.82e+00  0.4641861584  1.652082e-01 1.08
1  2.99e+00  0.4584670487  1.652082e-01 1.08
1  3.16e+00  0.4525041914  1.652082e-01 1.08
1  3.35e+00  0.4462711796  1.652082e-01 1.08
1  3.55e+00  0.4397925471  1.652082e-01 1.08
1  3.76e+00  0.4331020347  1.652082e-01 1.08
1  3.98e+00  0.4262354874  1.652082e-01 1.08
1  4.22e+00  0.4192102797  1.652082e-01 1.08
1  4.47e+00  0.4120657656  1.652082e-01 1.08
1  4.73e+00  0.404840067  1.652082e-01 1.08
1  5.01e+00  0.397618325  1.652082e-01 1.08
1  5.31e+00  0.3904311444  1.652082e-01 1.08
1  5.62e+00  0.3833183654  1.652082e-01 1.08
1  5.96e+00  0.3763764168  1.652082e-01 1.08
1  6.31e+00  0.3696176668  1.652082e-01 1.08
1  6.68e+00  0.3630854031  1.652082e-01 1.08
1  7.08e+00  0.3568550136  1.652082e-01 1.08
1  7.50e+00  0.3509312658  1.652082e-01 1.08
1  7.94e+00  0.3453714371  1.652082e-01 1.08
1  8.41e+00  0.3401457108  1.652082e-01 1.08
1  8.91e+00  0.3352761646  1.652082e-01 1.08
1  9.44e+00  0.330805889  1.652082e-01 1.08
1  1.00e+01  0.3266680964  1.652082e-01 1.08
1  1.06e+01  0.3228970963  1.652082e-01 1.08
1  1.12e+01  0.3194185063  1.652082e-01 1.08
1  1.19e+01  0.3163467881  1.652082e-01 1.08
1  1.26e+01  0.3135163787  1.652082e-01 1.08
1  1.33e+01  0.3109398615  1.652082e-01 1.08
1  1.41e+01  0.3086412003  1.652082e-01 1.08
1  1.50e+01  0.3065804932  1.652082e-01 1.08
1  1.58e+01  0.3047254836  1.652082e-01 1.08
1  1.68e+01  0.30305685  1.652082e-01 1.08
1  1.78e+01  0.3015391602  1.652082e-01 1.08
1  1.88e+01  0.3001938492  1.652082e-01 1.08
1  2.00e+01  0.2989427494  1.652082e-01 1.08
1  2.11e+01  0.2978572691  1.652082e-01 1.08
1  2.24e+01  0.2968315637  1.652082e-01 1.08
1  2.37e+01  0.2959326283  1.652082e-01 1.08
1  2.51e+01  0.2950850366  1.652082e-01 1.08
1  2.66e+01  0.2943033528  1.652082e-01 1.08
1  2.82e+01  0.2935757813  1.652082e-01 1.08
1  2.99e+01  0.29288098  1.652082e-01 1.08
1  3.16e+01  0.2922518655  1.652082e-01 1.08
1  3.35e+01  0.2916406007  1.652082e-01 1.08
1  3.55e+01  0.2910396447  1.652082e-01 1.08
1  3.76e+01  0.2904521925  1.652082e-01 1.08
1  3.98e+01  0.2898689368  1.652082e-01 1.08
1  4.22e+01  0.2892820088  1.652082e-01 1.08
1  4.47e+01  0.2886854807  1.652082e-01 1.08
1  4.73e+01  0.2880599178  1.652082e-01 1.08
1  5.01e+01  0.2873945436  1.652082e-01 1.08
1  5.31e+01  0.2866985414  1.652082e-01 1.08
1  5.62e+01  0.2859517801  1.652082e-01 1.08
1  5.96e+01  0.28513901  1.652082e-01 1.08
1  6.31e+01  0.2842518602  1.652082e-01 1.08
1  6.68e+01  0.2832729661  1.652082e-01 1.08
1  7.08e+01  0.282126835  1.652082e-01 1.08
1  7.50e+01  0.2808636495  1.652082e-01 1.08
1  7.94e+01  0.2793944165  1.652082e-01 1.08
1  8.41e+01  0.2777099396  1.652082e-01 1.08
1  8.91e+01  0.2757094269  1.652082e-01 1.08
1  9.44e+01  0.2733710119  1.652082e-01 1.08
1  1.00e+02  0.2705370934  1.652082e-01 1.08
1  1.06e+02  0.2671226511  1.652082e-01 1.08
1  1.12e+02  0.262935939  1.652082e-01 1.08
1  1.19e+02  0.2577255332  1.652082e-01 1.08
1  1.26e+02  0.2512469459  1.652082e-01 1.08
1  1.33e+02  0.2430579396  1.652082e-01 1.08
1  1.41e+02  0.2327129029  1.652082e-01 1.08
1  1.50e+02  0.219691206  1.652082e-01 1.08
1  1.58e+02  0.2035560167  1.652082e-01 1.08
1  1.68e+02  0.184209331  1.652082e-01 1.08
1  1.78e+02  0.1622743052  1.652082e-01 1.08
1  1.88e+02  0.1392000748  1.652082e-01 1.08
1  2.00e+02  0.1169208871  1.652082e-01 1.08
1  2.11e+02  0.09719712482  1.652082e-01 1.08
1  2.24e+02  0.08094118418  1.652082e-01 1.08
1  2.37e+02  0.06822334188  1.652082e-01 1.08
1  2.51e+02  0.0585707858  1.652082e-01 1.08
1  2.66e+02  0.05133679158  1.652082e-01 1.08
1  2.82e+02  0.04594354676  1.652082e-01 1.08
1  2.99e+02  0.0419020528  1.652082e-01 1.08
1  3.16e+02  0.03885457347  1.652082e-01 1.08
1  3.35e+02  0.03653318821  1.652082e-01 1.08
1  3.55e+02  0.03474014038  1.652082e-01 1.08
1  3.76e+02  0.0333507782  1.652082e-01 1.08
1  3.98e+02  0.03225167979  1.652082e-01 1.08
1  4.22e+02  0.03138696314  1.652082e-01 1.08
1  4.47e+02  0.03069009629  1.652082e-01 1.08
1  4.73e+02  0.03012782394  1.652082e-01 1.08
1  5.01e+02  0.02967400923  1.652082e-01 1.08
1  5.31e+02  0.02929879333  1.652082e-01 1.08
1  5.62e+02  0.02899299272  1.652082e-01 1.08
1  5.96e+02  0.02873549939  1.652082e-01 1.08
1  6.31e+02  0.02852269078  1.652082e-01 1.08
1  6.68e+02  0.02834560433  1.652082e-01 1.08
1  7.08e+02  0.02819732573  1.652082e-01 1.08
1  7.50e+02  0.02807065367  1.652082e-01 1.08
1  7.94e+02  0.02796333952  1.652082e-01 1.08
1  8.41e+02  0.02787434002  1.652082e-01 1.08
1  8.91e+02  0.02779523005  1.652082e-01 1.08
1  9.44e+02  0.02772998998  1.652082e-01 1.08
1  1.00e+03  0.02767223443  1.652082e-01 1.08
1  1.06e+03  0.02762414008  1.652082e-01 1.08
1  1.12e+03  0.02758209262  1.652082e-01 1.08
1  1.19e+03  0.02754489108  1.652082e-01 1.08
1  1.26e+03  0.02751330617  1.652082e-01 1.08
1  1.33e+03  0.02748571716  1.652082e-01 1.08
1  1.41e+03  0.02746280358  1.652082e-01 1.08
1  1.50e+03  0.02744109738  1.652082e-01 1.08
1  1.58e+03  0.02742435945  1.652082e-01 1.08
1  1.68e+03  0.02740841118  1.652082e-01 1.08
1  1.78e+03  0.02739370516  1.652082e-01 1.08
1  1.88e+03  0.02738261624  1.652082e-01 1.08
1  2.00e+03  0.02737206706  1.652082e-01 1.08
1  2.11e+03  0.0273631237  1.652082e-01 1.08
1  2.24e+03  0.0273550045  1.652082e-01 1.08
1  2.37e+03  0.02734761774  1.652082e-01 1.08
1  2.51e+03  0.0273415087  1.652082e-01 1.08
1  2.66e+03  0.02733488548  1.652082e-01 1.08
1  2.82e+03  0.02733039204  1.652082e-01 1.08
1  2.99e+03  0.02732778088  1.652082e-01 1.08
1  3.16e+03  0.02732372974  1.652082e-01 1.08
1  3.35e+03  0.02731964327  1.652082e-01 1.08
1  3.55e+03  0.0273178322  1.652082e-01 1.08
1  3.76e+03  0.02731594398  1.652082e-01 1.08
1  3.98e+03  0.02731210821  1.652082e-01 1.08
1  4.22e+03  0.02730963802  1.652082e-01 1.08
1  4.47e+03  0.02730679205  1.652082e-01 1.08
1  4.73e+03  0.02730799621  1.652082e-01 1.08
1  5.01e+03  0.02730404736  1.652082e-01 1.08
1  5.31e+03  0.02730035614  1.652082e-01 1.08
1  5.62e+03  0.02730265457  1.652082e-01 1.08
1  5.96e+03  0.02730594146  1.652082e-01 1.08
1  6.31e+03  0.02730839065  1.652082e-01 1.08
1  6.68e+03  0.02730293223  1.652082e-01 1.08
1  7.08e+03  0.02729602213  1.652082e-01 1.08
1  7.50e+03  0.02732296586  1.652082e-01 1.08
1  7.94e+03  0.02736181525  1.652082e-01 1.08
1  8.41e+03  0.02733386355  1.652082e-01 1.08
1  8.91e+03  0.0274395311  1.652082e-01 1.08
1  9.44e+03  0.02742612158  1.652082e-01 1.08
1  1.00e+04  0.02763528038  1.652082e-01 1.08
1  1.06e+04  0.02769675055  1.652082e-01 1.08
1  1.12e+04  0.02786458705  1.652082e-01 1.08
1  1.19e+04  0.02823586541  1.652082e-01 1.08
1  1.26e+04  0.02867945291  1.652082e-01 1.08
1  1.33e+04  0.02913658396  1.652082e-01 1.08
1  1.41e+04  0.02976199379  1.652082e-01 1.08
1  1.50e+04  0.03053843595  1.652082e-01 1.08
1  1.58e+04  0.03173938903  1.652082e-01 1.08
1  1.68e+04  0.03321356345  1.652082e-01 1.08
1  1.78e+04  0.03498197465  1.652082e-01 1.08
1  1.88e+04  0.03716428521  1.652082e-01 1.08
1  2.00e+04  0.03970556268  1.652082e-01 1.08
1  2.11e+04  0.04240614185  1.652082e-01 1.08
1  2.24e+04  0.04546410767  1.652082e-01 1.08
1  2.37e+04  0.04934444789  1.652082e-01 1.08
1  2.51e+04  0.05390637026  1.652082e-01 1.08
1  2.66e+04  0.05897932259  1.652082e-01 1.08
1  2.82e+04  0.06412170183  1.652082e-01 1.08
1  2.99e+04  0.07054776204  1.652082e-01 1.08
1  3.16e+04  0.07694024063  1.652082e-01 1.08
1  3.35e+04  0.08430196544  1.652082e-01 1.08
1  3.55e+04  0.0917632913  1.652082e-01 1.08
1  3.76e+04  0.1007192151  1.652082e-01 1.08
1  3.98e+04  0.1079773899  1.652082e-01 1.08
1  4.22e+04  0.1195366528  1.652082e-01 1.08
1  4.47e+04  0.1268306151  1.652082e-01 1.08
1  4.73e+04  0.1375207961  1.652082e-01 1.08
1  5.01e+04  0.1497973954  1.652082e-01 1.08
1  5.31e+04  0.1581958804  1.652082e-01 1.08
1  5.62e+04  0.168552718  1.652082e-01 1.08
1  5.96e+04  0.1817779341  1.652082e-01 1.08
1  6.31e+04  0.1940800021  1.652082e-01 1.08
1  6.68e+04  0.2037545606  1.652082e-01 1.08
1  7.08e+04  0.2130674328  1.652082e-01 1.08
1  7.50e+04  0.2253246515  1.652082e-01 1.08
1  7.94e+04  0.2398775068  1.652082e-01 1.08
1  8.41e+04  0.2530898421  1.652082e-01 1.08
1  8.91e+04  0.2632754539  1.652082e-01 1.08
1  9.44e+04  0.2718644415  1.652082e-01 1.08
1  1.00e+05  0.2809820774  1.652082e-01 1.08
1  1.06e+05  0.2916439778  1.652082e-01 1.08
1  1.12e+05  0.3037641292  1.652082e-01 1.08
1  1.19e+05  0.3166956041  1.652082e-01 1.08
1  1.26e+05  0.3295463391  1.652082e-01 1.08
1  1.33e+05  0.3414471303  1.652082e-01 1.08
1  1.41e+05  0.351855498  1.652082e-01 1.08
1  1.50e+05  0.3607076688  1.652082e-01 1.08
1  1.58e+05  0.3683313652  1.652082e-01 1.08
1  1.68e+05  0.3752252016  1.652082e-01 1.08
1  1.78e+05  0.3818548858  1.652082e-01 1.08
1  1.88e+05  0.3885459069  1.652082e-01 1.08
1  2.00e+05  0.3954699553  1.652082e-01 1.08
1  2.11e+05  0.4026813357  1.652082e-01 1.08
1  2.24e+05  0.4101614492  1.652082e-01 1.08
1  2.37e+05  0.4178508756  1.652082e-01 1.08
1  2.51e+05  0.4256675784  1.652082e-01 1.08
1  2.66e+05  0.4335175162  1.652082e-01 1.08
1  2.82e+05  0.4413030593  1.652082e-01 1.08
1  2.99e+05  0.4489310109  1.652082e-01 1.08
1  3.16e+05  0.456319564  1.652082e-01 1.08
1  3.35e+05  0.4634030202  1.652082e-01 1.08
1  3.55e+05  0.4701337419  1.652082e-01 1.08
1  3.76e+05  0.4764816421  1.652082e-01 1.08
1  3.98e+05  0.4824320038  1.652082e-01 1.08
1  4.22e+05  0.4879825002  1.652082e-01 1.08
1  4.47e+05  0.4931401066  1.652082e-01 1.08
1  4.73e+05  0.4979183282  1.652082e-01 1.08
1  5.01e+05  0.5023349303  1.652082e-01 1.08
1  5.31e+05  0.5064101979  1.652082e-01 1.08
1  5.62e+05  0.5101656637  1.652082e-01 1.08
1  5.96e+05  0.5136232114  1.652082e-01 1.08
1  6.31e+05  0.5168044633  1.652082e-01 1.08
1  6.68e+05  0.5197303727  1.652082e-01 1.08
1  7.08e+05  0.522420963  1.652082e-01 1.08
1  7.50e+05  0.524895169  1.652082e-01 1.08
1  7.94e+05  0.5271707503  1.652082e-01 1.08
1  8.41e+05  0.529264256  1.652082e-01 1.08
1  8.91e+05  0.5311910261  1.652082e-01 1.08
1  9.44e+05  0.5329652172  1.652082e-01 1.08
1  1.00e+06  0.5345998478  1.652082e-01 1.08
1  1.06e+06  0.536106854  1.652082e-01 1.08
1  1.12e+06  0.5374971533  1.652082e-01 1.08
1  1.19e+06  0.538780713  1.652082e-01 1.08
1  1.26e+06  0.5399666188  1.652082e-01 1.08
1  1.33e+06  0.541063144  1.652082e-01 1.08
1  1.41e+06  0.5420778162  1.652082e-01 1.08
1  1.50e+06  0.5430174811  1.652082e-01 1.08
1  1.58e+06  0.5438883629  1.652082e-01 1.08
1  1.68e+06  0.5446961206  1.652082e-01 1.08
1  1.78e+06  0.5454459005  1.652082e-01 1.08
1  1.88e+06  0.5461423863  1.652082e-01 1.08
1  2.00e+06  0.546789836  1.652082e-01 1.08
1  2.11e+06  0.5473921283  1.652082e-01 1.08
1  2.24e+06  0.5479527987  1.652082e-01 1.08
1  2.37e+06  0.5484750713  1.652082e-01 1.08
1  2.51e+06  0.548961889  1.652082e-01 1.08
1  2.66e+06  0.5494159398  1.652082e-01 1.08
1  2.82e+06  0.549839682  1.652082e-01 1.08
1  2.99e+06  0.5502353649  1.652082e-01 1.08
1  3.16e+06  0.5506050495  1.652082e-01 1.08
1  3.35e+06  0.5509506256  1.652082e-01 1.08
1  3.55e+06  0.5512738278  1.652082e-01 1.08
1  3.76e+06  0.5515762498  1.652082e-01 1.08
1  3.98e+06  0.5518593575  1.652082e-01 1.08
1  4.22e+06  0.5521245004  1.652082e-01 1.08
1  4.47e+06  0.5523729219  1.652082e-01 1.08
1  4.73e+06  0.5526057689  1.652082e-01 1.08
1  5.01e+06  0.5528241004  1.652082e-01 1.08
1  5.31e+06  0.5530288949  1.652082e-01 1.08
1  5.62e+06  0.5532210572  1.652082e-01 1.08
1  5.96e+06  0.5534014252  1.652082e-01 1.08
1  6.31e+06  0.5535707749  1.652082e-01 1.08
1  6.68e+06  0.5537298261  1.652082e-01 1.08
1  7.08e+06  0.5538792464  1.652082e-01 1.08
1  7.50e+06  0.5540196561  1.652082e-01 1.08
1  7.94e+06  0.5541516315  1.652082e-01 1.08
1  8.41e+06  0.5542757088  1.652082e-01 1.08
1  8.91e+06  0.5543923867  1.652082e-01 1.08
1  9.44e+06  0.5545021299  1.652082e-01 1.08
1  1.00e+07  0.5546053715  1.652082e-01 1.08
