1  1.00e-03  0.5605083096  1.428745e-01 0.934
1  1.06e-03  0.5605066581  1.428745e-01 0.934
1  1.12e-03  0.5605049337  1.428745e-01 0.934
1  1.19e-03  0.5605031858  1.428745e-01 0.934
1  1.26e-03  0.5605012437  1.428745e-01 0.934
1  1.33e-03  0.5604991423  1.428745e-01 0.934
1  1.41e-03  0.5604969806  1.428745e-01 0.934
1  1.50e-03  0.5604946432  1.428745e-01 0.934
1  1.58e-03  0.5604920837  1.428745e-01 0.934
1  1.68e-03  0.5604895444  1.428745e-01 0.934
1  1.78e-03  0.5604867464  1.428745e-01 0.934
1  1.88e-03  0.560483798  1.428745e-01 0.934
1  2.00e-03  0.560480743  1.428745e-01 0.934
1  2.11e-03  0.5604774327  1.428745e-01 0.934
1  2.24e-03  0.5604739673  1.428745e-01 0.934
1  2.37e-03  0.5604703613  1.428745e-01 0.934
1  2.51e-03  0.5604663967  1.428745e-01 0.934
1  2.66e-03  0.560462291  1.428745e-01 0.934
1  2.82e-03  0.560457905  1.428745e-01 0.934
1  2.99e-03  0.5604532884  1.428745e-01 0.934
1  3.16e-03  0.5604484126  1.428745e-01 0.934
1  3.35e-03  0.5604432009  1.428745e-01 0.934
1  3.55e-03  0.5604377162  1.428745e-01 0.934
1  3.76e-03  0.5604318559  1.428745e-01 0.934
1  3.98e-03  0.5604256854  1.428745e-01 0.934
1  4.22e-03  0.5604191647  1.428745e-01 0.934
1  4.47e-03  0.5604122305  1.428745e-01 0.934
1  4.73e-03  0.5604048778  1.428745e-01 0.934
1  5.01e-03  0.5603971085  1.428745e-01 0.934
1  5.31e-03  0.5603888806  1.428745e-01 0.934
1  5.62e-03  0.5603801434  1.428745e-01 0.934
1  5.96e-03  0.5603709029  1.428745e-01 0.934
1  6.31e-03  0.5603611105  1.428745e-01 0.934
1  6.68e-03  0.560350732  1.428745e-01 0.934
1  7.08e-03  0.5603397609  1.428745e-01 0.934
1  7.50e-03  0.5603281056  1.428745e-01 0.934
1  7.94e-03  0.5603157887  1.428745e-01 0.934
1  8.41e-03  0.5603026969  1.428745e-01 0.934
1  8.91e-03  0.5602888953  1.428745e-01 0.934
1  9.44e-03  0.5602742289  1.428745e-01 0.934
1  1.00e-02  0.5602586677  1.428745e-01 0.934
1  1.06e-02  0.5602422477  1.428745e-01 0.934
1  1.12e-02  0.5602247867  1.428745e-01 0.934
1  1.19e-02  0.560206311  1.428745e-01 0.934
1  1.26e-02  0.5601867533  1.428745e-01 0.934
1  1.33e-02  0.5601660709  1.428745e-01 0.934
1  1.41e-02  0.5601441087  1.428745e-01 0.934
1  1.50e-02  0.5601208471  1.428745e-01 0.934
1  1.58e-02  0.5600961732  1.428745e-01 0.934
1  1.68e-02  0.5600700487  1.428745e-01 0.934
1  1.78e-02  0.5600424347  1.428745e-01 0.934
1  1.88e-02  0.5600130936  1.428745e-01 0.934
1  2.00e-02  0.5599820796  1.428745e-01 0.934
1  2.11e-02  0.5599491809  1.428745e-01 0.934
1  2.24e-02  0.5599142512  1.428745e-01 0.934
1  2.37e-02  0.5598773684  1.428745e-01 0.934
1  2.51e-02  0.5598382133  1.428745e-01 0.934
1  2.66e-02  0.5597967998  1.428745e-01 0.934
1  2.82e-02  0.559752856  1.428745e-01 0.934
1  2.99e-02  0.5597062628  1.428745e-01 0.934
1  3.16e-02  0.5596569355  1.428745e-01 0.934
1  3.35e-02  0.5596046923  1.428745e-01 0.934
1  3.55e-02  0.5595493188  1.428745e-01 0.934
1  3.76e-02  0.5594905936  1.428745e-01 0.934
1  3.98e-02  0.5594285172  1.428745e-01 0.934
1  4.22e-02  0.5593626431  1.428745e-01 0.934
1  4.47e-02  0.5592926475  1.428745e-01 0.934
1  4.73e-02  0.5592187981  1.428745e-01 0.934
1  5.01e-02  0.5591403767  1.428745e-01 0.934
1  5.31e-02  0.559057092  1.428745e-01 0.934
1  5.62e-02  0.5589689265  1.428745e-01 0.934
1  5.96e-02  0.5588757493  1.428745e-01 0.934
1  6.31e-02  0.5587767139  1.428745e-01 0.934
1  6.68e-02  0.5586718707  1.428745e-01 0.934
1  7.08e-02  0.5585603755  1.428745e-01 0.934
1  7.50e-02  0.5584426358  1.428745e-01 0.934
1  7.94e-02  0.5583177464  1.428745e-01 0.934
1  8.41e-02  0.5581851378  1.428745e-01 0.934
1  8.91e-02  0.5580448094  1.428745e-01 0.934
1  9.44e-02  0.5578954745  1.428745e-01 0.934
1  1.00e-01  0.5577378432  1.428745e-01 0.934
1  1.06e-01  0.5575700035  1.428745e-01 0.934
1  1.12e-01  0.5573928012  1.428745e-01 0.934
1  1.19e-01  0.557204052  1.428745e-01 0.934
1  1.26e-01  0.5570046343  1.428745e-01 0.934
1  1.33e-01  0.5567926764  1.428745e-01 0.934
1  1.41e-01  0.5565678494  1.428745e-01 0.934
1  1.50e-01  0.5563289995  1.428745e-01 0.934
1  1.58e-01  0.5560764258  1.428745e-01 0.934
1  1.68e-01  0.5558075807  1.428745e-01 0.934
1  1.78e-01  0.5555233708  1.428745e-01 0.934
1  1.88e-01  0.5552208131  1.428745e-01 0.934
1  2.00e-01  0.5548996324  1.428745e-01 0.934
1  2.11e-01  0.5545597405  1.428745e-01 0.934
1  2.24e-01  0.5541982209  1.428745e-01 0.934
1  2.37e-01  0.5538144054  1.428745e-01 0.934
1  2.51e-01  0.5534068859  1.428745e-01 0.934
1  2.66e-01  0.5529734161  1.428745e-01 0.934
1  2.82e-01  0.5525133544  1.428745e-01 0.934
1  2.99e-01  0.5520250715  1.428745e-01 0.934
1  3.16e-01  0.5515067692  1.428745e-01 0.934
1  3.35e-01  0.5509554672  1.428745e-01 0.934
1  3.55e-01  0.5503695723  1.428745e-01 0.934
1  3.76e-01  0.5497463522  1.428745e-01 0.934
1  3.98e-01  0.5490852912  1.428745e-01 0.934
1  4.22e-01  0.5483811929  1.428745e-01 0.934
1  4.47e-01  0.5476323937  1.428745e-01 0.934
1  4.73e-01  0.5468362305  1.428745e-01 0.934
1  5.01e-01  0.5459867136  1.428745e-01 0.934
1  5.31e-01  0.5450870423  1.428745e-01 0.934
1  5.62e-01  0.5441249094  1.428745e-01 0.934
1  5.96e-01  0.5431037535  1.428745e-01 0.934
1  6.31e-01  0.5420172406  1.428745e-01 0.934
1  6.68e-01  0.5408585655  1.428745e-01 0.934
1  7.08e-01  0.5396220057  1.428745e-01 0.934
1  7.50e-01  0.5383083237  1.428745e-01 0.934
1  7.94e-01  0.5369043487  1.428745e-01 0.934
1  8.41e-01  0.5354127208  1.428745e-01 0.934
1  8.91e-01  0.5338167818  1.428745e-01 0.934
1  9.44e-01  0.532117188  1.428745e-01 0.934
1  1.00e+00  0.5303072405  1.428745e-01 0.934
1  1.06e+00  0.5283768468  1.428745e-01 0.934
1  1.12e+00  0.5263156829  1.428745e-01 0.934
1  1.19e+00  0.5241124257  1.428745e-01 0.934
1  1.26e+00  0.5217708063  1.428745e-01 0.934
1  1.33e+00  0.5192636244  1.428745e-01 0.934
1  1.41e+00  0.5165957779  1.428745e-01 0.934
1  1.50e+00  0.5137471795  1.428745e-01 0.934
1  1.58e+00  0.5107141816  1.428745e-01 0.934
1  1.68e+00  0.50748084  1.428745e-01 0.934
1  1.78e+00  0.5040317723  1.428745e-01 0.934
1  1.88e+00  0.5003699981  1.428745e-01 0.934
1  2.00e+00  0.4964678859  1.428745e-01 0.934
1  2.11e+00  0.4923191496  1.428745e-01 0.934
1  2.24e+00  0.4879300007  1.428745e-01 0.934
1  2.37e+00  0.4832710756  1.428745e-01 0.934
1  2.51e+00  0.4783403411  1.428745e-01 0.934
1  2.66e+00  0.4731341961  1.428745e-01 0.934
1  2.82e+00  0.4676684699  1.428745e-01 0.934
1  2.99e+00  0.4619209983  1.428745e-01 0.934
1  3.16e+00  0.4559017005  1.428745e-01 0.934
1  3.35e+00  0.4496270231  1.428745e-01 0.934
1  3.55e+00  0.4431202084  1.428745e-01 0.934
1  3.76e+00  0.4364061475  1.428745e-01 0.934
1  3.98e+00  0.4295150766  1.428745e-01 0.934
1  4.22e+00  0.422453796  1.428745e-01 0.934
1  4.47e+00  0.4152906428  1.428745e-01 0.934
1  4.73e+00  0.4080496159  1.428745e-01 0.934
1  5.01e+00  0.4008173723  1.428745e-01 0.934
1  5.31e+00  0.3936386813  1.428745e-01 0.934
1  5.62e+00  0.3865446056  1.428745e-01 0.934
1  5.96e+00  0.3795960586  1.428745e-01 0.934
1  6.31e+00  0.3728490348  1.428745e-01 0.934
1  6.68e+00  0.3663637512  1.428745e-01 0.934
1  7.08e+00  0.3601639477  1.428745e-01 0.934
1  7.50e+00  0.3542936762  1.428745e-01 0.934
1  7.94e+00  0.3487407717  1.428745e-01 0.934
1  8.41e+00  0.3435612956  1.428745e-01 0.934
1  8.91e+00  0.3387759426  1.428745e-01 0.934
1  9.44e+00  0.3343373257  1.428745e-01 0.934
1  1.00e+01  0.3302367835  1.428745e-01 0.934
1  1.06e+01  0.326517413  1.428745e-01 0.934
1  1.12e+01  0.3231381905  1.428745e-01 0.934
1  1.19e+01  0.3200584875  1.428745e-01 0.934
1  1.26e+01  0.3172570466  1.428745e-01 0.934
1  1.33e+01  0.3147788925  1.428745e-01 0.934
1  1.41e+01  0.3125107664  1.428745e-01 0.934
1  1.50e+01  0.3104658204  1.428745e-01 0.934
1  1.58e+01  0.3086405771  1.428745e-01 0.934
1  1.68e+01  0.3070053704  1.428745e-01 0.934
1  1.78e+01  0.305550551  1.428745e-01 0.934
1  1.88e+01  0.3042202343  1.428745e-01 0.934
1  2.00e+01  0.3030595947  1.428745e-01 0.934
1  2.11e+01  0.3019799691  1.428745e-01 0.934
1  2.24e+01  0.3010032196  1.428745e-01 0.934
1  2.37e+01  0.3001344169  1.428745e-01 0.934
1  2.51e+01  0.2993303627  1.428745e-01 0.934
1  2.66e+01  0.2986157093  1.428745e-01 0.934
1  2.82e+01  0.2979216801  1.428745e-01 0.934
1  2.99e+01  0.2972850833  1.428745e-01 0.934
1  3.16e+01  0.2967090221  1.428745e-01 0.934
1  3.35e+01  0.2961587049  1.428745e-01 0.934
1  3.55e+01  0.2956089909  1.428745e-01 0.934
1  3.76e+01  0.2950851741  1.428745e-01 0.934
1  3.98e+01  0.2945949792  1.428745e-01 0.934
1  4.22e+01  0.2940864152  1.428745e-01 0.934
1  4.47e+01  0.2935481721  1.428745e-01 0.934
1  4.73e+01  0.2930427329  1.428745e-01 0.934
1  5.01e+01  0.2924971236  1.428745e-01 0.934
1  5.31e+01  0.29191881  1.428745e-01 0.934
1  5.62e+01  0.2913012144  1.428745e-01 0.934
1  5.96e+01  0.2906322884  1.428745e-01 0.934
1  6.31e+01  0.2898939632  1.428745e-01 0.934
1  6.68e+01  0.2890604784  1.428745e-01 0.934
1  7.08e+01  0.2881585461  1.428745e-01 0.934
1  7.50e+01  0.2870979647  1.428745e-01 0.934
1  7.94e+01  0.2858980343  1.428745e-01 0.934
1  8.41e+01  0.2845241506  1.428745e-01 0.934
1  8.91e+01  0.2828635908  1.428745e-01 0.934
1  9.44e+01  0.2809111172  1.428745e-01 0.934
1  1.00e+02  0.2785183355  1.428745e-01 0.934
1  1.06e+02  0.2756210747  1.428745e-01 0.934
1  1.12e+02  0.2719868014  1.428745e-01 0.934
1  1.19e+02  0.2674173024  1.428745e-01 0.934
1  1.26e+02  0.2615547108  1.428745e-01 0.934
1  1.33e+02  0.2539600772  1.428745e-01 0.934
1  1.41e+02  0.2439564206  1.428745e-01 0.934
1  1.50e+02  0.2308347173  1.428745e-01 0.934
1  1.58e+02  0.2137272514  1.428745e-01 0.934
1  1.68e+02  0.19212708  1.428745e-01 0.934
1  1.78e+02  0.1665069362  1.428745e-01 0.934
1  1.88e+02  0.1388399758  1.428745e-01 0.934
1  2.00e+02  0.1122004825  1.428745e-01 0.934
1  2.11e+02  0.08930479588  1.428745e-01 0.934
1  2.24e+02  0.07128912946  1.428745e-01 0.934
1  2.37e+02  0.05791159579  1.428745e-01 0.934
1  2.51e+02  0.04825124987  1.428745e-01 0.934
1  2.66e+02  0.04131422825  1.428745e-01 0.934
1  2.82e+02  0.03632825931  1.428745e-01 0.934
1  2.99e+02  0.03269511327  1.428745e-01 0.934
1  3.16e+02  0.03001985545  1.428745e-01 0.934
1  3.35e+02  0.02801898478  1.428745e-01 0.934
1  3.55e+02  0.02649606956  1.428745e-01 0.934
1  3.76e+02  0.0253278078  1.428745e-01 0.934
1  3.98e+02  0.02442154998  1.428745e-01 0.934
1  4.22e+02  0.02370415988  1.428745e-01 0.934
1  4.47e+02  0.02313424289  1.428745e-01 0.934
1  4.73e+02  0.02267793808  1.428745e-01 0.934
1  5.01e+02  0.0223105095  1.428745e-01 0.934
1  5.31e+02  0.0220080878  1.428745e-01 0.934
1  5.62e+02  0.0217609975  1.428745e-01 0.934
1  5.96e+02  0.02155750462  1.428745e-01 0.934
1  6.31e+02  0.0213873065  1.428745e-01 0.934
1  6.68e+02  0.02124537134  1.428745e-01 0.934
1  7.08e+02  0.0211270128  1.428745e-01 0.934
1  7.50e+02  0.02102743044  1.428745e-01 0.934
1  7.94e+02  0.02094182093  1.428745e-01 0.934
1  8.41e+02  0.02086933534  1.428745e-01 0.934
1  8.91e+02  0.02080794574  1.428745e-01 0.934
1  9.44e+02  0.02075528899  1.428745e-01 0.934
1  1.00e+03  0.02071213274  1.428745e-01 0.934
1  1.06e+03  0.02067205894  1.428745e-01 0.934
1  1.12e+03  0.02063898528  1.428745e-01 0.934
1  1.19e+03  0.02061074208  1.428745e-01 0.934
1  1.26e+03  0.02058525157  1.428745e-01 0.934
1  1.33e+03  0.02056407531  1.428745e-01 0.934
1  1.41e+03  0.02054521373  1.428745e-01 0.934
1  1.50e+03  0.02052955014  1.428745e-01 0.934
1  1.58e+03  0.02051550439  1.428745e-01 0.934
1  1.68e+03  0.02050247469  1.428745e-01 0.934
1  1.78e+03  0.0204916075  1.428745e-01 0.934
1  1.88e+03  0.02048325202  1.428745e-01 0.934
1  2.00e+03  0.02047391223  1.428745e-01 0.934
1  2.11e+03  0.02046651479  1.428745e-01 0.934
1  2.24e+03  0.02046026599  1.428745e-01 0.934
1  2.37e+03  0.02045515529  1.428745e-01 0.934
1  2.51e+03  0.02045040629  1.428745e-01 0.934
1  2.66e+03  0.02044552142  1.428745e-01 0.934
1  2.82e+03  0.02044191501  1.428745e-01 0.934
1  2.99e+03  0.02043909554  1.428745e-01 0.934
1  3.16e+03  0.02043701612  1.428745e-01 0.934
1  3.35e+03  0.02043582828  1.428745e-01 0.934
1  3.55e+03  0.0204340093  1.428745e-01 0.934
1  3.76e+03  0.02042659921  1.428745e-01 0.934
1  3.98e+03  0.02042300857  1.428745e-01 0.934
1  4.22e+03  0.02043142437  1.428745e-01 0.934
1  4.47e+03  0.02042424989  1.428745e-01 0.934
1  4.73e+03  0.02043687757  1.428745e-01 0.934
1  5.01e+03  0.02041358963  1.428745e-01 0.934
1  5.31e+03  0.02043720511  1.428745e-01 0.934
1  5.62e+03  0.02046932968  1.428745e-01 0.934
1  5.96e+03  0.02049430448  1.428745e-01 0.934
1  6.31e+03  0.02053075333  1.428745e-01 0.934
1  6.68e+03  0.0205718926  1.428745e-01 0.934
1  7.08e+03  0.02062672869  1.428745e-01 0.934
1  7.50e+03  0.02063747663  1.428745e-01 0.934
1  7.94e+03  0.02078532889  1.428745e-01 0.934
1  8.41e+03  0.02107840825  1.428745e-01 0.934
1  8.91e+03  0.02117237094  1.428745e-01 0.934
1  9.44e+03  0.02172594571  1.428745e-01 0.934
1  1.00e+04  0.02195705174  1.428745e-01 0.934
1  1.06e+04  0.02276996487  1.428745e-01 0.934
1  1.12e+04  0.02361069869  1.428745e-01 0.934
1  1.19e+04  0.02437201593  1.428745e-01 0.934
1  1.26e+04  0.02565884432  1.428745e-01 0.934
1  1.33e+04  0.02748573439  1.428745e-01 0.934
1  1.41e+04  0.02944933467  1.428745e-01 0.934
1  1.50e+04  0.0317876728  1.428745e-01 0.934
1  1.58e+04  0.03467602384  1.428745e-01 0.934
1  1.68e+04  0.0378783492  1.428745e-01 0.934
1  1.78e+04  0.04149731144  1.428745e-01 0.934
1  1.88e+04  0.04560189885  1.428745e-01 0.934
1  2.00e+04  0.05021246187  1.428745e-01 0.934
1  2.11e+04  0.05560224837  1.428745e-01 0.934
1  2.24e+04  0.06190954666  1.428745e-01 0.934
1  2.37e+04  0.06821525088  1.428745e-01 0.934
1  2.51e+04  0.07466164319  1.428745e-01 0.934
1  2.66e+04  0.0831659686  1.428745e-01 0.934
1  2.82e+04  0.09110732025  1.428745e-01 0.934
1  2.99e+04  0.09944263625  1.428745e-01 0.934
1  3.16e+04  0.1093272769  1.428745e-01 0.934
1  3.35e+04  0.1182981728  1.428745e-01 0.934
1  3.55e+04  0.1288286348  1.428745e-01 0.934
1  3.76e+04  0.1393231641  1.428745e-01 0.934
1  3.98e+04  0.1491660711  1.428745e-01 0.934
1  4.22e+04  0.1621113114  1.428745e-01 0.934
1  4.47e+04  0.1712993153  1.428745e-01 0.934
1  4.73e+04  0.1833313185  1.428745e-01 0.934
1  5.01e+04  0.1969455041  1.428745e-01 0.934
1  5.31e+04  0.2060931006  1.428745e-01 0.934
1  5.62e+04  0.217480417  1.428745e-01 0.934
1  5.96e+04  0.2315728358  1.428745e-01 0.934
1  6.31e+04  0.2437482299  1.428745e-01 0.934
1  6.68e+04  0.2536076064  1.428745e-01 0.934
1  7.08e+04  0.2635319163  1.428745e-01 0.934
1  7.50e+04  0.2757276101  1.428745e-01 0.934
1  7.94e+04  0.2895721116  1.428745e-01 0.934
1  8.41e+04  0.3020907921  1.428745e-01 0.934
1  8.91e+04  0.3117839985  1.428745e-01 0.934
1  9.44e+04  0.3199507785  1.428745e-01 0.934
1  1.00e+05  0.3285986374  1.428745e-01 0.934
1  1.06e+05  0.3386071331  1.428745e-01 0.934
1  1.12e+05  0.3497369989  1.428745e-01 0.934
1  1.19e+05  0.3613202527  1.428745e-01 0.934
1  1.26e+05  0.3726268401  1.428745e-01 0.934
1  1.33e+05  0.3830130906  1.428745e-01 0.934
1  1.41e+05  0.392087903  1.428745e-01 0.934
1  1.50e+05  0.3998205846  1.428745e-01 0.934
1  1.58e+05  0.4064886471  1.428745e-01 0.934
1  1.68e+05  0.4125114849  1.428745e-01 0.934
1  1.78e+05  0.4182828575  1.428745e-01 0.934
1  1.88e+05  0.4240764644  1.428745e-01 0.934
1  2.00e+05  0.4300317083  1.428745e-01 0.934
1  2.11e+05  0.4361859833  1.428745e-01 0.934
1  2.24e+05  0.4425161351  1.428745e-01 0.934
1  2.37e+05  0.4489687584  1.428745e-01 0.934
1  2.51e+05  0.4554765632  1.428745e-01 0.934
1  2.66e+05  0.4619663839  1.428745e-01 0.934
1  2.82e+05  0.4683644524  1.428745e-01 0.934
1  2.99e+05  0.4746014088  1.428745e-01 0.934
1  3.16e+05  0.4806169548  1.428745e-01 0.934
1  3.35e+05  0.4863632154  1.428745e-01 0.934
1  3.55e+05  0.4918062063  1.428745e-01 0.934
1  3.76e+05  0.4969254708  1.428745e-01 0.934
1  3.98e+05  0.5017124062  1.428745e-01 0.934
1  4.22e+05  0.5061679349  1.428745e-01 0.934
1  4.47e+05  0.5103000638  1.428745e-01 0.934
1  4.73e+05  0.5141216843  1.428745e-01 0.934
1  5.01e+05  0.5176487727  1.428745e-01 0.934
1  5.31e+05  0.5208990185  1.428745e-01 0.934
1  5.62e+05  0.5238908336  1.428745e-01 0.934
1  5.96e+05  0.5266426672  1.428745e-01 0.934
1  6.31e+05  0.5291725499  1.428745e-01 0.934
1  6.68e+05  0.5314978026  1.428745e-01 0.934
1  7.08e+05  0.5336348583  1.428745e-01 0.934
1  7.50e+05  0.5355991644  1.428745e-01 0.934
1  7.94e+05  0.5374051373  1.428745e-01 0.934
1  8.41e+05  0.5390661547  1.428745e-01 0.934
1  8.91e+05  0.5405945728  1.428745e-01 0.934
1  9.44e+05  0.5420017612  1.428745e-01 0.934
1  1.00e+06  0.5432981484  1.428745e-01 0.934
1  1.06e+06  0.5444932756  1.428745e-01 0.934
1  1.12e+06  0.5455958536  1.428745e-01 0.934
1  1.19e+06  0.5466138225  1.428745e-01 0.934
1  1.26e+06  0.5475544106  1.428745e-01 0.934
1  1.33e+06  0.5484241922  1.428745e-01 0.934
1  1.41e+06  0.5492291428  1.428745e-01 0.934
1  1.50e+06  0.5499746926  1.428745e-01 0.934
1  1.58e+06  0.5506657748  1.428745e-01 0.934
1  1.68e+06  0.5513068724  1.428745e-01 0.934
1  1.78e+06  0.5519020595  1.428745e-01 0.934
1  1.88e+06  0.5524550435  1.428745e-01 0.934
1  2.00e+06  0.5529691932  1.428745e-01 0.934
1  2.11e+06  0.5534475759  1.428745e-01 0.934
1  2.24e+06  0.5538929875  1.428745e-01 0.934
1  2.37e+06  0.5543079772  1.428745e-01 0.934
1  2.51e+06  0.5546948719  1.428745e-01 0.934
1  2.66e+06  0.5550557967  1.428745e-01 0.934
1  2.82e+06  0.5553926951  1.428745e-01 0.934
1  2.99e+06  0.5557073455  1.428745e-01 0.934
1  3.16e+06  0.5560013777  1.428745e-01 0.934
1  3.35e+06  0.556276286  1.428745e-01 0.934
1  3.55e+06  0.5565334426  1.428745e-01 0.934
1  3.76e+06  0.5567741079  1.428745e-01 0.934
1  3.98e+06  0.5569994418  1.428745e-01 0.934
1  4.22e+06  0.5572105121  1.428745e-01 0.934
1  4.47e+06  0.5574083032  1.428745e-01 0.934
1  4.73e+06  0.557593723  1.428745e-01 0.934
1  5.01e+06  0.55776761  1.428745e-01 0.934
1  5.31e+06  0.5579307393  1.428745e-01 0.934
1  5.62e+06  0.5580838279  1.428745e-01 0.934
1  5.96e+06  0.5582275397  1.428745e-01 0.934
1  6.31e+06  0.5583624898  1.428745e-01 0.934
1  6.68e+06  0.5584892489  1.428745e-01 0.934
1  7.08e+06  0.5586083467  1.428745e-01 0.934
1  7.50e+06  0.5587202751  1.428745e-01 0.934
1  7.94e+06  0.5588254915  1.428745e-01 0.934
1  8.41e+06  0.5589244213  1.428745e-01 0.934
1  8.91e+06  0.5590174607  1.428745e-01 0.934
1  9.44e+06  0.5591049786  1.428745e-01 0.934
1  1.00e+07  0.5591873189  1.428745e-01 0.934
