1  1.00e-03  0.5577771565  1.575597e-01 1.03
1  1.06e-03  0.5577755143  1.575597e-01 1.03
1  1.12e-03  0.557773806  1.575597e-01 1.03
1  1.19e-03  0.5577720549  1.575597e-01 1.03
1  1.26e-03  0.5577701264  1.575597e-01 1.03
1  1.33e-03  0.5577680471  1.575597e-01 1.03
1  1.41e-03  0.5577658888  1.575597e-01 1.03
1  1.50e-03  0.5577635731  1.575597e-01 1.03
1  1.58e-03  0.5577610196  1.575597e-01 1.03
1  1.68e-03  0.5577584939  1.575597e-01 1.03
1  1.78e-03  0.557755698  1.575597e-01 1.03
1  1.88e-03  0.5577527627  1.575597e-01 1.03
1  2.00e-03  0.5577497322  1.575597e-01 1.03
1  2.11e-03  0.5577464354  1.575597e-01 1.03
1  2.24e-03  0.557742983  1.575597e-01 1.03
1  2.37e-03  0.5577393904  1.575597e-01 1.03
1  2.51e-03  0.5577354581  1.575597e-01 1.03
1  2.66e-03  0.5577313756  1.575597e-01 1.03
1  2.82e-03  0.5577270169  1.575597e-01 1.03
1  2.99e-03  0.5577224012  1.575597e-01 1.03
1  3.16e-03  0.5577175656  1.575597e-01 1.03
1  3.35e-03  0.557712365  1.575597e-01 1.03
1  3.55e-03  0.5577068998  1.575597e-01 1.03
1  3.76e-03  0.5577010946  1.575597e-01 1.03
1  3.98e-03  0.5576949393  1.575597e-01 1.03
1  4.22e-03  0.5576884311  1.575597e-01 1.03
1  4.47e-03  0.5576815312  1.575597e-01 1.03
1  4.73e-03  0.5576742463  1.575597e-01 1.03
1  5.01e-03  0.5576665058  1.575597e-01 1.03
1  5.31e-03  0.5576583161  1.575597e-01 1.03
1  5.62e-03  0.5576496091  1.575597e-01 1.03
1  5.96e-03  0.5576404095  1.575597e-01 1.03
1  6.31e-03  0.557630684  1.575597e-01 1.03
1  6.68e-03  0.5576203565  1.575597e-01 1.03
1  7.08e-03  0.5576094013  1.575597e-01 1.03
1  7.50e-03  0.557597831  1.575597e-01 1.03
1  7.94e-03  0.5575855546  1.575597e-01 1.03
1  8.41e-03  0.5575725584  1.575597e-01 1.03
1  8.91e-03  0.5575587697  1.575597e-01 1.03
1  9.44e-03  0.557544182  1.575597e-01 1.03
1  1.00e-02  0.5575287449  1.575597e-01 1.03
1  1.06e-02  0.5575123234  1.575597e-01 1.03
1  1.12e-02  0.557495018  1.575597e-01 1.03
1  1.19e-02  0.5574766409  1.575597e-01 1.03
1  1.26e-02  0.5574571692  1.575597e-01 1.03
1  1.33e-02  0.5574364931  1.575597e-01 1.03
1  1.41e-02  0.5574146331  1.575597e-01 1.03
1  1.50e-02  0.557391499  1.575597e-01 1.03
1  1.58e-02  0.5573669663  1.575597e-01 1.03
1  1.68e-02  0.5573409881  1.575597e-01 1.03
1  1.78e-02  0.5573134475  1.575597e-01 1.03
1  1.88e-02  0.5572842753  1.575597e-01 1.03
1  2.00e-02  0.5572533414  1.575597e-01 1.03
1  2.11e-02  0.5572206305  1.575597e-01 1.03
1  2.24e-02  0.5571859939  1.575597e-01 1.03
1  2.37e-02  0.55714916  1.575597e-01 1.03
1  2.51e-02  0.5571102867  1.575597e-01 1.03
1  2.66e-02  0.5570689868  1.575597e-01 1.03
1  2.82e-02  0.5570252233  1.575597e-01 1.03
1  2.99e-02  0.5569789898  1.575597e-01 1.03
1  3.16e-02  0.5569298556  1.575597e-01 1.03
1  3.35e-02  0.55687788  1.575597e-01 1.03
1  3.55e-02  0.5568226883  1.575597e-01 1.03
1  3.76e-02  0.55676438  1.575597e-01 1.03
1  3.98e-02  0.556702333  1.575597e-01 1.03
1  4.22e-02  0.5566367783  1.575597e-01 1.03
1  4.47e-02  0.5565674035  1.575597e-01 1.03
1  4.73e-02  0.5564936104  1.575597e-01 1.03
1  5.01e-02  0.5564155149  1.575597e-01 1.03
1  5.31e-02  0.5563328406  1.575597e-01 1.03
1  5.62e-02  0.5562452635  1.575597e-01 1.03
1  5.96e-02  0.5561520806  1.575597e-01 1.03
1  6.31e-02  0.556053705  1.575597e-01 1.03
1  6.68e-02  0.5559491734  1.575597e-01 1.03
1  7.08e-02  0.5558386767  1.575597e-01 1.03
1  7.50e-02  0.5557211316  1.575597e-01 1.03
1  7.94e-02  0.5555966656  1.575597e-01 1.03
1  8.41e-02  0.5554648417  1.575597e-01 1.03
1  8.91e-02  0.5553249533  1.575597e-01 1.03
1  9.44e-02  0.5551770026  1.575597e-01 1.03
1  1.00e-01  0.5550194874  1.575597e-01 1.03
1  1.06e-01  0.5548532026  1.575597e-01 1.03
1  1.12e-01  0.5546761187  1.575597e-01 1.03
1  1.19e-01  0.5544890073  1.575597e-01 1.03
1  1.26e-01  0.5542896963  1.575597e-01 1.03
1  1.33e-01  0.5540788322  1.575597e-01 1.03
1  1.41e-01  0.5538554107  1.575597e-01 1.03
1  1.50e-01  0.5536182961  1.575597e-01 1.03
1  1.58e-01  0.5533660494  1.575597e-01 1.03
1  1.68e-01  0.553099502  1.575597e-01 1.03
1  1.78e-01  0.5528154755  1.575597e-01 1.03
1  1.88e-01  0.5525146706  1.575597e-01 1.03
1  2.00e-01  0.55219577  1.575597e-01 1.03
1  2.11e-01  0.5518563089  1.575597e-01 1.03
1  2.24e-01  0.5514965503  1.575597e-01 1.03
1  2.37e-01  0.5511145918  1.575597e-01 1.03
1  2.51e-01  0.5507092541  1.575597e-01 1.03
1  2.66e-01  0.5502788605  1.575597e-01 1.03
1  2.82e-01  0.5498218928  1.575597e-01 1.03
1  2.99e-01  0.5493360983  1.575597e-01 1.03
1  3.16e-01  0.5488190199  1.575597e-01 1.03
1  3.35e-01  0.5482704565  1.575597e-01 1.03
1  3.55e-01  0.5476879099  1.575597e-01 1.03
1  3.76e-01  0.5470682154  1.575597e-01 1.03
1  3.98e-01  0.5464087591  1.575597e-01 1.03
1  4.22e-01  0.5457083413  1.575597e-01 1.03
1  4.47e-01  0.544963061  1.575597e-01 1.03
1  4.73e-01  0.5441704217  1.575597e-01 1.03
1  5.01e-01  0.5433293754  1.575597e-01 1.03
1  5.31e-01  0.542430236  1.575597e-01 1.03
1  5.62e-01  0.5414774577  1.575597e-01 1.03
1  5.96e-01  0.5404603997  1.575597e-01 1.03
1  6.31e-01  0.5393763086  1.575597e-01 1.03
1  6.68e-01  0.5382231612  1.575597e-01 1.03
1  7.08e-01  0.5369972069  1.575597e-01 1.03
1  7.50e-01  0.5356869469  1.575597e-01 1.03
1  7.94e-01  0.5342946752  1.575597e-01 1.03
1  8.41e-01  0.5328057141  1.575597e-01 1.03
1  8.91e-01  0.5312237801  1.575597e-01 1.03
1  9.44e-01  0.5295353099  1.575597e-01 1.03
1  1.00e+00  0.5277319793  1.575597e-01 1.03
1  1.06e+00  0.5258075504  1.575597e-01 1.03
1  1.12e+00  0.523757362  1.575597e-01 1.03
1  1.19e+00  0.5215743881  1.575597e-01 1.03
1  1.26e+00  0.5192386711  1.575597e-01 1.03
1  1.33e+00  0.5167543092  1.575597e-01 1.03
1  1.41e+00  0.5140993184  1.575597e-01 1.03
1  1.50e+00  0.5112693512  1.575597e-01 1.03
1  1.58e+00  0.5082509371  1.575597e-01 1.03
1  1.68e+00  0.505033978  1.575597e-01 1.03
1  1.78e+00  0.5016074933  1.575597e-01 1.03
1  1.88e+00  0.4979596951  1.575597e-01 1.03
1  2.00e+00  0.4940818326  1.575597e-01 1.03
1  2.11e+00  0.4899563262  1.575597e-01 1.03
1  2.24e+00  0.485576889  1.575597e-01 1.03
1  2.37e+00  0.4809417868  1.575597e-01 1.03
1  2.51e+00  0.4760470237  1.575597e-01 1.03
1  2.66e+00  0.470868337  1.575597e-01 1.03
1  2.82e+00  0.4654209932  1.575597e-01 1.03
1  2.99e+00  0.4596934486  1.575597e-01 1.03
1  3.16e+00  0.4537120629  1.575597e-01 1.03
1  3.35e+00  0.4474615812  1.575597e-01 1.03
1  3.55e+00  0.4409716084  1.575597e-01 1.03
1  3.76e+00  0.43427322  1.575597e-01 1.03
1  3.98e+00  0.4274093611  1.575597e-01 1.03
1  4.22e+00  0.4203601058  1.575597e-01 1.03
1  4.47e+00  0.4132086241  1.575597e-01 1.03
1  4.73e+00  0.4059771685  1.575597e-01 1.03
1  5.01e+00  0.3987514998  1.575597e-01 1.03
1  5.31e+00  0.3915682447  1.575597e-01 1.03
1  5.62e+00  0.3844614197  1.575597e-01 1.03
1  5.96e+00  0.3775196504  1.575597e-01 1.03
1  6.31e+00  0.3707643494  1.575597e-01 1.03
1  6.68e+00  0.3642383455  1.575597e-01 1.03
1  7.08e+00  0.3580165837  1.575597e-01 1.03
1  7.50e+00  0.3521100292  1.575597e-01 1.03
1  7.94e+00  0.3465607987  1.575597e-01 1.03
1  8.41e+00  0.3413656934  1.575597e-01 1.03
1  8.91e+00  0.3365076041  1.575597e-01 1.03
1  9.44e+00  0.3320351448  1.575597e-01 1.03
1  1.00e+01  0.3279495056  1.575597e-01 1.03
1  1.06e+01  0.3241879596  1.575597e-01 1.03
1  1.12e+01  0.3207531616  1.575597e-01 1.03
1  1.19e+01  0.3176944148  1.575597e-01 1.03
1  1.26e+01  0.314816451  1.575597e-01 1.03
1  1.33e+01  0.3122958697  1.575597e-01 1.03
1  1.41e+01  0.3100284334  1.575597e-01 1.03
1  1.50e+01  0.307959984  1.575597e-01 1.03
1  1.58e+01  0.3061074751  1.575597e-01 1.03
1  1.68e+01  0.3044425914  1.575597e-01 1.03
1  1.78e+01  0.302956477  1.575597e-01 1.03
1  1.88e+01  0.3016032483  1.575597e-01 1.03
1  2.00e+01  0.3004178278  1.575597e-01 1.03
1  2.11e+01  0.2993053126  1.575597e-01 1.03
1  2.24e+01  0.2983150129  1.575597e-01 1.03
1  2.37e+01  0.2974018288  1.575597e-01 1.03
1  2.51e+01  0.296571263  1.575597e-01 1.03
1  2.66e+01  0.2958295677  1.575597e-01 1.03
1  2.82e+01  0.2951015153  1.575597e-01 1.03
1  2.99e+01  0.2944560466  1.575597e-01 1.03
1  3.16e+01  0.2938396826  1.575597e-01 1.03
1  3.35e+01  0.2932189934  1.575597e-01 1.03
1  3.55e+01  0.2926669493  1.575597e-01 1.03
1  3.76e+01  0.2921040285  1.575597e-01 1.03
1  3.98e+01  0.2915211707  1.575597e-01 1.03
1  4.22e+01  0.2909617091  1.575597e-01 1.03
1  4.47e+01  0.2904142205  1.575597e-01 1.03
1  4.73e+01  0.2898034634  1.575597e-01 1.03
1  5.01e+01  0.2891839855  1.575597e-01 1.03
1  5.31e+01  0.2885317653  1.575597e-01 1.03
1  5.62e+01  0.2878299935  1.575597e-01 1.03
1  5.96e+01  0.2870679973  1.575597e-01 1.03
1  6.31e+01  0.2862377971  1.575597e-01 1.03
1  6.68e+01  0.2853131006  1.575597e-01 1.03
1  7.08e+01  0.2842372771  1.575597e-01 1.03
1  7.50e+01  0.2830494587  1.575597e-01 1.03
1  7.94e+01  0.2816706723  1.575597e-01 1.03
1  8.41e+01  0.280084491  1.575597e-01 1.03
1  8.91e+01  0.2781959573  1.575597e-01 1.03
1  9.44e+01  0.2759871599  1.575597e-01 1.03
1  1.00e+02  0.2732932188  1.575597e-01 1.03
1  1.06e+02  0.2700539801  1.575597e-01 1.03
1  1.12e+02  0.2660393873  1.575597e-01 1.03
1  1.19e+02  0.261022336  1.575597e-01 1.03
1  1.26e+02  0.2547131027  1.575597e-01 1.03
1  1.33e+02  0.2466889476  1.575597e-01 1.03
1  1.41e+02  0.2364330708  1.575597e-01 1.03
1  1.50e+02  0.2232895724  1.575597e-01 1.03
1  1.58e+02  0.2067662921  1.575597e-01 1.03
1  1.68e+02  0.1866646003  1.575597e-01 1.03
1  1.78e+02  0.1635447298  1.575597e-01 1.03
1  1.88e+02  0.1390137742  1.575597e-01 1.03
1  2.00e+02  0.1153507301  1.575597e-01 1.03
1  2.11e+02  0.0946080572  1.575597e-01 1.03
1  2.24e+02  0.07774322494  1.575597e-01 1.03
1  2.37e+02  0.06475457059  1.575597e-01 1.03
1  2.51e+02  0.0550449685  1.575597e-01 1.03
1  2.66e+02  0.04788220293  1.575597e-01 1.03
1  2.82e+02  0.04259388166  1.575597e-01 1.03
1  2.99e+02  0.03867730094  1.575597e-01 1.03
1  3.16e+02  0.03574349585  1.575597e-01 1.03
1  3.35e+02  0.03351830234  1.575597e-01 1.03
1  3.55e+02  0.03181423897  1.575597e-01 1.03
1  3.76e+02  0.03049488206  1.575597e-01 1.03
1  3.98e+02  0.02946276395  1.575597e-01 1.03
1  4.22e+02  0.02864361394  1.575597e-01 1.03
1  4.47e+02  0.0279921129  1.575597e-01 1.03
1  4.73e+02  0.02746746887  1.575597e-01 1.03
1  5.01e+02  0.02703773773  1.575597e-01 1.03
1  5.31e+02  0.02668935198  1.575597e-01 1.03
1  5.62e+02  0.0264011876  1.575597e-01 1.03
1  5.96e+02  0.02616619772  1.575597e-01 1.03
1  6.31e+02  0.02596707179  1.575597e-01 1.03
1  6.68e+02  0.02580150823  1.575597e-01 1.03
1  7.08e+02  0.02566331187  1.575597e-01 1.03
1  7.50e+02  0.02554517001  1.575597e-01 1.03
1  7.94e+02  0.02544588894  1.575597e-01 1.03
1  8.41e+02  0.02536236382  1.575597e-01 1.03
1  8.91e+02  0.02529084644  1.575597e-01 1.03
1  9.44e+02  0.02522793318  1.575597e-01 1.03
1  1.00e+03  0.02517592451  1.575597e-01 1.03
1  1.06e+03  0.02512963426  1.575597e-01 1.03
1  1.12e+03  0.02509067151  1.575597e-01 1.03
1  1.19e+03  0.02505814996  1.575597e-01 1.03
1  1.26e+03  0.02502923939  1.575597e-01 1.03
1  1.33e+03  0.02500363815  1.575597e-01 1.03
1  1.41e+03  0.0249805824  1.575597e-01 1.03
1  1.50e+03  0.02496184291  1.575597e-01 1.03
1  1.58e+03  0.02494597623  1.575597e-01 1.03
1  1.68e+03  0.02493044301  1.575597e-01 1.03
1  1.78e+03  0.02491797529  1.575597e-01 1.03
1  1.88e+03  0.02490745363  1.575597e-01 1.03
1  2.00e+03  0.02489796803  1.575597e-01 1.03
1  2.11e+03  0.02488900313  1.575597e-01 1.03
1  2.24e+03  0.0248815627  1.575597e-01 1.03
1  2.37e+03  0.024874574  1.575597e-01 1.03
1  2.51e+03  0.02486879391  1.575597e-01 1.03
1  2.66e+03  0.02486447003  1.575597e-01 1.03
1  2.82e+03  0.02485960231  1.575597e-01 1.03
1  2.99e+03  0.02485468783  1.575597e-01 1.03
1  3.16e+03  0.02485156858  1.575597e-01 1.03
1  3.35e+03  0.02484894486  1.575597e-01 1.03
1  3.55e+03  0.02484606253  1.575597e-01 1.03
1  3.76e+03  0.02484404199  1.575597e-01 1.03
1  3.98e+03  0.02484371205  1.575597e-01 1.03
1  4.22e+03  0.02483934415  1.575597e-01 1.03
1  4.47e+03  0.0248383833  1.575597e-01 1.03
1  4.73e+03  0.02483750411  1.575597e-01 1.03
1  5.01e+03  0.02483938474  1.575597e-01 1.03
1  5.31e+03  0.02483385203  1.575597e-01 1.03
1  5.62e+03  0.02482681021  1.575597e-01 1.03
1  5.96e+03  0.02482543327  1.575597e-01 1.03
1  6.31e+03  0.0248265884  1.575597e-01 1.03
1  6.68e+03  0.02483135147  1.575597e-01 1.03
1  7.08e+03  0.02485933072  1.575597e-01 1.03
1  7.50e+03  0.0249222859  1.575597e-01 1.03
1  7.94e+03  0.02491627162  1.575597e-01 1.03
1  8.41e+03  0.02495873581  1.575597e-01 1.03
1  8.91e+03  0.0251009673  1.575597e-01 1.03
1  9.44e+03  0.02514459488  1.575597e-01 1.03
1  1.00e+04  0.02537894738  1.575597e-01 1.03
1  1.06e+04  0.02566905674  1.575597e-01 1.03
1  1.12e+04  0.02585339248  1.575597e-01 1.03
1  1.19e+04  0.02633945862  1.575597e-01 1.03
1  1.26e+04  0.02708484008  1.575597e-01 1.03
1  1.33e+04  0.02791323275  1.575597e-01 1.03
1  1.41e+04  0.02885726681  1.575597e-01 1.03
1  1.50e+04  0.03001432753  1.575597e-01 1.03
1  1.58e+04  0.03167154988  1.575597e-01 1.03
1  1.68e+04  0.03363408959  1.575597e-01 1.03
1  1.78e+04  0.03594229164  1.575597e-01 1.03
1  1.88e+04  0.03868502753  1.575597e-01 1.03
1  2.00e+04  0.04178163643  1.575597e-01 1.03
1  2.11e+04  0.0451966755  1.575597e-01 1.03
1  2.24e+04  0.04927253366  1.575597e-01 1.03
1  2.37e+04  0.05402689239  1.575597e-01 1.03
1  2.51e+04  0.05914219018  1.575597e-01 1.03
1  2.66e+04  0.06527523007  1.575597e-01 1.03
1  2.82e+04  0.07143660559  1.575597e-01 1.03
1  2.99e+04  0.07846487558  1.575597e-01 1.03
1  3.16e+04  0.08605193377  1.575597e-01 1.03
1  3.35e+04  0.09402419757  1.575597e-01 1.03
1  3.55e+04  0.1025209643  1.575597e-01 1.03
1  3.76e+04  0.1121114446  1.575597e-01 1.03
1  3.98e+04  0.1202519437  1.575597e-01 1.03
1  4.22e+04  0.1324219319  1.575597e-01 1.03
1  4.47e+04  0.1403922274  1.575597e-01 1.03
1  4.73e+04  0.1516414206  1.575597e-01 1.03
1  5.01e+04  0.1645063118  1.575597e-01 1.03
1  5.31e+04  0.1731941818  1.575597e-01 1.03
1  5.62e+04  0.1840279518  1.575597e-01 1.03
1  5.96e+04  0.1976710222  1.575597e-01 1.03
1  6.31e+04  0.2100074836  1.575597e-01 1.03
1  6.68e+04  0.2198369259  1.575597e-01 1.03
1  7.08e+04  0.2294488066  1.575597e-01 1.03
1  7.50e+04  0.2417771025  1.575597e-01 1.03
1  7.94e+04  0.2561960796  1.575597e-01 1.03
1  8.41e+04  0.2692662667  1.575597e-01 1.03
1  8.91e+04  0.2793461215  1.575597e-01 1.03
1  9.44e+04  0.287842265  1.575597e-01 1.03
1  1.00e+05  0.2968632161  1.575597e-01 1.03
1  1.06e+05  0.307376693  1.575597e-01 1.03
1  1.12e+05  0.3192307276  1.575597e-01 1.03
1  1.19e+05  0.3317637533  1.575597e-01 1.03
1  1.26e+05  0.3441394471  1.575597e-01 1.03
1  1.33e+05  0.3555676049  1.575597e-01 1.03
1  1.41e+05  0.3655581187  1.575597e-01 1.03
1  1.50e+05  0.3740589219  1.575597e-01 1.03
1  1.58e+05  0.3813819385  1.575597e-01 1.03
1  1.68e+05  0.3880007964  1.575597e-01 1.03
1  1.78e+05  0.3943584389  1.575597e-01 1.03
1  1.88e+05  0.400763511  1.575597e-01 1.03
1  2.00e+05  0.4073765287  1.575597e-01 1.03
1  2.11e+05  0.4142453194  1.575597e-01 1.03
1  2.24e+05  0.4213489738  1.575597e-01 1.03
1  2.37e+05  0.4286296295  1.575597e-01 1.03
1  2.51e+05  0.4360101257  1.575597e-01 1.03
1  2.66e+05  0.4434036549  1.575597e-01 1.03
1  2.82e+05  0.4507209913  1.575597e-01 1.03
1  2.99e+05  0.4578773886  1.575597e-01 1.03
1  3.16e+05  0.4647986958  1.575597e-01 1.03
1  3.35e+05  0.4714255896  1.575597e-01 1.03
1  3.55e+05  0.4777153574  1.575597e-01 1.03
1  3.76e+05  0.4836414389  1.575597e-01 1.03
1  3.98e+05  0.4891914211  1.575597e-01 1.03
1  4.22e+05  0.4943642809  1.575597e-01 1.03
1  4.47e+05  0.4991675177  1.575597e-01 1.03
1  4.73e+05  0.5036145758  1.575597e-01 1.03
1  5.01e+05  0.5077227355  1.575597e-01 1.03
1  5.31e+05  0.5115114988  1.575597e-01 1.03
1  5.62e+05  0.5150014153  1.575597e-01 1.03
1  5.96e+05  0.5182132604  1.575597e-01 1.03
1  6.31e+05  0.5211674784  1.575597e-01 1.03
1  6.68e+05  0.5238838177  1.575597e-01 1.03
1  7.08e+05  0.5263811001  1.575597e-01 1.03
1  7.50e+05  0.5286770853  1.575597e-01 1.03
1  7.94e+05  0.5307884004  1.575597e-01 1.03
1  8.41e+05  0.5327305152  1.575597e-01 1.03
1  8.91e+05  0.5345177508  1.575597e-01 1.03
1  9.44e+05  0.536163309  1.575597e-01 1.03
1  1.00e+06  0.5376793186  1.575597e-01 1.03
1  1.06e+06  0.5390768912  1.575597e-01 1.03
1  1.12e+06  0.5403661833  1.575597e-01 1.03
1  1.19e+06  0.5415564615  1.575597e-01 1.03
1  1.26e+06  0.5426561689  1.575597e-01 1.03
1  1.33e+06  0.5436729898  1.575597e-01 1.03
1  1.41e+06  0.5446139133  1.575597e-01 1.03
1  1.50e+06  0.5454852933  1.575597e-01 1.03
1  1.58e+06  0.5462929051  1.575597e-01 1.03
1  1.68e+06  0.5470419983  1.575597e-01 1.03
1  1.78e+06  0.5477373455  1.575597e-01 1.03
1  1.88e+06  0.5483832901  1.575597e-01 1.03
1  2.00e+06  0.5489837797  1.575597e-01 1.03
1  2.11e+06  0.5495424095  1.575597e-01 1.03
1  2.24e+06  0.5500624565  1.575597e-01 1.03
1  2.37e+06  0.550546909  1.575597e-01 1.03
1  2.51e+06  0.5509984942  1.575597e-01 1.03
1  2.66e+06  0.5514197029  1.575597e-01 1.03
1  2.82e+06  0.5518128132  1.575597e-01 1.03
1  2.99e+06  0.5521799095  1.575597e-01 1.03
1  3.16e+06  0.5525229013  1.575597e-01 1.03
1  3.35e+06  0.5528435397  1.575597e-01 1.03
1  3.55e+06  0.5531434322  1.575597e-01 1.03
1  3.76e+06  0.5534240555  1.575597e-01 1.03
1  3.98e+06  0.5536867679  1.575597e-01 1.03
1  4.22e+06  0.5539328199  1.575597e-01 1.03
1  4.47e+06  0.5541633639  1.575597e-01 1.03
1  4.73e+06  0.5543794629  1.575597e-01 1.03
1  5.01e+06  0.5545820981  1.575597e-01 1.03
1  5.31e+06  0.5547721766  1.575597e-01 1.03
1  5.62e+06  0.5549505371  1.575597e-01 1.03
1  5.96e+06  0.5551179561  1.575597e-01 1.03
1  6.31e+06  0.5552751532  1.575597e-01 1.03
1  6.68e+06  0.5554227955  1.575597e-01 1.03
1  7.08e+06  0.555561502  1.575597e-01 1.03
1  7.50e+06  0.5556918479  1.575597e-01 1.03
1  7.94e+06  0.5558143676  1.575597e-01 1.03
1  8.41e+06  0.555929558  1.575597e-01 1.03
1  8.91e+06  0.556037882  1.575597e-01 1.03
1  9.44e+06  0.5561397703  1.575597e-01 1.03
1  1.00e+07  0.5562356245  1.575597e-01 1.03
