1  1.00e-03  0.6086614438  5.008117e-01 0.9024
1  1.10e-03  0.6086584332  5.008117e-01 0.9024
1  1.20e-03  0.608655136  5.008117e-01 0.9024
1  1.32e-03  0.608651376  5.008117e-01 0.9024
1  1.45e-03  0.6086473979  5.008117e-01 0.9024
1  1.58e-03  0.6086430642  5.008117e-01 0.9024
1  1.74e-03  0.608638218  5.008117e-01 0.9024
1  1.91e-03  0.6086330024  5.008117e-01 0.9024
1  2.09e-03  0.6086271803  5.008117e-01 0.9024
1  2.29e-03  0.6086208613  5.008117e-01 0.9024
1  2.51e-03  0.6086139362  5.008117e-01 0.9024
1  2.75e-03  0.608606319  5.008117e-01 0.9024
1  3.02e-03  0.6085979711  5.008117e-01 0.9024
1  3.31e-03  0.6085888395  5.008117e-01 0.9024
1  3.63e-03  0.6085788357  5.008117e-01 0.9024
1  3.98e-03  0.608567794  5.008117e-01 0.9024
1  4.37e-03  0.608555736  5.008117e-01 0.9024
1  4.79e-03  0.6085425251  5.008117e-01 0.9024
1  5.25e-03  0.6085280004  5.008117e-01 0.9024
1  5.75e-03  0.6085120976  5.008117e-01 0.9024
1  6.31e-03  0.6084946638  5.008117e-01 0.9024
1  6.92e-03  0.6084755185  5.008117e-01 0.9024
1  7.59e-03  0.6084545228  5.008117e-01 0.9024
1  8.32e-03  0.6084315005  5.008117e-01 0.9024
1  9.12e-03  0.6084062579  5.008117e-01 0.9024
1  1.00e-02  0.6083786156  5.008117e-01 0.9024
1  1.10e-02  0.6083482186  5.008117e-01 0.9024
1  1.20e-02  0.6083149114  5.008117e-01 0.9024
1  1.32e-02  0.6082783817  5.008117e-01 0.9024
1  1.45e-02  0.6082383256  5.008117e-01 0.9024
1  1.58e-02  0.6081943906  5.008117e-01 0.9024
1  1.74e-02  0.6081462556  5.008117e-01 0.9024
1  1.91e-02  0.6080933524  5.008117e-01 0.9024
1  2.09e-02  0.6080353964  5.008117e-01 0.9024
1  2.29e-02  0.6079717827  5.008117e-01 0.9024
1  2.51e-02  0.6079019788  5.008117e-01 0.9024
1  2.75e-02  0.6078253202  5.008117e-01 0.9024
1  3.02e-02  0.607741396  5.008117e-01 0.9024
1  3.31e-02  0.6076492161  5.008117e-01 0.9024
1  3.63e-02  0.6075480465  5.008117e-01 0.9024
1  3.98e-02  0.6074369025  5.008117e-01 0.9024
1  4.37e-02  0.6073152443  5.008117e-01 0.9024
1  4.79e-02  0.6071814375  5.008117e-01 0.9024
1  5.25e-02  0.607034532  5.008117e-01 0.9024
1  5.75e-02  0.6068735146  5.008117e-01 0.9024
1  6.31e-02  0.6066965683  5.008117e-01 0.9024
1  6.92e-02  0.6065023459  5.008117e-01 0.9024
1  7.59e-02  0.6062891286  5.008117e-01 0.9024
1  8.32e-02  0.606054452  5.008117e-01 0.9024
1  9.12e-02  0.605797436  5.008117e-01 0.9024
1  1.00e-01  0.6055142522  5.008117e-01 0.9024
1  1.10e-01  0.6052032855  5.008117e-01 0.9024
1  1.20e-01  0.604861602  5.008117e-01 0.9024
1  1.32e-01  0.6044864153  5.008117e-01 0.9024
1  1.45e-01  0.6040728387  5.008117e-01 0.9024
1  1.58e-01  0.603618694  5.008117e-01 0.9024
1  1.74e-01  0.603118521  5.008117e-01 0.9024
1  1.91e-01  0.6025678004  5.008117e-01 0.9024
1  2.09e-01  0.6019616816  5.008117e-01 0.9024
1  2.29e-01  0.6012936873  5.008117e-01 0.9024
1  2.51e-01  0.6005577872  5.008117e-01 0.9024
1  2.75e-01  0.5997470365  5.008117e-01 0.9024
1  3.02e-01  0.5988514741  5.008117e-01 0.9024
1  3.31e-01  0.5978638678  5.008117e-01 0.9024
1  3.63e-01  0.5967720747  5.008117e-01 0.9024
1  3.98e-01  0.5955680023  5.008117e-01 0.9024
1  4.37e-01  0.5942351491  5.008117e-01 0.9024
1  4.79e-01  0.5927593856  5.008117e-01 0.9024
1  5.25e-01  0.5911246839  5.008117e-01 0.9024
1  5.75e-01  0.5893123034  5.008117e-01 0.9024
1  6.31e-01  0.5873048531  5.008117e-01 0.9024
1  6.92e-01  0.5850718291  5.008117e-01 0.9024
1  7.59e-01  0.5825934557  5.008117e-01 0.9024
1  8.32e-01  0.5798320121  5.008117e-01 0.9024
1  9.12e-01  0.5767577605  5.008117e-01 0.9024
1  1.00e+00  0.573335593  5.008117e-01 0.9024
1  1.10e+00  0.5695087362  5.008117e-01 0.9024
1  1.20e+00  0.5652379279  5.008117e-01 0.9024
1  1.32e+00  0.5604541343  5.008117e-01 0.9024
1  1.45e+00  0.555113123  5.008117e-01 0.9024
1  1.58e+00  0.549126554  5.008117e-01 0.9024
1  1.74e+00  0.5424218028  5.008117e-01 0.9024
1  1.91e+00  0.534914682  5.008117e-01 0.9024
1  2.09e+00  0.5265236443  5.008117e-01 0.9024
1  2.29e+00  0.5171663861  5.008117e-01 0.9024
1  2.51e+00  0.5067236581  5.008117e-01 0.9024
1  2.75e+00  0.4951587181  5.008117e-01 0.9024
1  3.02e+00  0.4824216013  5.008117e-01 0.9024
1  3.31e+00  0.4684847302  5.008117e-01 0.9024
1  3.63e+00  0.4533755486  5.008117e-01 0.9024
1  3.98e+00  0.4372674084  5.008117e-01 0.9024
1  4.37e+00  0.4203060725  5.008117e-01 0.9024
1  4.79e+00  0.4027951012  5.008117e-01 0.9024
1  5.25e+00  0.385116829  5.008117e-01 0.9024
1  5.75e+00  0.3676409611  5.008117e-01 0.9024
1  6.31e+00  0.3508246899  5.008117e-01 0.9024
1  6.92e+00  0.3350370622  5.008117e-01 0.9024
1  7.59e+00  0.3205861358  5.008117e-01 0.9024
1  8.32e+00  0.3075930189  5.008117e-01 0.9024
1  9.12e+00  0.2962175532  5.008117e-01 0.9024
1  1.00e+01  0.2863852766  5.008117e-01 0.9024
1  1.10e+01  0.2780186784  5.008117e-01 0.9024
1  1.20e+01  0.2710338499  5.008117e-01 0.9024
1  1.32e+01  0.2651503053  5.008117e-01 0.9024
1  1.45e+01  0.2602632345  5.008117e-01 0.9024
1  1.58e+01  0.256258201  5.008117e-01 0.9024
1  1.74e+01  0.2529356812  5.008117e-01 0.9024
1  1.91e+01  0.250200147  5.008117e-01 0.9024
1  2.09e+01  0.2479207025  5.008117e-01 0.9024
1  2.29e+01  0.2460408822  5.008117e-01 0.9024
1  2.51e+01  0.2444629917  5.008117e-01 0.9024
1  2.75e+01  0.2430991617  5.008117e-01 0.9024
1  3.02e+01  0.2419379082  5.008117e-01 0.9024
1  3.31e+01  0.2409106267  5.008117e-01 0.9024
1  3.63e+01  0.2399493407  5.008117e-01 0.9024
1  3.98e+01  0.2391107778  5.008117e-01 0.9024
1  4.37e+01  0.2382626594  5.008117e-01 0.9024
1  4.79e+01  0.2374149989  5.008117e-01 0.9024
1  5.25e+01  0.2365600023  5.008117e-01 0.9024
1  5.75e+01  0.235609915  5.008117e-01 0.9024
1  6.31e+01  0.234536491  5.008117e-01 0.9024
1  6.92e+01  0.2333111765  5.008117e-01 0.9024
1  7.59e+01  0.2318229394  5.008117e-01 0.9024
1  8.32e+01  0.2299907122  5.008117e-01 0.9024
1  9.12e+01  0.2275997106  5.008117e-01 0.9024
1  1.00e+02  0.2244643413  5.008117e-01 0.9024
1  1.10e+02  0.220183203  5.008117e-01 0.9024
1  1.20e+02  0.2141075512  5.008117e-01 0.9024
1  1.32e+02  0.2051955715  5.008117e-01 0.9024
1  1.45e+02  0.191831728  5.008117e-01 0.9024
1  1.58e+02  0.1719980693  5.008117e-01 0.9024
1  1.74e+02  0.1445162849  5.008117e-01 0.9024
1  1.91e+02  0.1122831433  5.008117e-01 0.9024
1  2.09e+02  0.08267307545  5.008117e-01 0.9024
1  2.29e+02  0.06101935843  5.008117e-01 0.9024
1  2.51e+02  0.04719701996  5.008117e-01 0.9024
1  2.75e+02  0.03879787225  5.008117e-01 0.9024
1  3.02e+02  0.0336601949  5.008117e-01 0.9024
1  3.31e+02  0.03043919971  5.008117e-01 0.9024
1  3.63e+02  0.02836178138  5.008117e-01 0.9024
1  3.98e+02  0.02697652559  5.008117e-01 0.9024
1  4.37e+02  0.026026672  5.008117e-01 0.9024
1  4.79e+02  0.02535977021  5.008117e-01 0.9024
1  5.25e+02  0.02488164521  5.008117e-01 0.9024
1  5.75e+02  0.0245339546  5.008117e-01 0.9024
1  6.31e+02  0.02427529085  5.008117e-01 0.9024
1  6.92e+02  0.02408353599  5.008117e-01 0.9024
1  7.59e+02  0.02393684319  5.008117e-01 0.9024
1  8.32e+02  0.02382350561  5.008117e-01 0.9024
1  9.12e+02  0.02373613602  5.008117e-01 0.9024
1  1.00e+03  0.02366826698  5.008117e-01 0.9024
1  1.10e+03  0.02361632005  5.008117e-01 0.9024
1  1.20e+03  0.02357335757  5.008117e-01 0.9024
1  1.32e+03  0.02354069523  5.008117e-01 0.9024
1  1.45e+03  0.02351373732  5.008117e-01 0.9024
1  1.58e+03  0.02349161613  5.008117e-01 0.9024
1  1.74e+03  0.02347473326  5.008117e-01 0.9024
1  1.91e+03  0.02346074075  5.008117e-01 0.9024
1  2.09e+03  0.02344978831  5.008117e-01 0.9024
1  2.29e+03  0.02344077341  5.008117e-01 0.9024
1  2.51e+03  0.02343376661  5.008117e-01 0.9024
1  2.75e+03  0.02342779224  5.008117e-01 0.9024
1  3.02e+03  0.02342280359  5.008117e-01 0.9024
1  3.31e+03  0.02341847573  5.008117e-01 0.9024
1  3.63e+03  0.02341635156  5.008117e-01 0.9024
1  3.98e+03  0.02341288888  5.008117e-01 0.9024
1  4.37e+03  0.02341464936  5.008117e-01 0.9024
1  4.79e+03  0.0234157472  5.008117e-01 0.9024
1  5.25e+03  0.02340322488  5.008117e-01 0.9024
1  5.75e+03  0.02342655495  5.008117e-01 0.9024
1  6.31e+03  0.02341365391  5.008117e-01 0.9024
1  6.92e+03  0.0234269997  5.008117e-01 0.9024
1  7.59e+03  0.02351008335  5.008117e-01 0.9024
1  8.32e+03  0.02361446656  5.008117e-01 0.9024
1  9.12e+03  0.02375181991  5.008117e-01 0.9024
1  1.00e+04  0.02405301027  5.008117e-01 0.9024
1  1.10e+04  0.02471408195  5.008117e-01 0.9024
1  1.20e+04  0.02567837105  5.008117e-01 0.9024
1  1.32e+04  0.02693100683  5.008117e-01 0.9024
1  1.45e+04  0.02892384333  5.008117e-01 0.9024
1  1.58e+04  0.03229233093  5.008117e-01 0.9024
1  1.74e+04  0.03586563337  5.008117e-01 0.9024
1  1.91e+04  0.0414488186  5.008117e-01 0.9024
1  2.09e+04  0.04786237695  5.008117e-01 0.9024
1  2.29e+04  0.0560780574  5.008117e-01 0.9024
1  2.51e+04  0.0656279591  5.008117e-01 0.9024
1  2.75e+04  0.0769147208  5.008117e-01 0.9024
1  3.02e+04  0.08994261206  5.008117e-01 0.9024
1  3.31e+04  0.1049743472  5.008117e-01 0.9024
1  3.63e+04  0.1212667554  5.008117e-01 0.9024
1  3.98e+04  0.1367394311  5.008117e-01 0.9024
1  4.37e+04  0.1563775228  5.008117e-01 0.9024
1  4.79e+04  0.1752295679  5.008117e-01 0.9024
1  5.25e+04  0.1945179638  5.008117e-01 0.9024
1  5.75e+04  0.2142920033  5.008117e-01 0.9024
1  6.31e+04  0.2370765135  5.008117e-01 0.9024
1  6.92e+04  0.254142876  5.008117e-01 0.9024
1  7.59e+04  0.275042564  5.008117e-01 0.9024
1  8.32e+04  0.2993073252  5.008117e-01 0.9024
1  9.12e+04  0.3167344167  5.008117e-01 0.9024
1  1.00e+05  0.3319630241  5.008117e-01 0.9024
1  1.10e+05  0.3508087132  5.008117e-01 0.9024
1  1.20e+05  0.372154815  5.008117e-01 0.9024
1  1.32e+05  0.3926037114  5.008117e-01 0.9024
1  1.45e+05  0.409478807  5.008117e-01 0.9024
1  1.58e+05  0.4226297882  5.008117e-01 0.9024
1  1.74e+05  0.4338009217  5.008117e-01 0.9024
1  1.91e+05  0.4447144957  5.008117e-01 0.9024
1  2.09e+05  0.4561669216  5.008117e-01 0.9024
1  2.29e+05  0.4682310341  5.008117e-01 0.9024
1  2.51e+05  0.4806607562  5.008117e-01 0.9024
1  2.75e+05  0.4931018676  5.008117e-01 0.9024
1  3.02e+05  0.505185025  5.008117e-01 0.9024
1  3.31e+05  0.5165946285  5.008117e-01 0.9024
1  3.63e+05  0.5271148188  5.008117e-01 0.9024
1  3.98e+05  0.5366383198  5.008117e-01 0.9024
1  4.37e+05  0.5451465627  5.008117e-01 0.9024
1  4.79e+05  0.5526798664  5.008117e-01 0.9024
1  5.25e+05  0.55931099  5.008117e-01 0.9024
1  5.75e+05  0.565126644  5.008117e-01 0.9024
1  6.31e+05  0.5702163116  5.008117e-01 0.9024
1  6.92e+05  0.5746661415  5.008117e-01 0.9024
1  7.59e+05  0.5785559105  5.008117e-01 0.9024
1  8.32e+05  0.5819577285  5.008117e-01 0.9024
1  9.12e+05  0.5849357164  5.008117e-01 0.9024
1  1.00e+06  0.5875462269  5.008117e-01 0.9024
1  1.10e+06  0.5898383634  5.008117e-01 0.9024
1  1.20e+06  0.5918546492  5.008117e-01 0.9024
1  1.32e+06  0.5936317513  5.008117e-01 0.9024
1  1.45e+06  0.595201201  5.008117e-01 0.9024
1  1.58e+06  0.5965900736  5.008117e-01 0.9024
1  1.74e+06  0.5978216083  5.008117e-01 0.9024
1  1.91e+06  0.5989157639  5.008117e-01 0.9024
1  2.09e+06  0.5998896909  5.008117e-01 0.9024
1  2.29e+06  0.6007581534  5.008117e-01 0.9024
1  2.51e+06  0.6015338905  5.008117e-01 0.9024
1  2.75e+06  0.6022279139  5.008117e-01 0.9024
1  3.02e+06  0.6028497662  5.008117e-01 0.9024
1  3.31e+06  0.6034077361  5.008117e-01 0.9024
1  3.63e+06  0.6039090428  5.008117e-01 0.9024
1  3.98e+06  0.6043599889  5.008117e-01 0.9024
1  4.37e+06  0.6047660915  5.008117e-01 0.9024
1  4.79e+06  0.6051321921  5.008117e-01 0.9024
1  5.25e+06  0.6054625491  5.008117e-01 0.9024
1  5.75e+06  0.6057609176  5.008117e-01 0.9024
1  6.31e+06  0.6060306159  5.008117e-01 0.9024
1  6.92e+06  0.6062745827  5.008117e-01 0.9024
1  7.59e+06  0.606495426  5.008117e-01 0.9024
1  8.32e+06  0.6066954647  5.008117e-01 0.9024
1  9.12e+06  0.6068767646  5.008117e-01 0.9024
1  1.00e+07  0.6070411691  5.008117e-01 0.9024
