1  1.00e-03  0.552347866  5.625252e-01 1.0136
1  1.10e-03  0.5523452888  5.625252e-01 1.0136
1  1.20e-03  0.5523424917  5.625252e-01 1.0136
1  1.32e-03  0.5523393753  5.625252e-01 1.0136
1  1.45e-03  0.552335895  5.625252e-01 1.0136
1  1.58e-03  0.5523321561  5.625252e-01 1.0136
1  1.74e-03  0.5523281436  5.625252e-01 1.0136
1  1.91e-03  0.5523236082  5.625252e-01 1.0136
1  2.09e-03  0.5523186047  5.625252e-01 1.0136
1  2.29e-03  0.5523132617  5.625252e-01 1.0136
1  2.51e-03  0.5523072849  5.625252e-01 1.0136
1  2.75e-03  0.5523007986  5.625252e-01 1.0136
1  3.02e-03  0.5522936604  5.625252e-01 1.0136
1  3.31e-03  0.5522858271  5.625252e-01 1.0136
1  3.63e-03  0.5522772609  5.625252e-01 1.0136
1  3.98e-03  0.5522678656  5.625252e-01 1.0136
1  4.37e-03  0.5522575743  5.625252e-01 1.0136
1  4.79e-03  0.5522462277  5.625252e-01 1.0136
1  5.25e-03  0.552233849  5.625252e-01 1.0136
1  5.75e-03  0.5522202316  5.625252e-01 1.0136
1  6.31e-03  0.5522053083  5.625252e-01 1.0136
1  6.92e-03  0.552188963  5.625252e-01 1.0136
1  7.59e-03  0.552171025  5.625252e-01 1.0136
1  8.32e-03  0.5521513577  5.625252e-01 1.0136
1  9.12e-03  0.5521297887  5.625252e-01 1.0136
1  1.00e-02  0.5521060923  5.625252e-01 1.0136
1  1.10e-02  0.5520801749  5.625252e-01 1.0136
1  1.20e-02  0.552051719  5.625252e-01 1.0136
1  1.32e-02  0.5520205159  5.625252e-01 1.0136
1  1.45e-02  0.5519862855  5.625252e-01 1.0136
1  1.58e-02  0.5519487386  5.625252e-01 1.0136
1  1.74e-02  0.551907512  5.625252e-01 1.0136
1  1.91e-02  0.5518623713  5.625252e-01 1.0136
1  2.09e-02  0.5518128072  5.625252e-01 1.0136
1  2.29e-02  0.5517584712  5.625252e-01 1.0136
1  2.51e-02  0.5516988697  5.625252e-01 1.0136
1  2.75e-02  0.5516335598  5.625252e-01 1.0136
1  3.02e-02  0.5515617657  5.625252e-01 1.0136
1  3.31e-02  0.5514831005  5.625252e-01 1.0136
1  3.63e-02  0.5513968023  5.625252e-01 1.0136
1  3.98e-02  0.5513022067  5.625252e-01 1.0136
1  4.37e-02  0.5511981589  5.625252e-01 1.0136
1  4.79e-02  0.5510841569  5.625252e-01 1.0136
1  5.25e-02  0.5509591554  5.625252e-01 1.0136
1  5.75e-02  0.550821831  5.625252e-01 1.0136
1  6.31e-02  0.5506710251  5.625252e-01 1.0136
1  6.92e-02  0.5505055668  5.625252e-01 1.0136
1  7.59e-02  0.5503239278  5.625252e-01 1.0136
1  8.32e-02  0.5501248645  5.625252e-01 1.0136
1  9.12e-02  0.5499057055  5.625252e-01 1.0136
1  1.00e-01  0.549665688  5.625252e-01 1.0136
1  1.10e-01  0.5494015265  5.625252e-01 1.0136
1  1.20e-01  0.5491117332  5.625252e-01 1.0136
1  1.32e-01  0.5487930597  5.625252e-01 1.0136
1  1.45e-01  0.5484431664  5.625252e-01 1.0136
1  1.58e-01  0.5480584719  5.625252e-01 1.0136
1  1.74e-01  0.5476356091  5.625252e-01 1.0136
1  1.91e-01  0.5471698524  5.625252e-01 1.0136
1  2.09e-01  0.5466583998  5.625252e-01 1.0136
1  2.29e-01  0.5460957445  5.625252e-01 1.0136
1  2.51e-01  0.5454771088  5.625252e-01 1.0136
1  2.75e-01  0.5447955671  5.625252e-01 1.0136
1  3.02e-01  0.5440450983  5.625252e-01 1.0136
1  3.31e-01  0.5432185834  5.625252e-01 1.0136
1  3.63e-01  0.5423072321  5.625252e-01 1.0136
1  3.98e-01  0.5413038063  5.625252e-01 1.0136
1  4.37e-01  0.5401972324  5.625252e-01 1.0136
1  4.79e-01  0.5389739522  5.625252e-01 1.0136
1  5.25e-01  0.5376252609  5.625252e-01 1.0136
1  5.75e-01  0.5361378501  5.625252e-01 1.0136
1  6.31e-01  0.5344911688  5.625252e-01 1.0136
1  6.92e-01  0.5326735686  5.625252e-01 1.0136
1  7.59e-01  0.5306587967  5.625252e-01 1.0136
1  8.32e-01  0.5284351776  5.625252e-01 1.0136
1  9.12e-01  0.5259687624  5.625252e-01 1.0136
1  1.00e+00  0.5232432311  5.625252e-01 1.0136
1  1.10e+00  0.5202174382  5.625252e-01 1.0136
1  1.20e+00  0.5168692615  5.625252e-01 1.0136
1  1.32e+00  0.513164967  5.625252e-01 1.0136
1  1.45e+00  0.5090525433  5.625252e-01 1.0136
1  1.58e+00  0.504513448  5.625252e-01 1.0136
1  1.74e+00  0.4994832821  5.625252e-01 1.0136
1  1.91e+00  0.493936467  5.625252e-01 1.0136
1  2.09e+00  0.4878295559  5.625252e-01 1.0136
1  2.29e+00  0.4811208735  5.625252e-01 1.0136
1  2.51e+00  0.4737964481  5.625252e-01 1.0136
1  2.75e+00  0.4658102875  5.625252e-01 1.0136
1  3.02e+00  0.4571917769  5.625252e-01 1.0136
1  3.31e+00  0.4479631181  5.625252e-01 1.0136
1  3.63e+00  0.438151937  5.625252e-01 1.0136
1  3.98e+00  0.4278936607  5.625252e-01 1.0136
1  4.37e+00  0.4172821839  5.625252e-01 1.0136
1  4.79e+00  0.4064942812  5.625252e-01 1.0136
1  5.25e+00  0.3956915493  5.625252e-01 1.0136
1  5.75e+00  0.3851130852  5.625252e-01 1.0136
1  6.31e+00  0.3749641872  5.625252e-01 1.0136
1  6.92e+00  0.3653633381  5.625252e-01 1.0136
1  7.59e+00  0.3564934943  5.625252e-01 1.0136
1  8.32e+00  0.348445732  5.625252e-01 1.0136
1  9.12e+00  0.3412696624  5.625252e-01 1.0136
1  1.00e+01  0.3349184941  5.625252e-01 1.0136
1  1.10e+01  0.329422628  5.625252e-01 1.0136
1  1.20e+01  0.3247329969  5.625252e-01 1.0136
1  1.32e+01  0.3206788182  5.625252e-01 1.0136
1  1.45e+01  0.3172545438  5.625252e-01 1.0136
1  1.58e+01  0.3143399532  5.625252e-01 1.0136
1  1.74e+01  0.3119053542  5.625252e-01 1.0136
1  1.91e+01  0.3098188154  5.625252e-01 1.0136
1  2.09e+01  0.3080727817  5.625252e-01 1.0136
1  2.29e+01  0.3065495265  5.625252e-01 1.0136
1  2.51e+01  0.3052481683  5.625252e-01 1.0136
1  2.75e+01  0.3041103403  5.625252e-01 1.0136
1  3.02e+01  0.3030696853  5.625252e-01 1.0136
1  3.31e+01  0.3021351987  5.625252e-01 1.0136
1  3.63e+01  0.301234091  5.625252e-01 1.0136
1  3.98e+01  0.3003601244  5.625252e-01 1.0136
1  4.37e+01  0.2994813246  5.625252e-01 1.0136
1  4.79e+01  0.2985829629  5.625252e-01 1.0136
1  5.25e+01  0.2975890199  5.625252e-01 1.0136
1  5.75e+01  0.296475881  5.625252e-01 1.0136
1  6.31e+01  0.2951793796  5.625252e-01 1.0136
1  6.92e+01  0.2936610069  5.625252e-01 1.0136
1  7.59e+01  0.2918045286  5.625252e-01 1.0136
1  8.32e+01  0.289458003  5.625252e-01 1.0136
1  9.12e+01  0.2864325054  5.625252e-01 1.0136
1  1.00e+02  0.2823796812  5.625252e-01 1.0136
1  1.10e+02  0.2768332353  5.625252e-01 1.0136
1  1.20e+02  0.2689426945  5.625252e-01 1.0136
1  1.32e+02  0.2573634755  5.625252e-01 1.0136
1  1.45e+02  0.2400234698  5.625252e-01 1.0136
1  1.58e+02  0.2142513168  5.625252e-01 1.0136
1  1.74e+02  0.1786110015  5.625252e-01 1.0136
1  1.91e+02  0.1370194813  5.625252e-01 1.0136
1  2.09e+02  0.09904394887  5.625252e-01 1.0136
1  2.29e+02  0.07136916863  5.625252e-01 1.0136
1  2.51e+02  0.05375427784  5.625252e-01 1.0136
1  2.75e+02  0.04304529857  5.625252e-01 1.0136
1  3.02e+02  0.03649524396  5.625252e-01 1.0136
1  3.31e+02  0.03239372855  5.625252e-01 1.0136
1  3.63e+02  0.02973773101  5.625252e-01 1.0136
1  3.98e+02  0.02796617582  5.625252e-01 1.0136
1  4.37e+02  0.02675632247  5.625252e-01 1.0136
1  4.79e+02  0.02590465557  5.625252e-01 1.0136
1  5.25e+02  0.02529275942  5.625252e-01 1.0136
1  5.75e+02  0.02484862317  5.625252e-01 1.0136
1  6.31e+02  0.02451932189  5.625252e-01 1.0136
1  6.92e+02  0.02427320353  5.625252e-01 1.0136
1  7.59e+02  0.02408499842  5.625252e-01 1.0136
1  8.32e+02  0.02394294339  5.625252e-01 1.0136
1  9.12e+02  0.02383081404  5.625252e-01 1.0136
1  1.00e+03  0.02374434135  5.625252e-01 1.0136
1  1.10e+03  0.02367493389  5.625252e-01 1.0136
1  1.20e+03  0.02362153429  5.625252e-01 1.0136
1  1.32e+03  0.02357846171  5.625252e-01 1.0136
1  1.45e+03  0.02354586563  5.625252e-01 1.0136
1  1.58e+03  0.02351785264  5.625252e-01 1.0136
1  1.74e+03  0.02349665031  5.625252e-01 1.0136
1  1.91e+03  0.02347846323  5.625252e-01 1.0136
1  2.09e+03  0.02346357734  5.625252e-01 1.0136
1  2.29e+03  0.02345194251  5.625252e-01 1.0136
1  2.51e+03  0.02344347941  5.625252e-01 1.0136
1  2.75e+03  0.0234352732  5.625252e-01 1.0136
1  3.02e+03  0.0234302182  5.625252e-01 1.0136
1  3.31e+03  0.02342497329  5.625252e-01 1.0136
1  3.63e+03  0.02341963029  5.625252e-01 1.0136
1  3.98e+03  0.02341721417  5.625252e-01 1.0136
1  4.37e+03  0.02341780641  5.625252e-01 1.0136
1  4.79e+03  0.02342076491  5.625252e-01 1.0136
1  5.25e+03  0.02340784242  5.625252e-01 1.0136
1  5.75e+03  0.02342856761  5.625252e-01 1.0136
1  6.31e+03  0.02340988284  5.625252e-01 1.0136
1  6.92e+03  0.02342472466  5.625252e-01 1.0136
1  7.59e+03  0.02351504795  5.625252e-01 1.0136
1  8.32e+03  0.02366195143  5.625252e-01 1.0136
1  9.12e+03  0.0237734239  5.625252e-01 1.0136
1  1.00e+04  0.02414559337  5.625252e-01 1.0136
1  1.10e+04  0.02481960602  5.625252e-01 1.0136
1  1.20e+04  0.02579864429  5.625252e-01 1.0136
1  1.32e+04  0.0270483765  5.625252e-01 1.0136
1  1.45e+04  0.02894019517  5.625252e-01 1.0136
1  1.58e+04  0.03214190523  5.625252e-01 1.0136
1  1.74e+04  0.03557550902  5.625252e-01 1.0136
1  1.91e+04  0.04065703056  5.625252e-01 1.0136
1  2.09e+04  0.04666415932  5.625252e-01 1.0136
1  2.29e+04  0.05417881229  5.625252e-01 1.0136
1  2.51e+04  0.06296101646  5.625252e-01 1.0136
1  2.75e+04  0.07328606655  5.625252e-01 1.0136
1  3.02e+04  0.08512075834  5.625252e-01 1.0136
1  3.31e+04  0.09875197856  5.625252e-01 1.0136
1  3.63e+04  0.1136307114  5.625252e-01 1.0136
1  3.98e+04  0.1276635941  5.625252e-01 1.0136
1  4.37e+04  0.1452435742  5.625252e-01 1.0136
1  4.79e+04  0.1625380824  5.625252e-01 1.0136
1  5.25e+04  0.179691054  5.625252e-01 1.0136
1  5.75e+04  0.1977550832  5.625252e-01 1.0136
1  6.31e+04  0.2181698436  5.625252e-01 1.0136
1  6.92e+04  0.233500549  5.625252e-01 1.0136
1  7.59e+04  0.2525050669  5.625252e-01 1.0136
1  8.32e+04  0.2742984435  5.625252e-01 1.0136
1  9.12e+04  0.2898412409  5.625252e-01 1.0136
1  1.00e+05  0.3035914614  5.625252e-01 1.0136
1  1.10e+05  0.3206530106  5.625252e-01 1.0136
1  1.20e+05  0.3399074992  5.625252e-01 1.0136
1  1.32e+05  0.3582753297  5.625252e-01 1.0136
1  1.45e+05  0.3733817773  5.625252e-01 1.0136
1  1.58e+05  0.3851489707  5.625252e-01 1.0136
1  1.74e+05  0.3951732822  5.625252e-01 1.0136
1  1.91e+05  0.4049963933  5.625252e-01 1.0136
1  2.09e+05  0.415317962  5.625252e-01 1.0136
1  2.29e+05  0.4261924748  5.625252e-01 1.0136
1  2.51e+05  0.4373930906  5.625252e-01 1.0136
1  2.75e+05  0.4485982545  5.625252e-01 1.0136
1  3.02e+05  0.4594745  5.625252e-01 1.0136
1  3.31e+05  0.4697382693  5.625252e-01 1.0136
1  3.63e+05  0.4791967447  5.625252e-01 1.0136
1  3.98e+05  0.4877550711  5.625252e-01 1.0136
1  4.37e+05  0.4953979841  5.625252e-01 1.0136
1  4.79e+05  0.5021628162  5.625252e-01 1.0136
1  5.25e+05  0.5081157327  5.625252e-01 1.0136
1  5.75e+05  0.5133351897  5.625252e-01 1.0136
1  6.31e+05  0.5179019634  5.625252e-01 1.0136
1  6.92e+05  0.521893717  5.625252e-01 1.0136
1  7.59e+05  0.5253823077  5.625252e-01 1.0136
1  8.32e+05  0.5284326462  5.625252e-01 1.0136
1  9.12e+05  0.5311024234  5.625252e-01 1.0136
1  1.00e+06  0.5334423205  5.625252e-01 1.0136
1  1.10e+06  0.5354964833  5.625252e-01 1.0136
1  1.20e+06  0.5373031299  5.625252e-01 1.0136
1  1.32e+06  0.5388952059  5.625252e-01 1.0136
1  1.45e+06  0.540301035  5.625252e-01 1.0136
1  1.58e+06  0.5415449326  5.625252e-01 1.0136
1  1.74e+06  0.5426477646  5.625252e-01 1.0136
1  1.91e+06  0.5436274471  5.625252e-01 1.0136
1  2.09e+06  0.5444993725  5.625252e-01 1.0136
1  2.29e+06  0.5452767899  5.625252e-01 1.0136
1  2.51e+06  0.5459711272  5.625252e-01 1.0136
1  2.75e+06  0.5465922625  5.625252e-01 1.0136
1  3.02e+06  0.5471487531  5.625252e-01 1.0136
1  3.31e+06  0.5476480319  5.625252e-01 1.0136
1  3.63e+06  0.5480965704  5.625252e-01 1.0136
1  3.98e+06  0.5485000184  5.625252e-01 1.0136
1  4.37e+06  0.5488633202  5.625252e-01 1.0136
1  4.79e+06  0.5491908143  5.625252e-01 1.0136
1  5.25e+06  0.5494863159  5.625252e-01 1.0136
1  5.75e+06  0.5497531889  5.625252e-01 1.0136
1  6.31e+06  0.5499944054  5.625252e-01 1.0136
1  6.92e+06  0.5502125972  5.625252e-01 1.0136
1  7.59e+06  0.5504100997  5.625252e-01 1.0136
1  8.32e+06  0.5505889891  5.625252e-01 1.0136
1  9.12e+06  0.5507511147  5.625252e-01 1.0136
1  1.00e+07  0.5508981266  5.625252e-01 1.0136
