1  1.00e-03  0.5702262687  5.416580e-01 0.9760000000000001
1  1.10e-03  0.5702235002  5.416580e-01 0.9760000000000001
1  1.20e-03  0.5702205029  5.416580e-01 0.9760000000000001
1  1.32e-03  0.5702170954  5.416580e-01 0.9760000000000001
1  1.45e-03  0.5702133848  5.416580e-01 0.9760000000000001
1  1.58e-03  0.5702093879  5.416580e-01 0.9760000000000001
1  1.74e-03  0.5702050098  5.416580e-01 0.9760000000000001
1  1.91e-03  0.5702002018  5.416580e-01 0.9760000000000001
1  2.09e-03  0.5701948126  5.416580e-01 0.9760000000000001
1  2.29e-03  0.5701890416  5.416580e-01 0.9760000000000001
1  2.51e-03  0.5701826367  5.416580e-01 0.9760000000000001
1  2.75e-03  0.5701756619  5.416580e-01 0.9760000000000001
1  3.02e-03  0.5701679885  5.416580e-01 0.9760000000000001
1  3.31e-03  0.5701595733  5.416580e-01 0.9760000000000001
1  3.63e-03  0.5701503817  5.416580e-01 0.9760000000000001
1  3.98e-03  0.5701402556  5.416580e-01 0.9760000000000001
1  4.37e-03  0.5701291747  5.416580e-01 0.9760000000000001
1  4.79e-03  0.5701170155  5.416580e-01 0.9760000000000001
1  5.25e-03  0.5701036842  5.416580e-01 0.9760000000000001
1  5.75e-03  0.5700890505  5.416580e-01 0.9760000000000001
1  6.31e-03  0.570073032  5.416580e-01 0.9760000000000001
1  6.92e-03  0.5700554333  5.416580e-01 0.9760000000000001
1  7.59e-03  0.5700361637  5.416580e-01 0.9760000000000001
1  8.32e-03  0.5700150102  5.416580e-01 0.9760000000000001
1  9.12e-03  0.5699918142  5.416580e-01 0.9760000000000001
1  1.00e-02  0.5699664024  5.416580e-01 0.9760000000000001
1  1.10e-02  0.5699384907  5.416580e-01 0.9760000000000001
1  1.20e-02  0.5699078646  5.416580e-01 0.9760000000000001
1  1.32e-02  0.5698743295  5.416580e-01 0.9760000000000001
1  1.45e-02  0.5698375338  5.416580e-01 0.9760000000000001
1  1.58e-02  0.5697971808  5.416580e-01 0.9760000000000001
1  1.74e-02  0.569752933  5.416580e-01 0.9760000000000001
1  1.91e-02  0.5697043223  5.416580e-01 0.9760000000000001
1  2.09e-02  0.5696511118  5.416580e-01 0.9760000000000001
1  2.29e-02  0.5695926943  5.416580e-01 0.9760000000000001
1  2.51e-02  0.5695285769  5.416580e-01 0.9760000000000001
1  2.75e-02  0.5694581958  5.416580e-01 0.9760000000000001
1  3.02e-02  0.56938114  5.416580e-01 0.9760000000000001
1  3.31e-02  0.5692965681  5.416580e-01 0.9760000000000001
1  3.63e-02  0.5692037258  5.416580e-01 0.9760000000000001
1  3.98e-02  0.5691017361  5.416580e-01 0.9760000000000001
1  4.37e-02  0.5689900832  5.416580e-01 0.9760000000000001
1  4.79e-02  0.5688672697  5.416580e-01 0.9760000000000001
1  5.25e-02  0.5687325693  5.416580e-01 0.9760000000000001
1  5.75e-02  0.5685849735  5.416580e-01 0.9760000000000001
1  6.31e-02  0.5684226462  5.416580e-01 0.9760000000000001
1  6.92e-02  0.5682446246  5.416580e-01 0.9760000000000001
1  7.59e-02  0.5680492678  5.416580e-01 0.9760000000000001
1  8.32e-02  0.5678343391  5.416580e-01 0.9760000000000001
1  9.12e-02  0.5675989645  5.416580e-01 0.9760000000000001
1  1.00e-01  0.5673397759  5.416580e-01 0.9760000000000001
1  1.10e-01  0.5670552044  5.416580e-01 0.9760000000000001
1  1.20e-01  0.5667427051  5.416580e-01 0.9760000000000001
1  1.32e-01  0.5663997148  5.416580e-01 0.9760000000000001
1  1.45e-01  0.5660218197  5.416580e-01 0.9760000000000001
1  1.58e-01  0.5656070937  5.416580e-01 0.9760000000000001
1  1.74e-01  0.5651506325  5.416580e-01 0.9760000000000001
1  1.91e-01  0.5646487971  5.416580e-01 0.9760000000000001
1  2.09e-01  0.5640966288  5.416580e-01 0.9760000000000001
1  2.29e-01  0.5634886169  5.416580e-01 0.9760000000000001
1  2.51e-01  0.5628188234  5.416580e-01 0.9760000000000001
1  2.75e-01  0.5620828898  5.416580e-01 0.9760000000000001
1  3.02e-01  0.5612694865  5.416580e-01 0.9760000000000001
1  3.31e-01  0.5603742208  5.416580e-01 0.9760000000000001
1  3.63e-01  0.5593879135  5.416580e-01 0.9760000000000001
1  3.98e-01  0.5582977326  5.416580e-01 0.9760000000000001
1  4.37e-01  0.5570960919  5.416580e-01 0.9760000000000001
1  4.79e-01  0.5557672675  5.416580e-01 0.9760000000000001
1  5.25e-01  0.5543004146  5.416580e-01 0.9760000000000001
1  5.75e-01  0.5526792988  5.416580e-01 0.9760000000000001
1  6.31e-01  0.5508817438  5.416580e-01 0.9760000000000001
1  6.92e-01  0.5488961308  5.416580e-01 0.9760000000000001
1  7.59e-01  0.5466905019  5.416580e-01 0.9760000000000001
1  8.32e-01  0.5442518579  5.416580e-01 0.9760000000000001
1  9.12e-01  0.5415414985  5.416580e-01 0.9760000000000001
1  1.00e+00  0.5385375337  5.416580e-01 0.9760000000000001
1  1.10e+00  0.5351980767  5.416580e-01 0.9760000000000001
1  1.20e+00  0.5314901565  5.416580e-01 0.9760000000000001
1  1.32e+00  0.5273683347  5.416580e-01 0.9760000000000001
1  1.45e+00  0.5227898204  5.416580e-01 0.9760000000000001
1  1.58e+00  0.5176977185  5.416580e-01 0.9760000000000001
1  1.74e+00  0.512051191  5.416580e-01 0.9760000000000001
1  1.91e+00  0.5057893195  5.416580e-01 0.9760000000000001
1  2.09e+00  0.4988550872  5.416580e-01 0.9760000000000001
1  2.29e+00  0.4912046657  5.416580e-01 0.9760000000000001
1  2.51e+00  0.4827748002  5.416580e-01 0.9760000000000001
1  2.75e+00  0.4735672698  5.416580e-01 0.9760000000000001
1  3.02e+00  0.46355208  5.416580e-01 0.9760000000000001
1  3.31e+00  0.4527343945  5.416580e-01 0.9760000000000001
1  3.63e+00  0.4412152372  5.416580e-01 0.9760000000000001
1  3.98e+00  0.4290378859  5.416580e-01 0.9760000000000001
1  4.37e+00  0.4164082394  5.416580e-01 0.9760000000000001
1  4.79e+00  0.4034941171  5.416580e-01 0.9760000000000001
1  5.25e+00  0.3905612083  5.416580e-01 0.9760000000000001
1  5.75e+00  0.3778420306  5.416580e-01 0.9760000000000001
1  6.31e+00  0.3656244522  5.416580e-01 0.9760000000000001
1  6.92e+00  0.3541064874  5.416580e-01 0.9760000000000001
1  7.59e+00  0.3434789041  5.416580e-01 0.9760000000000001
1  8.32e+00  0.3338542552  5.416580e-01 0.9760000000000001
1  9.12e+00  0.3253355096  5.416580e-01 0.9760000000000001
1  1.00e+01  0.3178832389  5.416580e-01 0.9760000000000001
1  1.10e+01  0.3114158649  5.416580e-01 0.9760000000000001
1  1.20e+01  0.3059437404  5.416580e-01 0.9760000000000001
1  1.32e+01  0.3012821153  5.416580e-01 0.9760000000000001
1  1.45e+01  0.2973312211  5.416580e-01 0.9760000000000001
1  1.58e+01  0.2940465089  5.416580e-01 0.9760000000000001
1  1.74e+01  0.2912841522  5.416580e-01 0.9760000000000001
1  1.91e+01  0.2889776194  5.416580e-01 0.9760000000000001
1  2.09e+01  0.287018282  5.416580e-01 0.9760000000000001
1  2.29e+01  0.285377583  5.416580e-01 0.9760000000000001
1  2.51e+01  0.2839750211  5.416580e-01 0.9760000000000001
1  2.75e+01  0.2827325504  5.416580e-01 0.9760000000000001
1  3.02e+01  0.2816498615  5.416580e-01 0.9760000000000001
1  3.31e+01  0.2806669659  5.416580e-01 0.9760000000000001
1  3.63e+01  0.2797643775  5.416580e-01 0.9760000000000001
1  3.98e+01  0.278869702  5.416580e-01 0.9760000000000001
1  4.37e+01  0.2780262867  5.416580e-01 0.9760000000000001
1  4.79e+01  0.2771116143  5.416580e-01 0.9760000000000001
1  5.25e+01  0.276164934  5.416580e-01 0.9760000000000001
1  5.75e+01  0.2751083013  5.416580e-01 0.9760000000000001
1  6.31e+01  0.2738937664  5.416580e-01 0.9760000000000001
1  6.92e+01  0.2724703756  5.416580e-01 0.9760000000000001
1  7.59e+01  0.2707431035  5.416580e-01 0.9760000000000001
1  8.32e+01  0.2685915276  5.416580e-01 0.9760000000000001
1  9.12e+01  0.2657911409  5.416580e-01 0.9760000000000001
1  1.00e+02  0.2620513804  5.416580e-01 0.9760000000000001
1  1.10e+02  0.2569465317  5.416580e-01 0.9760000000000001
1  1.20e+02  0.2497113593  5.416580e-01 0.9760000000000001
1  1.32e+02  0.2390574598  5.416580e-01 0.9760000000000001
1  1.45e+02  0.2231463089  5.416580e-01 0.9760000000000001
1  1.58e+02  0.1994416891  5.416580e-01 0.9760000000000001
1  1.74e+02  0.1666689632  5.416580e-01 0.9760000000000001
1  1.91e+02  0.1283790071  5.416580e-01 0.9760000000000001
1  2.09e+02  0.09333122862  5.416580e-01 0.9760000000000001
1  2.29e+02  0.06775785862  5.416580e-01 0.9760000000000001
1  2.51e+02  0.05146873014  5.416580e-01 0.9760000000000001
1  2.75e+02  0.04156432433  5.416580e-01 0.9760000000000001
1  3.02e+02  0.03551144201  5.416580e-01 0.9760000000000001
1  3.31e+02  0.03170949532  5.416580e-01 0.9760000000000001
1  3.63e+02  0.02925527046  5.416580e-01 0.9760000000000001
1  3.98e+02  0.02762157127  5.416580e-01 0.9760000000000001
1  4.37e+02  0.02650190841  5.416580e-01 0.9760000000000001
1  4.79e+02  0.0257125538  5.416580e-01 0.9760000000000001
1  5.25e+02  0.02514909805  5.416580e-01 0.9760000000000001
1  5.75e+02  0.02473891261  5.416580e-01 0.9760000000000001
1  6.31e+02  0.02443585306  5.416580e-01 0.9760000000000001
1  6.92e+02  0.0242070993  5.416580e-01 0.9760000000000001
1  7.59e+02  0.0240344582  5.416580e-01 0.9760000000000001
1  8.32e+02  0.0239006425  5.416580e-01 0.9760000000000001
1  9.12e+02  0.02379831301  5.416580e-01 0.9760000000000001
1  1.00e+03  0.02371768264  5.416580e-01 0.9760000000000001
1  1.10e+03  0.02365527146  5.416580e-01 0.9760000000000001
1  1.20e+03  0.02360446446  5.416580e-01 0.9760000000000001
1  1.32e+03  0.02356514065  5.416580e-01 0.9760000000000001
1  1.45e+03  0.02353410905  5.416580e-01 0.9760000000000001
1  1.58e+03  0.02350831288  5.416580e-01 0.9760000000000001
1  1.74e+03  0.02348899107  5.416580e-01 0.9760000000000001
1  1.91e+03  0.02347198526  5.416580e-01 0.9760000000000001
1  2.09e+03  0.02345850707  5.416580e-01 0.9760000000000001
1  2.29e+03  0.02344794439  5.416580e-01 0.9760000000000001
1  2.51e+03  0.0234402188  5.416580e-01 0.9760000000000001
1  2.75e+03  0.02343310011  5.416580e-01 0.9760000000000001
1  3.02e+03  0.02342756625  5.416580e-01 0.9760000000000001
1  3.31e+03  0.02342273695  5.416580e-01 0.9760000000000001
1  3.63e+03  0.02341831534  5.416580e-01 0.9760000000000001
1  3.98e+03  0.02341596567  5.416580e-01 0.9760000000000001
1  4.37e+03  0.02341686704  5.416580e-01 0.9760000000000001
1  4.79e+03  0.02341940947  5.416580e-01 0.9760000000000001
1  5.25e+03  0.023405917  5.416580e-01 0.9760000000000001
1  5.75e+03  0.02342840533  5.416580e-01 0.9760000000000001
1  6.31e+03  0.02341128733  5.416580e-01 0.9760000000000001
1  6.92e+03  0.02342555404  5.416580e-01 0.9760000000000001
1  7.59e+03  0.02351363749  5.416580e-01 0.9760000000000001
1  8.32e+03  0.02364321798  5.416580e-01 0.9760000000000001
1  9.12e+03  0.02376229103  5.416580e-01 0.9760000000000001
1  1.00e+04  0.02410576101  5.416580e-01 0.9760000000000001
1  1.10e+04  0.02476913117  5.416580e-01 0.9760000000000001
1  1.20e+04  0.02573411056  5.416580e-01 0.9760000000000001
1  1.32e+04  0.0269700755  5.416580e-01 0.9760000000000001
1  1.45e+04  0.02888106407  5.416580e-01 0.9760000000000001
1  1.58e+04  0.03211566981  5.416580e-01 0.9760000000000001
1  1.74e+04  0.0355689227  5.416580e-01 0.9760000000000001
1  1.91e+04  0.04078644234  5.416580e-01 0.9760000000000001
1  2.09e+04  0.04689633078  5.416580e-01 0.9760000000000001
1  2.29e+04  0.05460709602  5.416580e-01 0.9760000000000001
1  2.51e+04  0.06360408391  5.416580e-01 0.9760000000000001
1  2.75e+04  0.07420763364  5.416580e-01 0.9760000000000001
1  3.02e+04  0.08639769579  5.416580e-01 0.9760000000000001
1  3.31e+04  0.1004526894  5.416580e-01 0.9760000000000001
1  3.63e+04  0.1157587046  5.416580e-01 0.9760000000000001
1  3.98e+04  0.1302323215  5.416580e-01 0.9760000000000001
1  4.37e+04  0.1484578543  5.416580e-01 0.9760000000000001
1  4.79e+04  0.166231866  5.416580e-01 0.9760000000000001
1  5.25e+04  0.1840649506  5.416580e-01 0.9760000000000001
1  5.75e+04  0.2026636602  5.416580e-01 0.9760000000000001
1  6.31e+04  0.223835242  5.416580e-01 0.9760000000000001
1  6.92e+04  0.2397232121  5.416580e-01 0.9760000000000001
1  7.59e+04  0.2593304107  5.416580e-01 0.9760000000000001
1  8.32e+04  0.2819170493  5.416580e-01 0.9760000000000001
1  9.12e+04  0.2980730933  5.416580e-01 0.9760000000000001
1  1.00e+05  0.3123038172  5.416580e-01 0.9760000000000001
1  1.10e+05  0.3299403609  5.416580e-01 0.9760000000000001
1  1.20e+05  0.3498694592  5.416580e-01 0.9760000000000001
1  1.32e+05  0.3689118595  5.416580e-01 0.9760000000000001
1  1.45e+05  0.3845958368  5.416580e-01 0.9760000000000001
1  1.58e+05  0.3968184776  5.416580e-01 0.9760000000000001
1  1.74e+05  0.4072217128  5.416580e-01 0.9760000000000001
1  1.91e+05  0.4174043116  5.416580e-01 0.9760000000000001
1  2.09e+05  0.4280970325  5.416580e-01 0.9760000000000001
1  2.29e+05  0.4393606274  5.416580e-01 0.9760000000000001
1  2.51e+05  0.4509624373  5.416580e-01 0.9760000000000001
1  2.75e+05  0.4625706823  5.416580e-01 0.9760000000000001
1  3.02e+05  0.473840551  5.416580e-01 0.9760000000000001
1  3.31e+05  0.4844782901  5.416580e-01 0.9760000000000001
1  3.63e+05  0.4942837073  5.416580e-01 0.9760000000000001
1  3.98e+05  0.503157935  5.416580e-01 0.9760000000000001
1  4.37e+05  0.5110845992  5.416580e-01 0.9760000000000001
1  4.79e+05  0.5181019375  5.416580e-01 0.9760000000000001
1  5.25e+05  0.5242781835  5.416580e-01 0.9760000000000001
1  5.75e+05  0.5296944059  5.416580e-01 0.9760000000000001
1  6.31e+05  0.5344341493  5.416580e-01 0.9760000000000001
1  6.92e+05  0.5385777846  5.416580e-01 0.9760000000000001
1  7.59e+05  0.5421997034  5.416580e-01 0.9760000000000001
1  8.32e+05  0.5453671264  5.416580e-01 0.9760000000000001
1  9.12e+05  0.5481398127  5.416580e-01 0.9760000000000001
1  1.00e+06  0.5505702717  5.416580e-01 0.9760000000000001
1  1.10e+06  0.5527042513  5.416580e-01 0.9760000000000001
1  1.20e+06  0.5545813639  5.416580e-01 0.9760000000000001
1  1.32e+06  0.5562357631  5.416580e-01 0.9760000000000001
1  1.45e+06  0.5576968164  5.416580e-01 0.9760000000000001
1  1.58e+06  0.5589897394  5.416580e-01 0.9760000000000001
1  1.74e+06  0.5601361738  5.416580e-01 0.9760000000000001
1  1.91e+06  0.5611547056  5.416580e-01 0.9760000000000001
1  2.09e+06  0.5620613045  5.416580e-01 0.9760000000000001
1  2.29e+06  0.562869719  5.416580e-01 0.9760000000000001
1  2.51e+06  0.5635918097  5.416580e-01 0.9760000000000001
1  2.75e+06  0.5642378301  5.416580e-01 0.9760000000000001
1  3.02e+06  0.5648166645  5.416580e-01 0.9760000000000001
1  3.31e+06  0.5653360305  5.416580e-01 0.9760000000000001
1  3.63e+06  0.5658026489  5.416580e-01 0.9760000000000001
1  3.98e+06  0.5662223878  5.416580e-01 0.9760000000000001
1  4.37e+06  0.5666003832  5.416580e-01 0.9760000000000001
1  4.79e+06  0.5669411426  5.416580e-01 0.9760000000000001
1  5.25e+06  0.5672486304  5.416580e-01 0.9760000000000001
1  5.75e+06  0.5675263422  5.416580e-01 0.9760000000000001
1  6.31e+06  0.5677773672  5.416580e-01 0.9760000000000001
1  6.92e+06  0.5680044409  5.416580e-01 0.9760000000000001
1  7.59e+06  0.5682099912  5.416580e-01 0.9760000000000001
1  8.32e+06  0.5683961767  5.416580e-01 0.9760000000000001
1  9.12e+06  0.5685649203  5.416580e-01 0.9760000000000001
1  1.00e+07  0.5687179381  5.416580e-01 0.9760000000000001
