1  1.00e-03  0.5758055102  5.354423e-01 0.9648000000000001
1  1.10e-03  0.5758026998  5.354423e-01 0.9648000000000001
1  1.20e-03  0.575799646  5.354423e-01 0.9648000000000001
1  1.32e-03  0.5757961572  5.354423e-01 0.9648000000000001
1  1.45e-03  0.5757924021  5.354423e-01 0.9648000000000001
1  1.58e-03  0.5757883282  5.354423e-01 0.9648000000000001
1  1.74e-03  0.5757838704  5.354423e-01 0.9648000000000001
1  1.91e-03  0.5757789755  5.354423e-01 0.9648000000000001
1  2.09e-03  0.5757734891  5.354423e-01 0.9648000000000001
1  2.29e-03  0.5757676102  5.354423e-01 0.9648000000000001
1  2.51e-03  0.5757611148  5.354423e-01 0.9648000000000001
1  2.75e-03  0.5757539979  5.354423e-01 0.9648000000000001
1  3.02e-03  0.5757461908  5.354423e-01 0.9648000000000001
1  3.31e-03  0.5757376482  5.354423e-01 0.9648000000000001
1  3.63e-03  0.5757282817  5.354423e-01 0.9648000000000001
1  3.98e-03  0.5757179764  5.354423e-01 0.9648000000000001
1  4.37e-03  0.575706719  5.354423e-01 0.9648000000000001
1  4.79e-03  0.575694334  5.354423e-01 0.9648000000000001
1  5.25e-03  0.5756807828  5.354423e-01 0.9648000000000001
1  5.75e-03  0.5756659036  5.354423e-01 0.9648000000000001
1  6.31e-03  0.5756495771  5.354423e-01 0.9648000000000001
1  6.92e-03  0.5756317044  5.354423e-01 0.9648000000000001
1  7.59e-03  0.5756120548  5.354423e-01 0.9648000000000001
1  8.32e-03  0.5755905397  5.354423e-01 0.9648000000000001
1  9.12e-03  0.575566949  5.354423e-01 0.9648000000000001
1  1.00e-02  0.5755410471  5.354423e-01 0.9648000000000001
1  1.10e-02  0.5755126684  5.354423e-01 0.9648000000000001
1  1.20e-02  0.575481572  5.354423e-01 0.9648000000000001
1  1.32e-02  0.5754474032  5.354423e-01 0.9648000000000001
1  1.45e-02  0.5754099496  5.354423e-01 0.9648000000000001
1  1.58e-02  0.5753688647  5.354423e-01 0.9648000000000001
1  1.74e-02  0.5753238098  5.354423e-01 0.9648000000000001
1  1.91e-02  0.5752744451  5.354423e-01 0.9648000000000001
1  2.09e-02  0.5752201891  5.354423e-01 0.9648000000000001
1  2.29e-02  0.5751607272  5.354423e-01 0.9648000000000001
1  2.51e-02  0.575095533  5.354423e-01 0.9648000000000001
1  2.75e-02  0.5750240469  5.354423e-01 0.9648000000000001
1  3.02e-02  0.5749454856  5.354423e-01 0.9648000000000001
1  3.31e-02  0.5748592979  5.354423e-01 0.9648000000000001
1  3.63e-02  0.5747647974  5.354423e-01 0.9648000000000001
1  3.98e-02  0.5746612138  5.354423e-01 0.9648000000000001
1  4.37e-02  0.5745473322  5.354423e-01 0.9648000000000001
1  4.79e-02  0.5744226372  5.354423e-01 0.9648000000000001
1  5.25e-02  0.5742856446  5.354423e-01 0.9648000000000001
1  5.75e-02  0.5741350412  5.354423e-01 0.9648000000000001
1  6.31e-02  0.5739701343  5.354423e-01 0.9648000000000001
1  6.92e-02  0.5737888556  5.354423e-01 0.9648000000000001
1  7.59e-02  0.573589715  5.354423e-01 0.9648000000000001
1  8.32e-02  0.5733713835  5.354423e-01 0.9648000000000001
1  9.12e-02  0.5731310851  5.354423e-01 0.9648000000000001
1  1.00e-01  0.5728676342  5.354423e-01 0.9648000000000001
1  1.10e-01  0.5725782638  5.354423e-01 0.9648000000000001
1  1.20e-01  0.5722599605  5.354423e-01 0.9648000000000001
1  1.32e-01  0.5719098104  5.354423e-01 0.9648000000000001
1  1.45e-01  0.5715257738  5.354423e-01 0.9648000000000001
1  1.58e-01  0.5711028031  5.354423e-01 0.9648000000000001
1  1.74e-01  0.5706380449  5.354423e-01 0.9648000000000001
1  1.91e-01  0.5701268896  5.354423e-01 0.9648000000000001
1  2.09e-01  0.5695640709  5.354423e-01 0.9648000000000001
1  2.29e-01  0.5689448337  5.354423e-01 0.9648000000000001
1  2.51e-01  0.5682630265  5.354423e-01 0.9648000000000001
1  2.75e-01  0.5675106836  5.354423e-01 0.9648000000000001
1  3.02e-01  0.5666837756  5.354423e-01 0.9648000000000001
1  3.31e-01  0.5657708711  5.354423e-01 0.9648000000000001
1  3.63e-01  0.5647636517  5.354423e-01 0.9648000000000001
1  3.98e-01  0.56365256  5.354423e-01 0.9648000000000001
1  4.37e-01  0.562424582  5.354423e-01 0.9648000000000001
1  4.79e-01  0.561070514  5.354423e-01 0.9648000000000001
1  5.25e-01  0.5595719321  5.354423e-01 0.9648000000000001
1  5.75e-01  0.5579122448  5.354423e-01 0.9648000000000001
1  6.31e-01  0.5560777588  5.354423e-01 0.9648000000000001
1  6.92e-01  0.5540446523  5.354423e-01 0.9648000000000001
1  7.59e-01  0.5517932039  5.354423e-01 0.9648000000000001
1  8.32e-01  0.5492917298  5.354423e-01 0.9648000000000001
1  9.12e-01  0.546518251  5.354423e-01 0.9648000000000001
1  1.00e+00  0.5434398486  5.354423e-01 0.9648000000000001
1  1.10e+00  0.5400121733  5.354423e-01 0.9648000000000001
1  1.20e+00  0.5362047414  5.354423e-01 0.9648000000000001
1  1.32e+00  0.5319817845  5.354423e-01 0.9648000000000001
1  1.45e+00  0.5272591085  5.354423e-01 0.9648000000000001
1  1.58e+00  0.522025277  5.354423e-01 0.9648000000000001
1  1.74e+00  0.5161942279  5.354423e-01 0.9648000000000001
1  1.91e+00  0.5097265687  5.354423e-01 0.9648000000000001
1  2.09e+00  0.5025555751  5.354423e-01 0.9648000000000001
1  2.29e+00  0.4946356696  5.354423e-01 0.9648000000000001
1  2.51e+00  0.4858907234  5.354423e-01 0.9648000000000001
1  2.75e+00  0.4763201171  5.354423e-01 0.9648000000000001
1  3.02e+00  0.4658762282  5.354423e-01 0.9648000000000001
1  3.31e+00  0.4545900326  5.354423e-01 0.9648000000000001
1  3.63e+00  0.442540052  5.354423e-01 0.9648000000000001
1  3.98e+00  0.4297881944  5.354423e-01 0.9648000000000001
1  4.37e+00  0.4165192886  5.354423e-01 0.9648000000000001
1  4.79e+00  0.4029596224  5.354423e-01 0.9648000000000001
1  5.25e+00  0.3893309437  5.354423e-01 0.9648000000000001
1  5.75e+00  0.3759396715  5.354423e-01 0.9648000000000001
1  6.31e+00  0.3630671972  5.354423e-01 0.9648000000000001
1  6.92e+00  0.3509416346  5.354423e-01 0.9648000000000001
1  7.59e+00  0.33977302  5.354423e-01 0.9648000000000001
1  8.32e+00  0.329695858  5.354423e-01 0.9648000000000001
1  9.12e+00  0.3207433239  5.354423e-01 0.9648000000000001
1  1.00e+01  0.3129273503  5.354423e-01 0.9648000000000001
1  1.10e+01  0.3061909496  5.354423e-01 0.9648000000000001
1  1.20e+01  0.300466333  5.354423e-01 0.9648000000000001
1  1.32e+01  0.2956280984  5.354423e-01 0.9648000000000001
1  1.45e+01  0.2915531581  5.354423e-01 0.9648000000000001
1  1.58e+01  0.2881444343  5.354423e-01 0.9648000000000001
1  1.74e+01  0.2853066096  5.354423e-01 0.9648000000000001
1  1.91e+01  0.2828938108  5.354423e-01 0.9648000000000001
1  2.09e+01  0.2808964585  5.354423e-01 0.9648000000000001
1  2.29e+01  0.279217787  5.354423e-01 0.9648000000000001
1  2.51e+01  0.2777760352  5.354423e-01 0.9648000000000001
1  2.75e+01  0.2765085793  5.354423e-01 0.9648000000000001
1  3.02e+01  0.2754172333  5.354423e-01 0.9648000000000001
1  3.31e+01  0.2744373522  5.354423e-01 0.9648000000000001
1  3.63e+01  0.2734992762  5.354423e-01 0.9648000000000001
1  3.98e+01  0.2726215887  5.354423e-01 0.9648000000000001
1  4.37e+01  0.2717832521  5.354423e-01 0.9648000000000001
1  4.79e+01  0.2708862121  5.354423e-01 0.9648000000000001
1  5.25e+01  0.2699313893  5.354423e-01 0.9648000000000001
1  5.75e+01  0.2689181668  5.354423e-01 0.9648000000000001
1  6.31e+01  0.2677343887  5.354423e-01 0.9648000000000001
1  6.92e+01  0.2663395539  5.354423e-01 0.9648000000000001
1  7.59e+01  0.2646455805  5.354423e-01 0.9648000000000001
1  8.32e+01  0.2625094843  5.354423e-01 0.9648000000000001
1  9.12e+01  0.2597947567  5.354423e-01 0.9648000000000001
1  1.00e+02  0.2561409163  5.354423e-01 0.9648000000000001
1  1.10e+02  0.2511696693  5.354423e-01 0.9648000000000001
1  1.20e+02  0.2441136019  5.354423e-01 0.9648000000000001
1  1.32e+02  0.2337432982  5.354423e-01 0.9648000000000001
1  1.45e+02  0.2182332893  5.354423e-01 0.9648000000000001
1  1.58e+02  0.1951515301  5.354423e-01 0.9648000000000001
1  1.74e+02  0.1632074561  5.354423e-01 0.9648000000000001
1  1.91e+02  0.1258584336  5.354423e-01 0.9648000000000001
1  2.09e+02  0.09166948736  5.354423e-01 0.9648000000000001
1  2.29e+02  0.06671112946  5.354423e-01 0.9648000000000001
1  2.51e+02  0.05080496275  5.354423e-01 0.9648000000000001
1  2.75e+02  0.04112665195  5.354423e-01 0.9648000000000001
1  3.02e+02  0.03521534997  5.354423e-01 0.9648000000000001
1  3.31e+02  0.03151410425  5.354423e-01 0.9648000000000001
1  3.63e+02  0.02911922108  5.354423e-01 0.9648000000000001
1  3.98e+02  0.02752094911  5.354423e-01 0.9648000000000001
1  4.37e+02  0.02642472731  5.354423e-01 0.9648000000000001
1  4.79e+02  0.02565623568  5.354423e-01 0.9648000000000001
1  5.25e+02  0.02510834738  5.354423e-01 0.9648000000000001
1  5.75e+02  0.02470735549  5.354423e-01 0.9648000000000001
1  6.31e+02  0.02440992972  5.354423e-01 0.9648000000000001
1  6.92e+02  0.0241887649  5.354423e-01 0.9648000000000001
1  7.59e+02  0.02401931382  5.354423e-01 0.9648000000000001
1  8.32e+02  0.02388903022  5.354423e-01 0.9648000000000001
1  9.12e+02  0.02378801205  5.354423e-01 0.9648000000000001
1  1.00e+03  0.02370949194  5.354423e-01 0.9648000000000001
1  1.10e+03  0.02364908709  5.354423e-01 0.9648000000000001
1  1.20e+03  0.02359932409  5.354423e-01 0.9648000000000001
1  1.32e+03  0.02356107187  5.354423e-01 0.9648000000000001
1  1.45e+03  0.02353096425  5.354423e-01 0.9648000000000001
1  1.58e+03  0.02350569118  5.354423e-01 0.9648000000000001
1  1.74e+03  0.02348660666  5.354423e-01 0.9648000000000001
1  1.91e+03  0.02347015849  5.354423e-01 0.9648000000000001
1  2.09e+03  0.02345705099  5.354423e-01 0.9648000000000001
1  2.29e+03  0.0234468337  5.354423e-01 0.9648000000000001
1  2.51e+03  0.02343918494  5.354423e-01 0.9648000000000001
1  2.75e+03  0.02343240522  5.354423e-01 0.9648000000000001
1  3.02e+03  0.02342675925  5.354423e-01 0.9648000000000001
1  3.31e+03  0.02342206022  5.354423e-01 0.9648000000000001
1  3.63e+03  0.02341798419  5.354423e-01 0.9648000000000001
1  3.98e+03  0.02341554094  5.354423e-01 0.9648000000000001
1  4.37e+03  0.02341653814  5.354423e-01 0.9648000000000001
1  4.79e+03  0.02341892314  5.354423e-01 0.9648000000000001
1  5.25e+03  0.02340542283  5.354423e-01 0.9648000000000001
1  5.75e+03  0.02342823031  5.354423e-01 0.9648000000000001
1  6.31e+03  0.0234116811  5.354423e-01 0.9648000000000001
1  6.92e+03  0.02342580669  5.354423e-01 0.9648000000000001
1  7.59e+03  0.02351315302  5.354423e-01 0.9648000000000001
1  8.32e+03  0.02363816515  5.354423e-01 0.9648000000000001
1  9.12e+03  0.02375972084  5.354423e-01 0.9648000000000001
1  1.00e+04  0.0240955841  5.354423e-01 0.9648000000000001
1  1.10e+04  0.02475697663  5.354423e-01 0.9648000000000001
1  1.20e+04  0.02571951616  5.354423e-01 0.9648000000000001
1  1.32e+04  0.02695431657  5.354423e-01 0.9648000000000001
1  1.45e+04  0.02887394859  5.354423e-01 0.9648000000000001
1  1.58e+04  0.03212300062  5.354423e-01 0.9648000000000001
1  1.74e+04  0.03558772525  5.354423e-01 0.9648000000000001
1  1.91e+04  0.04085252671  5.354423e-01 0.9648000000000001
1  2.09e+04  0.04700012719  5.354423e-01 0.9648000000000001
1  2.29e+04  0.05477776474  5.354423e-01 0.9648000000000001
1  2.51e+04  0.06384801263  5.354423e-01 0.9648000000000001
1  2.75e+04  0.07454425338  5.354423e-01 0.9648000000000001
1  3.02e+04  0.08685026565  5.354423e-01 0.9648000000000001
1  3.31e+04  0.1010420122  5.354423e-01 0.9648000000000001
1  3.63e+04  0.1164860939  5.354423e-01 0.9648000000000001
1  3.98e+04  0.1311008477  5.354423e-01 0.9648000000000001
1  4.37e+04  0.1495294889  5.354423e-01 0.9648000000000001
1  4.79e+04  0.1674565702  5.354423e-01 0.9648000000000001
1  5.25e+04  0.1855013637  5.354423e-01 0.9648000000000001
1  5.75e+04  0.2042688753  5.354423e-01 0.9648000000000001
1  6.31e+04  0.2256756589  5.354423e-01 0.9648000000000001
1  6.92e+04  0.2417362352  5.354423e-01 0.9648000000000001
1  7.59e+04  0.2615314293  5.354423e-01 0.9648000000000001
1  8.32e+04  0.2843637555  5.354423e-01 0.9648000000000001
1  9.12e+04  0.3007079108  5.354423e-01 0.9648000000000001
1  1.00e+05  0.3150862506  5.354423e-01 0.9648000000000001
1  1.10e+05  0.3329004594  5.354423e-01 0.9648000000000001
1  1.20e+05  0.3530378388  5.354423e-01 0.9648000000000001
1  1.32e+05  0.3722877551  5.354423e-01 0.9648000000000001
1  1.45e+05  0.3881484848  5.354423e-01 0.9648000000000001
1  1.58e+05  0.4005097684  5.354423e-01 0.9648000000000001
1  1.74e+05  0.4110280628  5.354423e-01 0.9648000000000001
1  1.91e+05  0.4213199982  5.354423e-01 0.9648000000000001
1  2.09e+05  0.4321259464  5.354423e-01 0.9648000000000001
1  2.29e+05  0.4435085151  5.354423e-01 0.9648000000000001
1  2.51e+05  0.4552331659  5.354423e-01 0.9648000000000001
1  2.75e+05  0.4669648966  5.354423e-01 0.9648000000000001
1  3.02e+05  0.4783553461  5.354423e-01 0.9648000000000001
1  3.31e+05  0.4891075857  5.354423e-01 0.9648000000000001
1  3.63e+05  0.4990191358  5.354423e-01 0.9648000000000001
1  3.98e+05  0.5079898927  5.354423e-01 0.9648000000000001
1  4.37e+05  0.5160031502  5.354423e-01 0.9648000000000001
1  4.79e+05  0.5230974379  5.354423e-01 0.9648000000000001
1  5.25e+05  0.5293416409  5.354423e-01 0.9648000000000001
1  5.75e+05  0.5348176448  5.354423e-01 0.9648000000000001
1  6.31e+05  0.5396098574  5.354423e-01 0.9648000000000001
1  6.92e+05  0.5437994917  5.354423e-01 0.9648000000000001
1  7.59e+05  0.5474617258  5.354423e-01 0.9648000000000001
1  8.32e+05  0.550664496  5.354423e-01 0.9648000000000001
1  9.12e+05  0.5534682009  5.354423e-01 0.9648000000000001
1  1.00e+06  0.5559259145  5.354423e-01 0.9648000000000001
1  1.10e+06  0.5580838784  5.354423e-01 0.9648000000000001
1  1.20e+06  0.5599821343  5.354423e-01 0.9648000000000001
1  1.32e+06  0.561655207  5.354423e-01 0.9648000000000001
1  1.45e+06  0.563132784  5.354423e-01 0.9648000000000001
1  1.58e+06  0.5644403568  5.354423e-01 0.9648000000000001
1  1.74e+06  0.5655998045  5.354423e-01 0.9648000000000001
1  1.91e+06  0.5666299172  5.354423e-01 0.9648000000000001
1  2.09e+06  0.5675468407  5.354423e-01 0.9648000000000001
1  2.29e+06  0.5683644754  5.354423e-01 0.9648000000000001
1  2.51e+06  0.5690948134  5.354423e-01 0.9648000000000001
1  2.75e+06  0.569748222  5.354423e-01 0.9648000000000001
1  3.02e+06  0.5703336843  5.354423e-01 0.9648000000000001
1  3.31e+06  0.5708590041  5.354423e-01 0.9648000000000001
1  3.63e+06  0.5713309774  5.354423e-01 0.9648000000000001
1  3.98e+06  0.571755538  5.354423e-01 0.9648000000000001
1  4.37e+06  0.5721378796  5.354423e-01 0.9648000000000001
1  4.79e+06  0.5724825603  5.354423e-01 0.9648000000000001
1  5.25e+06  0.5727935894  5.354423e-01 0.9648000000000001
1  5.75e+06  0.573074502  5.354423e-01 0.9648000000000001
1  6.31e+06  0.573328422  5.354423e-01 0.9648000000000001
1  6.92e+06  0.5735581162  5.354423e-01 0.9648000000000001
1  7.59e+06  0.5737660399  5.354423e-01 0.9648000000000001
1  8.32e+06  0.5739543764  5.354423e-01 0.9648000000000001
1  9.12e+06  0.5741250705  5.354423e-01 0.9648000000000001
1  1.00e+07  0.5742798577  5.354423e-01 0.9648000000000001
