1  1.00e-03  0.5643726211  5.483177e-01 0.988
1  1.10e-03  0.5643699085  5.483177e-01 0.988
1  1.20e-03  0.5643669735  5.483177e-01 0.988
1  1.32e-03  0.5643636508  5.483177e-01 0.988
1  1.45e-03  0.5643600051  5.483177e-01 0.988
1  1.58e-03  0.5643560841  5.483177e-01 0.988
1  1.74e-03  0.5643518135  5.483177e-01 0.988
1  1.91e-03  0.5643470902  5.483177e-01 0.988
1  2.09e-03  0.5643418116  5.483177e-01 0.988
1  2.29e-03  0.5643361664  5.483177e-01 0.988
1  2.51e-03  0.5643298829  5.483177e-01 0.988
1  2.75e-03  0.5643230548  5.483177e-01 0.988
1  3.02e-03  0.5643155393  5.483177e-01 0.988
1  3.31e-03  0.5643072891  5.483177e-01 0.988
1  3.63e-03  0.5642982834  5.483177e-01 0.988
1  3.98e-03  0.5642883752  5.483177e-01 0.988
1  4.37e-03  0.5642775217  5.483177e-01 0.988
1  4.79e-03  0.5642655993  5.483177e-01 0.988
1  5.25e-03  0.5642525494  5.483177e-01 0.988
1  5.75e-03  0.5642382071  5.483177e-01 0.988
1  6.31e-03  0.5642225133  5.483177e-01 0.988
1  6.92e-03  0.564205277  5.483177e-01 0.988
1  7.59e-03  0.5641864101  5.483177e-01 0.988
1  8.32e-03  0.5641656918  5.483177e-01 0.988
1  9.12e-03  0.5641429702  5.483177e-01 0.988
1  1.00e-02  0.5641180627  5.483177e-01 0.988
1  1.10e-02  0.5640907383  5.483177e-01 0.988
1  1.20e-02  0.5640607312  5.483177e-01 0.988
1  1.32e-02  0.5640278933  5.483177e-01 0.988
1  1.45e-02  0.5639918525  5.483177e-01 0.988
1  1.58e-02  0.5639523256  5.483177e-01 0.988
1  1.74e-02  0.5639089574  5.483177e-01 0.988
1  1.91e-02  0.563861343  5.483177e-01 0.988
1  2.09e-02  0.5638092222  5.483177e-01 0.988
1  2.29e-02  0.5637520039  5.483177e-01 0.988
1  2.51e-02  0.5636891963  5.483177e-01 0.988
1  2.75e-02  0.5636202844  5.483177e-01 0.988
1  3.02e-02  0.5635447897  5.483177e-01 0.988
1  3.31e-02  0.5634619815  5.483177e-01 0.988
1  3.63e-02  0.5633710652  5.483177e-01 0.988
1  3.98e-02  0.5632712171  5.483177e-01 0.988
1  4.37e-02  0.5631618245  5.483177e-01 0.988
1  4.79e-02  0.5630415303  5.483177e-01 0.988
1  5.25e-02  0.5629096731  5.483177e-01 0.988
1  5.75e-02  0.5627651715  5.483177e-01 0.988
1  6.31e-02  0.56260614  5.483177e-01 0.988
1  6.92e-02  0.562431817  5.483177e-01 0.988
1  7.59e-02  0.562240539  5.483177e-01 0.988
1  8.32e-02  0.5620302141  5.483177e-01 0.988
1  9.12e-02  0.5617997055  5.483177e-01 0.988
1  1.00e-01  0.5615461043  5.483177e-01 0.988
1  1.10e-01  0.5612674539  5.483177e-01 0.988
1  1.20e-01  0.5609616641  5.483177e-01 0.988
1  1.32e-01  0.5606259708  5.483177e-01 0.988
1  1.45e-01  0.5602561907  5.483177e-01 0.988
1  1.58e-01  0.5598503942  5.483177e-01 0.988
1  1.74e-01  0.5594037994  5.483177e-01 0.988
1  1.91e-01  0.5589126302  5.483177e-01 0.988
1  2.09e-01  0.5583725282  5.483177e-01 0.988
1  2.29e-01  0.5577778794  5.483177e-01 0.988
1  2.51e-01  0.5571230653  5.483177e-01 0.988
1  2.75e-01  0.5564035322  5.483177e-01 0.988
1  3.02e-01  0.5556084813  5.483177e-01 0.988
1  3.31e-01  0.5547335917  5.483177e-01 0.988
1  3.63e-01  0.5537698447  5.483177e-01 0.988
1  3.98e-01  0.5527051415  5.483177e-01 0.988
1  4.37e-01  0.5515317915  5.483177e-01 0.988
1  4.79e-01  0.5502346125  5.483177e-01 0.988
1  5.25e-01  0.5488033327  5.483177e-01 0.988
1  5.75e-01  0.5472220462  5.483177e-01 0.988
1  6.31e-01  0.5454693372  5.483177e-01 0.988
1  6.92e-01  0.5435345253  5.483177e-01 0.988
1  7.59e-01  0.5413863036  5.483177e-01 0.988
1  8.32e-01  0.5390122102  5.483177e-01 0.988
1  9.12e-01  0.5363756529  5.483177e-01 0.988
1  1.00e+00  0.5334571761  5.483177e-01 0.988
1  1.10e+00  0.5302120012  5.483177e-01 0.988
1  1.20e+00  0.5266139047  5.483177e-01 0.988
1  1.32e+00  0.5226222052  5.483177e-01 0.988
1  1.45e+00  0.5181846587  5.483177e-01 0.988
1  1.58e+00  0.5132661966  5.483177e-01 0.988
1  1.74e+00  0.5078072589  5.483177e-01 0.988
1  1.91e+00  0.5017677233  5.483177e-01 0.988
1  2.09e+00  0.4950917252  5.483177e-01 0.988
1  2.29e+00  0.4877437551  5.483177e-01 0.988
1  2.51e+00  0.4796633977  5.483177e-01 0.988
1  2.75e+00  0.4708500986  5.483177e-01 0.988
1  3.02e+00  0.461266978  5.483177e-01 0.988
1  3.31e+00  0.4509677735  5.483177e-01 0.988
1  3.63e+00  0.4399970957  5.483177e-01 0.988
1  3.98e+00  0.4284557112  5.483177e-01 0.988
1  4.37e+00  0.4164666473  5.483177e-01 0.988
1  4.79e+00  0.4042638586  5.483177e-01 0.988
1  5.25e+00  0.3920152704  5.483177e-01 0.988
1  5.75e+00  0.3800014553  5.483177e-01 0.988
1  6.31e+00  0.3684665048  5.483177e-01 0.988
1  6.92e+00  0.3575845018  5.483177e-01 0.988
1  7.59e+00  0.347526544  5.483177e-01 0.988
1  8.32e+00  0.3384184475  5.483177e-01 0.988
1  9.12e+00  0.330344353  5.483177e-01 0.988
1  1.00e+01  0.3232281954  5.483177e-01 0.988
1  1.10e+01  0.3171088983  5.483177e-01 0.988
1  1.20e+01  0.311817664  5.483177e-01 0.988
1  1.32e+01  0.3073980014  5.483177e-01 0.988
1  1.45e+01  0.3036084413  5.483177e-01 0.988
1  1.58e+01  0.3004638651  5.483177e-01 0.988
1  1.74e+01  0.2978080558  5.483177e-01 0.988
1  1.91e+01  0.2955607152  5.483177e-01 0.988
1  2.09e+01  0.293664754  5.483177e-01 0.988
1  2.29e+01  0.2920675798  5.483177e-01 0.988
1  2.51e+01  0.2906867702  5.483177e-01 0.988
1  2.75e+01  0.2894830029  5.483177e-01 0.988
1  3.02e+01  0.2884161005  5.483177e-01 0.988
1  3.31e+01  0.2874377519  5.483177e-01 0.988
1  3.63e+01  0.2865308158  5.483177e-01 0.988
1  3.98e+01  0.2856566052  5.483177e-01 0.988
1  4.37e+01  0.2847974208  5.483177e-01 0.988
1  4.79e+01  0.2838717587  5.483177e-01 0.988
1  5.25e+01  0.2829238167  5.483177e-01 0.988
1  5.75e+01  0.2818320962  5.483177e-01 0.988
1  6.31e+01  0.2806220497  5.483177e-01 0.988
1  6.92e+01  0.2791683536  5.483177e-01 0.988
1  7.59e+01  0.2773821845  5.483177e-01 0.988
1  8.32e+01  0.2751536765  5.483177e-01 0.988
1  9.12e+01  0.272277578  5.483177e-01 0.988
1  1.00e+02  0.2684667742  5.483177e-01 0.988
1  1.10e+02  0.2632069104  5.483177e-01 0.988
1  1.20e+02  0.2557736291  5.483177e-01 0.988
1  1.32e+02  0.2448248035  5.483177e-01 0.988
1  1.45e+02  0.2284614687  5.483177e-01 0.988
1  1.58e+02  0.2041085258  5.483177e-01 0.988
1  1.74e+02  0.1704371687  5.483177e-01 0.988
1  1.91e+02  0.1311211604  5.483177e-01 0.988
1  2.09e+02  0.09512751209  5.483177e-01 0.988
1  2.29e+02  0.0689055778  5.483177e-01 0.988
1  2.51e+02  0.05219515199  5.483177e-01 0.988
1  2.75e+02  0.04202947764  5.483177e-01 0.988
1  3.02e+02  0.03581897361  5.483177e-01 0.988
1  3.31e+02  0.03192718419  5.483177e-01 0.988
1  3.63e+02  0.02940825504  5.483177e-01 0.988
1  3.98e+02  0.02772974024  5.483177e-01 0.988
1  4.37e+02  0.02658065159  5.483177e-01 0.988
1  4.79e+02  0.02577419995  5.483177e-01 0.988
1  5.25e+02  0.02519563782  5.483177e-01 0.988
1  5.75e+02  0.02477486565  5.483177e-01 0.988
1  6.31e+02  0.02446333847  5.483177e-01 0.988
1  6.92e+02  0.02422707486  5.483177e-01 0.988
1  7.59e+02  0.02404993507  5.483177e-01 0.988
1  8.32e+02  0.02391336468  5.483177e-01 0.988
1  9.12e+02  0.02380917925  5.483177e-01 0.988
1  1.00e+03  0.02372654904  5.483177e-01 0.988
1  1.10e+03  0.02366158978  5.483177e-01 0.988
1  1.20e+03  0.0236100129  5.483177e-01 0.988
1  1.32e+03  0.02356946072  5.483177e-01 0.988
1  1.45e+03  0.02353769187  5.483177e-01 0.988
1  1.58e+03  0.02351124191  5.483177e-01 0.988
1  1.74e+03  0.02349152271  5.483177e-01 0.988
1  1.91e+03  0.02347400956  5.483177e-01 0.988
1  2.09e+03  0.02346010964  5.483177e-01 0.988
1  2.29e+03  0.02344916764  5.483177e-01 0.988
1  2.51e+03  0.02344130153  5.483177e-01 0.988
1  2.75e+03  0.0234338087  5.483177e-01 0.988
1  3.02e+03  0.02342843105  5.483177e-01 0.988
1  3.31e+03  0.02342345914  5.483177e-01 0.988
1  3.63e+03  0.02341869898  5.483177e-01 0.988
1  3.98e+03  0.02341639328  5.483177e-01 0.988
1  4.37e+03  0.02341719788  5.483177e-01 0.988
1  4.79e+03  0.02341988927  5.483177e-01 0.988
1  5.25e+03  0.02340648523  5.483177e-01 0.988
1  5.75e+03  0.02342853173  5.483177e-01 0.988
1  6.31e+03  0.023410851  5.483177e-01 0.988
1  6.92e+03  0.02342528025  5.483177e-01 0.988
1  7.59e+03  0.02351412388  5.483177e-01 0.988
1  8.32e+03  0.02364890041  5.483177e-01 0.988
1  9.12e+03  0.02376542451  5.483177e-01 0.988
1  1.00e+04  0.02411752332  5.483177e-01 0.988
1  1.10e+04  0.02478363051  5.483177e-01 0.988
1  1.20e+04  0.02575212483  5.483177e-01 0.988
1  1.32e+04  0.02699082948  5.483177e-01 0.988
1  1.45e+04  0.02889405807  5.483177e-01 0.988
1  1.58e+04  0.03211555651  5.483177e-01 0.988
1  1.74e+04  0.03555934688  5.483177e-01 0.988
1  1.91e+04  0.04072963512  5.483177e-01 0.988
1  2.09e+04  0.0468026851  5.483177e-01 0.988
1  2.29e+04  0.05444603464  5.483177e-01 0.988
1  2.51e+04  0.06336917067  5.483177e-01 0.988
1  2.75e+04  0.07387826252  5.483177e-01 0.988
1  3.02e+04  0.0859491121  5.483177e-01 0.988
1  3.31e+04  0.09986280201  5.483177e-01 0.988
1  3.63e+04  0.1150262239  5.483177e-01 0.988
1  3.98e+04  0.129353485  5.483177e-01 0.988
1  4.37e+04  0.1473667291  5.483177e-01 0.988
1  4.79e+04  0.1649817552  5.483177e-01 0.988
1  5.25e+04  0.1825924783  5.483177e-01 0.988
1  5.75e+04  0.2010149844  5.483177e-01 0.988
1  6.31e+04  0.2219393291  5.483177e-01 0.988
1  6.92e+04  0.2376455679  5.483177e-01 0.988
1  7.59e+04  0.2570554556  5.483177e-01 0.988
1  8.32e+04  0.2793834243  5.483177e-01 0.988
1  9.12e+04  0.2953405363  5.483177e-01 0.988
1  1.00e+05  0.3094152421  5.483177e-01 0.988
1  1.10e+05  0.3268645107  5.483177e-01 0.988
1  1.20e+05  0.3465739938  5.483177e-01 0.988
1  1.32e+05  0.3653972272  5.483177e-01 0.988
1  1.45e+05  0.3808940862  5.483177e-01 0.988
1  1.58e+05  0.3929695847  5.483177e-01 0.988
1  1.74e+05  0.40325056  5.483177e-01 0.988
1  1.91e+05  0.413317066  5.483177e-01 0.988
1  2.09e+05  0.4238897329  5.483177e-01 0.988
1  2.29e+05  0.4350273186  5.483177e-01 0.988
1  2.51e+05  0.4464991054  5.483177e-01 0.988
1  2.75e+05  0.4579766791  5.483177e-01 0.988
1  3.02e+05  0.4691189477  5.483177e-01 0.988
1  3.31e+05  0.4796354925  5.483177e-01 0.988
1  3.63e+05  0.4893285275  5.483177e-01 0.988
1  3.98e+05  0.4981004894  5.483177e-01 0.988
1  4.37e+05  0.5059353593  5.483177e-01 0.988
1  4.79e+05  0.5128710729  5.483177e-01 0.988
1  5.25e+05  0.5189751833  5.483177e-01 0.988
1  5.75e+05  0.5243279025  5.483177e-01 0.988
1  6.31e+05  0.5290118694  5.483177e-01 0.988
1  6.92e+05  0.5331065699  5.483177e-01 0.988
1  7.59e+05  0.5366855682  5.483177e-01 0.988
1  8.32e+05  0.5398153319  5.483177e-01 0.988
1  9.12e+05  0.542554946  5.483177e-01 0.988
1  1.00e+06  0.544956325  5.483177e-01 0.988
1  1.10e+06  0.5470646956  5.483177e-01 0.988
1  1.20e+06  0.548919217  5.483177e-01 0.988
1  1.32e+06  0.5505536506  5.483177e-01 0.988
1  1.45e+06  0.5519970254  5.483177e-01 0.988
1  1.58e+06  0.5532742651  5.483177e-01 0.988
1  1.74e+06  0.5544067603  5.483177e-01 0.988
1  1.91e+06  0.5554128801  5.483177e-01 0.988
1  2.09e+06  0.5563084076  5.483177e-01 0.988
1  2.29e+06  0.5571069301  5.483177e-01 0.988
1  2.51e+06  0.5578201686  5.483177e-01 0.988
1  2.75e+06  0.5584582555  5.483177e-01 0.988
1  3.02e+06  0.5590299697  5.483177e-01 0.988
1  3.31e+06  0.5595429374  5.483177e-01 0.988
1  3.63e+06  0.5600037991  5.483177e-01 0.988
1  3.98e+06  0.5604183528  5.483177e-01 0.988
1  4.37e+06  0.5607916731  5.483177e-01 0.988
1  4.79e+06  0.561128213  5.483177e-01 0.988
1  5.25e+06  0.5614318893  5.483177e-01 0.988
1  5.75e+06  0.5617061555  5.483177e-01 0.988
1  6.31e+06  0.561954063  5.483177e-01 0.988
1  6.92e+06  0.5621783145  5.483177e-01 0.988
1  7.59e+06  0.5623813081  5.483177e-01 0.988
1  8.32e+06  0.5625651761  5.483177e-01 0.988
1  9.12e+06  0.562731818  5.483177e-01 0.988
1  1.00e+07  0.5628829288  5.483177e-01 0.988
