1  1.00e-03  0.5448277104  5.718488e-01 1.0304
1  1.10e-03  0.5448252286  5.718488e-01 1.0304
1  1.20e-03  0.5448225369  5.718488e-01 1.0304
1  1.32e-03  0.5448195792  5.718488e-01 1.0304
1  1.45e-03  0.5448162109  5.718488e-01 1.0304
1  1.58e-03  0.544812618  5.718488e-01 1.0304
1  1.74e-03  0.5448087793  5.718488e-01 1.0304
1  1.91e-03  0.5448044008  5.718488e-01 1.0304
1  2.09e-03  0.5447996053  5.718488e-01 1.0304
1  2.29e-03  0.5447944869  5.718488e-01 1.0304
1  2.51e-03  0.5447887222  5.718488e-01 1.0304
1  2.75e-03  0.5447825076  5.718488e-01 1.0304
1  3.02e-03  0.5447756463  5.718488e-01 1.0304
1  3.31e-03  0.5447681066  5.718488e-01 1.0304
1  3.63e-03  0.5447598825  5.718488e-01 1.0304
1  3.98e-03  0.5447508641  5.718488e-01 1.0304
1  4.37e-03  0.5447409686  5.718488e-01 1.0304
1  4.79e-03  0.5447300679  5.718488e-01 1.0304
1  5.25e-03  0.5447181696  5.718488e-01 1.0304
1  5.75e-03  0.5447050836  5.718488e-01 1.0304
1  6.31e-03  0.5446907594  5.718488e-01 1.0304
1  6.92e-03  0.54467504  5.718488e-01 1.0304
1  7.59e-03  0.5446578284  5.718488e-01 1.0304
1  8.32e-03  0.5446389298  5.718488e-01 1.0304
1  9.12e-03  0.5446182037  5.718488e-01 1.0304
1  1.00e-02  0.5445954567  5.718488e-01 1.0304
1  1.10e-02  0.5445705521  5.718488e-01 1.0304
1  1.20e-02  0.5445431833  5.718488e-01 1.0304
1  1.32e-02  0.5445132308  5.718488e-01 1.0304
1  1.45e-02  0.5444803537  5.718488e-01 1.0304
1  1.58e-02  0.5444442951  5.718488e-01 1.0304
1  1.74e-02  0.5444047024  5.718488e-01 1.0304
1  1.91e-02  0.544361294  5.718488e-01 1.0304
1  2.09e-02  0.5443137346  5.718488e-01 1.0304
1  2.29e-02  0.5442615494  5.718488e-01 1.0304
1  2.51e-02  0.544204275  5.718488e-01 1.0304
1  2.75e-02  0.5441414829  5.718488e-01 1.0304
1  3.02e-02  0.5440725928  5.718488e-01 1.0304
1  3.31e-02  0.5439970959  5.718488e-01 1.0304
1  3.63e-02  0.5439142203  5.718488e-01 1.0304
1  3.98e-02  0.5438232701  5.718488e-01 1.0304
1  4.37e-02  0.5437234681  5.718488e-01 1.0304
1  4.79e-02  0.5436138511  5.718488e-01 1.0304
1  5.25e-02  0.5434937589  5.718488e-01 1.0304
1  5.75e-02  0.5433620702  5.718488e-01 1.0304
1  6.31e-02  0.5432171399  5.718488e-01 1.0304
1  6.92e-02  0.5430583242  5.718488e-01 1.0304
1  7.59e-02  0.5428840832  5.718488e-01 1.0304
1  8.32e-02  0.5426927198  5.718488e-01 1.0304
1  9.12e-02  0.5424827221  5.718488e-01 1.0304
1  1.00e-01  0.5422520634  5.718488e-01 1.0304
1  1.10e-01  0.5419984415  5.718488e-01 1.0304
1  1.20e-01  0.5417203278  5.718488e-01 1.0304
1  1.32e-01  0.5414149815  5.718488e-01 1.0304
1  1.45e-01  0.5410788709  5.718488e-01 1.0304
1  1.58e-01  0.5407100766  5.718488e-01 1.0304
1  1.74e-01  0.5403043856  5.718488e-01 1.0304
1  1.91e-01  0.5398582716  5.718488e-01 1.0304
1  2.09e-01  0.5393681123  5.718488e-01 1.0304
1  2.29e-01  0.5388287484  5.718488e-01 1.0304
1  2.51e-01  0.5382351416  5.718488e-01 1.0304
1  2.75e-01  0.5375833162  5.718488e-01 1.0304
1  3.02e-01  0.5368635411  5.718488e-01 1.0304
1  3.31e-01  0.5360721234  5.718488e-01 1.0304
1  3.63e-01  0.5352014135  5.718488e-01 1.0304
1  3.98e-01  0.534239705  5.718488e-01 1.0304
1  4.37e-01  0.5331809962  5.718488e-01 1.0304
1  4.79e-01  0.5320134056  5.718488e-01 1.0304
1  5.25e-01  0.5307261149  5.718488e-01 1.0304
1  5.75e-01  0.5293038558  5.718488e-01 1.0304
1  6.31e-01  0.5277320338  5.718488e-01 1.0304
1  6.92e-01  0.5259985346  5.718488e-01 1.0304
1  7.59e-01  0.5240818085  5.718488e-01 1.0304
1  8.32e-01  0.5219608899  5.718488e-01 1.0304
1  9.12e-01  0.5196183621  5.718488e-01 1.0304
1  1.00e+00  0.5170257965  5.718488e-01 1.0304
1  1.10e+00  0.5141581297  5.718488e-01 1.0304
1  1.20e+00  0.510985224  5.718488e-01 1.0304
1  1.32e+00  0.5074733929  5.718488e-01 1.0304
1  1.45e+00  0.5035966881  5.718488e-01 1.0304
1  1.58e+00  0.4993054243  5.718488e-01 1.0304
1  1.74e+00  0.4945797218  5.718488e-01 1.0304
1  1.91e+00  0.4893657998  5.718488e-01 1.0304
1  2.09e+00  0.4836462317  5.718488e-01 1.0304
1  2.29e+00  0.4773691594  5.718488e-01 1.0304
1  2.51e+00  0.4705171649  5.718488e-01 1.0304
1  2.75e+00  0.4631019578  5.718488e-01 1.0304
1  3.02e+00  0.4550976098  5.718488e-01 1.0304
1  3.31e+00  0.4465423391  5.718488e-01 1.0304
1  3.63e+00  0.4375084293  5.718488e-01 1.0304
1  3.98e+00  0.4280449473  5.718488e-01 1.0304
1  4.37e+00  0.4182954598  5.718488e-01 1.0304
1  4.79e+00  0.4083926147  5.718488e-01 1.0304
1  5.25e+00  0.398533598  5.718488e-01 1.0304
1  5.75e+00  0.3888483493  5.718488e-01 1.0304
1  6.31e+00  0.3795409859  5.718488e-01 1.0304
1  6.92e+00  0.370768098  5.718488e-01 1.0304
1  7.59e+00  0.3626329679  5.718488e-01 1.0304
1  8.32e+00  0.3552337153  5.718488e-01 1.0304
1  9.12e+00  0.3486234695  5.718488e-01 1.0304
1  1.00e+01  0.3428012535  5.718488e-01 1.0304
1  1.10e+01  0.3376962968  5.718488e-01 1.0304
1  1.20e+01  0.3333317463  5.718488e-01 1.0304
1  1.32e+01  0.3295586003  5.718488e-01 1.0304
1  1.45e+01  0.3263445265  5.718488e-01 1.0304
1  1.58e+01  0.3236328698  5.718488e-01 1.0304
1  1.74e+01  0.3213432614  5.718488e-01 1.0304
1  1.91e+01  0.3193617236  5.718488e-01 1.0304
1  2.09e+01  0.3176883411  5.718488e-01 1.0304
1  2.29e+01  0.316270917  5.718488e-01 1.0304
1  2.51e+01  0.3149958713  5.718488e-01 1.0304
1  2.75e+01  0.3139039562  5.718488e-01 1.0304
1  3.02e+01  0.3128876057  5.718488e-01 1.0304
1  3.31e+01  0.3119775558  5.718488e-01 1.0304
1  3.63e+01  0.3110908157  5.718488e-01 1.0304
1  3.98e+01  0.3102284272  5.718488e-01 1.0304
1  4.37e+01  0.3093342949  5.718488e-01 1.0304
1  4.79e+01  0.3084118006  5.718488e-01 1.0304
1  5.25e+01  0.307411537  5.718488e-01 1.0304
1  5.75e+01  0.3062645315  5.718488e-01 1.0304
1  6.31e+01  0.3049633698  5.718488e-01 1.0304
1  6.92e+01  0.3033695988  5.718488e-01 1.0304
1  7.59e+01  0.3014649754  5.718488e-01 1.0304
1  8.32e+01  0.2990405998  5.718488e-01 1.0304
1  9.12e+01  0.2958991582  5.718488e-01 1.0304
1  1.00e+02  0.2917201271  5.718488e-01 1.0304
1  1.10e+02  0.2859505762  5.718488e-01 1.0304
1  1.20e+02  0.2777688033  5.718488e-01 1.0304
1  1.32e+02  0.2657777431  5.718488e-01 1.0304
1  1.45e+02  0.2477856596  5.718488e-01 1.0304
1  1.58e+02  0.2210212254  5.718488e-01 1.0304
1  1.74e+02  0.1840712014  5.718488e-01 1.0304
1  1.91e+02  0.140967681  5.718488e-01 1.0304
1  2.09e+02  0.1016497454  5.718488e-01 1.0304
1  2.29e+02  0.07302073733  5.718488e-01 1.0304
1  2.51e+02  0.0548039289  5.718488e-01 1.0304
1  2.75e+02  0.04371981558  5.718488e-01 1.0304
1  3.02e+02  0.03695399884  5.718488e-01 1.0304
1  3.31e+02  0.03270309222  5.718488e-01 1.0304
1  3.63e+02  0.02995930551  5.718488e-01 1.0304
1  3.98e+02  0.0281269281  5.718488e-01 1.0304
1  4.37e+02  0.02686976263  5.718488e-01 1.0304
1  4.79e+02  0.02599271317  5.718488e-01 1.0304
1  5.25e+02  0.02536096767  5.718488e-01 1.0304
1  5.75e+02  0.02489948607  5.718488e-01 1.0304
1  6.31e+02  0.02455909652  5.718488e-01 1.0304
1  6.92e+02  0.02430270767  5.718488e-01 1.0304
1  7.59e+02  0.02410916371  5.718488e-01 1.0304
1  8.32e+02  0.02396176771  5.718488e-01 1.0304
1  9.12e+02  0.02384557325  5.718488e-01 1.0304
1  1.00e+03  0.02375583829  5.718488e-01 1.0304
1  1.10e+03  0.02368443073  5.718488e-01 1.0304
1  1.20e+03  0.02362918099  5.718488e-01 1.0304
1  1.32e+03  0.02358452793  5.718488e-01 1.0304
1  1.45e+03  0.02355116854  5.718488e-01 1.0304
1  1.58e+03  0.02352224292  5.718488e-01 1.0304
1  1.74e+03  0.02349983103  5.718488e-01 1.0304
1  1.91e+03  0.02348136399  5.718488e-01 1.0304
1  2.09e+03  0.02346582972  5.718488e-01 1.0304
1  2.29e+03  0.02345390465  5.718488e-01 1.0304
1  2.51e+03  0.02344481918  5.718488e-01 1.0304
1  2.75e+03  0.02343626677  5.718488e-01 1.0304
1  3.02e+03  0.02343131567  5.718488e-01 1.0304
1  3.31e+03  0.02342593989  5.718488e-01 1.0304
1  3.63e+03  0.02342032616  5.718488e-01 1.0304
1  3.98e+03  0.02341769747  5.718488e-01 1.0304
1  4.37e+03  0.02341812334  5.718488e-01 1.0304
1  4.79e+03  0.02342123489  5.718488e-01 1.0304
1  5.25e+03  0.02340884865  5.718488e-01 1.0304
1  5.75e+03  0.02342840647  5.718488e-01 1.0304
1  6.31e+03  0.02340923618  5.718488e-01 1.0304
1  6.92e+03  0.02342442024  5.718488e-01 1.0304
1  7.59e+03  0.02351557612  5.718488e-01 1.0304
1  8.32e+03  0.02367119895  5.718488e-01 1.0304
1  9.12e+03  0.02377965407  5.718488e-01 1.0304
1  1.00e+04  0.02416622258  5.718488e-01 1.0304
1  1.10e+04  0.02484688974  5.718488e-01 1.0304
1  1.20e+04  0.02583503997  5.718488e-01 1.0304
1  1.32e+04  0.02709586061  5.718488e-01 1.0304
1  1.45e+04  0.02898395942  5.718488e-01 1.0304
1  1.58e+04  0.03217869314  5.718488e-01 1.0304
1  1.74e+04  0.03561318522  5.718488e-01 1.0304
1  1.91e+04  0.04064542461  5.718488e-01 1.0304
1  2.09e+04  0.04661893006  5.718488e-01 1.0304
1  2.29e+04  0.05406070233  5.718488e-01 1.0304
1  2.51e+04  0.06276317374  5.718488e-01 1.0304
1  2.75e+04  0.07298092478  5.718488e-01 1.0304
1  3.02e+04  0.0846747322  5.718488e-01 1.0304
1  3.31e+04  0.09813539262  5.718488e-01 1.0304
1  3.63e+04  0.1128426121  5.718488e-01 1.0304
1  3.98e+04  0.1266963714  5.718488e-01 1.0304
1  4.37e+04  0.1440075274  5.718488e-01 1.0304
1  4.79e+04  0.1611065894  5.718488e-01 1.0304
1  5.25e+04  0.1779724283  5.718488e-01 1.0304
1  5.75e+04  0.1958152153  5.718488e-01 1.0304
1  6.31e+04  0.2159099286  5.718488e-01 1.0304
1  6.92e+04  0.2310040994  5.718488e-01 1.0304
1  7.59e+04  0.2497552404  5.718488e-01 1.0304
1  8.32e+04  0.271211763  5.718488e-01 1.0304
1  9.12e+04  0.2864909909  5.718488e-01 1.0304
1  1.00e+05  0.300035256  5.718488e-01 1.0304
1  1.10e+05  0.3168520743  5.718488e-01 1.0304
1  1.20e+05  0.3358190491  5.718488e-01 1.0304
1  1.32e+05  0.3538980192  5.718488e-01 1.0304
1  1.45e+05  0.3687555693  5.718488e-01 1.0304
1  1.58e+05  0.3803252176  5.718488e-01 1.0304
1  1.74e+05  0.3901847172  5.718488e-01 1.0304
1  1.91e+05  0.399851798  5.718488e-01 1.0304
1  2.09e+05  0.4100128587  5.718488e-01 1.0304
1  2.29e+05  0.4207195711  5.718488e-01 1.0304
1  2.51e+05  0.4317474304  5.718488e-01 1.0304
1  2.75e+05  0.4427791281  5.718488e-01 1.0304
1  3.02e+05  0.4534859556  5.718488e-01 1.0304
1  3.31e+05  0.4635886558  5.718488e-01 1.0304
1  3.63e+05  0.4728975399  5.718488e-01 1.0304
1  3.98e+05  0.4813194705  5.718488e-01 1.0304
1  4.37e+05  0.4888396755  5.718488e-01 1.0304
1  4.79e+05  0.4954951247  5.718488e-01 1.0304
1  5.25e+05  0.5013511235  5.718488e-01 1.0304
1  5.75e+05  0.5064850329  5.718488e-01 1.0304
1  6.31e+05  0.5109764632  5.718488e-01 1.0304
1  6.92e+05  0.5149019336  5.718488e-01 1.0304
1  7.59e+05  0.5183322276  5.718488e-01 1.0304
1  8.32e+05  0.5213312754  5.718488e-01 1.0304
1  9.12e+05  0.5239558879  5.718488e-01 1.0304
1  1.00e+06  0.5262559666  5.718488e-01 1.0304
1  1.10e+06  0.5282749732  5.718488e-01 1.0304
1  1.20e+06  0.5300505289  5.718488e-01 1.0304
1  1.32e+06  0.5316150613  5.718488e-01 1.0304
1  1.45e+06  0.5329964456  5.718488e-01 1.0304
1  1.58e+06  0.5342186096  5.718488e-01 1.0304
1  1.74e+06  0.5353020842  5.718488e-01 1.0304
1  1.91e+06  0.5362644963  5.718488e-01 1.0304
1  2.09e+06  0.5371209879  5.718488e-01 1.0304
1  2.29e+06  0.5378845915  5.718488e-01 1.0304
1  2.51e+06  0.5385665466  5.718488e-01 1.0304
1  2.75e+06  0.5391765679  5.718488e-01 1.0304
1  3.02e+06  0.5397230697  5.718488e-01 1.0304
1  3.31e+06  0.5402133603  5.718488e-01 1.0304
1  3.63e+06  0.5406538021  5.718488e-01 1.0304
1  3.98e+06  0.5410499489  5.718488e-01 1.0304
1  4.37e+06  0.5414066605  5.718488e-01 1.0304
1  4.79e+06  0.541728201  5.718488e-01 1.0304
1  5.25e+06  0.54201832  5.718488e-01 1.0304
1  5.75e+06  0.5422803227  5.718488e-01 1.0304
1  6.31e+06  0.5425171297  5.718488e-01 1.0304
1  6.92e+06  0.5427313266  5.718488e-01 1.0304
1  7.59e+06  0.5429252077  5.718488e-01 1.0304
1  8.32e+06  0.5431008126  5.718488e-01 1.0304
1  9.12e+06  0.5432599579  5.718488e-01 1.0304
1  1.00e+07  0.5434042643  5.718488e-01 1.0304
