1  1.00e-03  0.5530799328  5.616372e-01 1.012
1  1.10e-03  0.5530773427  5.616372e-01 1.012
1  1.20e-03  0.5530745376  5.616372e-01 1.012
1  1.32e-03  0.5530714127  5.616372e-01 1.012
1  1.45e-03  0.5530679137  5.616372e-01 1.012
1  1.58e-03  0.5530641709  5.616372e-01 1.012
1  1.74e-03  0.553060132  5.616372e-01 1.012
1  1.91e-03  0.5530555918  5.616372e-01 1.012
1  2.09e-03  0.5530505729  5.616372e-01 1.012
1  2.29e-03  0.5530452107  5.616372e-01 1.012
1  2.51e-03  0.5530392037  5.616372e-01 1.012
1  2.75e-03  0.5530327056  5.616372e-01 1.012
1  3.02e-03  0.553025539  5.616372e-01 1.012
1  3.31e-03  0.5530176705  5.616372e-01 1.012
1  3.63e-03  0.5530090855  5.616372e-01 1.012
1  3.98e-03  0.5529996477  5.616372e-01 1.012
1  4.37e-03  0.5529893057  5.616372e-01 1.012
1  4.79e-03  0.5529779398  5.616372e-01 1.012
1  5.25e-03  0.5529654963  5.616372e-01 1.012
1  5.75e-03  0.5529518318  5.616372e-01 1.012
1  6.31e-03  0.5529368786  5.616372e-01 1.012
1  6.92e-03  0.5529204466  5.616372e-01 1.012
1  7.59e-03  0.552902464  5.616372e-01 1.012
1  8.32e-03  0.552882718  5.616372e-01 1.012
1  9.12e-03  0.5528610625  5.616372e-01 1.012
1  1.00e-02  0.5528373317  5.616372e-01 1.012
1  1.10e-02  0.5528112855  5.616372e-01 1.012
1  1.20e-02  0.552782691  5.616372e-01 1.012
1  1.32e-02  0.552751394  5.616372e-01 1.012
1  1.45e-02  0.5527170481  5.616372e-01 1.012
1  1.58e-02  0.5526793821  5.616372e-01 1.012
1  1.74e-02  0.5526380657  5.616372e-01 1.012
1  1.91e-02  0.5525926941  5.616372e-01 1.012
1  2.09e-02  0.5525430321  5.616372e-01 1.012
1  2.29e-02  0.5524885122  5.616372e-01 1.012
1  2.51e-02  0.5524286713  5.616372e-01 1.012
1  2.75e-02  0.5523630035  5.616372e-01 1.012
1  3.02e-02  0.5522910899  5.616372e-01 1.012
1  3.31e-02  0.5522121908  5.616372e-01 1.012
1  3.63e-02  0.5521255741  5.616372e-01 1.012
1  3.98e-02  0.552030439  5.616372e-01 1.012
1  4.37e-02  0.551926263  5.616372e-01 1.012
1  4.79e-02  0.5518116912  5.616372e-01 1.012
1  5.25e-02  0.5516860792  5.616372e-01 1.012
1  5.75e-02  0.5515484485  5.616372e-01 1.012
1  6.31e-02  0.5513970499  5.616372e-01 1.012
1  6.92e-02  0.5512310702  5.616372e-01 1.012
1  7.59e-02  0.5510489606  5.616372e-01 1.012
1  8.32e-02  0.550848656  5.616372e-01 1.012
1  9.12e-02  0.550629299  5.616372e-01 1.012
1  1.00e-01  0.5503878236  5.616372e-01 1.012
1  1.10e-01  0.5501227293  5.616372e-01 1.012
1  1.20e-01  0.5498316954  5.616372e-01 1.012
1  1.32e-01  0.5495123395  5.616372e-01 1.012
1  1.45e-01  0.5491605845  5.616372e-01 1.012
1  1.58e-01  0.5487746449  5.616372e-01 1.012
1  1.74e-01  0.5483500226  5.616372e-01 1.012
1  1.91e-01  0.5478835398  5.616372e-01 1.012
1  2.09e-01  0.5473703319  5.616372e-01 1.012
1  2.29e-01  0.5468054972  5.616372e-01 1.012
1  2.51e-01  0.5461834186  5.616372e-01 1.012
1  2.75e-01  0.5455003526  5.616372e-01 1.012
1  3.02e-01  0.5447460403  5.616372e-01 1.012
1  3.31e-01  0.5439161852  5.616372e-01 1.012
1  3.63e-01  0.5430029952  5.616372e-01 1.012
1  3.98e-01  0.5419936215  5.616372e-01 1.012
1  4.37e-01  0.5408818373  5.616372e-01 1.012
1  4.79e-01  0.5396558381  5.616372e-01 1.012
1  5.25e-01  0.5383027632  5.616372e-01 1.012
1  5.75e-01  0.5368066486  5.616372e-01 1.012
1  6.31e-01  0.5351526796  5.616372e-01 1.012
1  6.92e-01  0.5333268484  5.616372e-01 1.012
1  7.59e-01  0.5313062875  5.616372e-01 1.012
1  8.32e-01  0.5290686629  5.616372e-01 1.012
1  9.12e-01  0.5265939548  5.616372e-01 1.012
1  1.00e+00  0.5238536935  5.616372e-01 1.012
1  1.10e+00  0.5208157385  5.616372e-01 1.012
1  1.20e+00  0.5174512605  5.616372e-01 1.012
1  1.32e+00  0.5137251047  5.616372e-01 1.012
1  1.45e+00  0.5095973177  5.616372e-01 1.012
1  1.58e+00  0.5050295744  5.616372e-01 1.012
1  1.74e+00  0.499980087  5.616372e-01 1.012
1  1.91e+00  0.494402416  5.616372e-01 1.012
1  2.09e+00  0.4882595408  5.616372e-01 1.012
1  2.29e+00  0.4815057071  5.616372e-01 1.012
1  2.51e+00  0.4741248438  5.616372e-01 1.012
1  2.75e+00  0.4660919487  5.616372e-01 1.012
1  3.02e+00  0.4574234353  5.616372e-01 1.012
1  3.31e+00  0.4481110809  5.616372e-01 1.012
1  3.63e+00  0.4382491878  5.616372e-01 1.012
1  3.98e+00  0.4278883002  5.616372e-01 1.012
1  4.37e+00  0.4172076467  5.616372e-01 1.012
1  4.79e+00  0.4063163609  5.616372e-01 1.012
1  5.25e+00  0.3954558084  5.616372e-01 1.012
1  5.75e+00  0.3847866323  5.616372e-01 1.012
1  6.31e+00  0.3745243574  5.616372e-01 1.012
1  6.92e+00  0.3648738454  5.616372e-01 1.012
1  7.59e+00  0.355918229  5.616372e-01 1.012
1  8.32e+00  0.3478202296  5.616372e-01 1.012
1  9.12e+00  0.340554517  5.616372e-01 1.012
1  1.00e+01  0.3341953686  5.616372e-01 1.012
1  1.10e+01  0.3286539779  5.616372e-01 1.012
1  1.20e+01  0.3238520631  5.616372e-01 1.012
1  1.32e+01  0.3198162723  5.616372e-01 1.012
1  1.45e+01  0.3163683881  5.616372e-01 1.012
1  1.58e+01  0.31347199  5.616372e-01 1.012
1  1.74e+01  0.3109983269  5.616372e-01 1.012
1  1.91e+01  0.3089299242  5.616372e-01 1.012
1  2.09e+01  0.3071452155  5.616372e-01 1.012
1  2.29e+01  0.3056441986  5.616372e-01 1.012
1  2.51e+01  0.3043413077  5.616372e-01 1.012
1  2.75e+01  0.3031833237  5.616372e-01 1.012
1  3.02e+01  0.3021449727  5.616372e-01 1.012
1  3.31e+01  0.3012118837  5.616372e-01 1.012
1  3.63e+01  0.3003230416  5.616372e-01 1.012
1  3.98e+01  0.2994383856  5.616372e-01 1.012
1  4.37e+01  0.2985628258  5.616372e-01 1.012
1  4.79e+01  0.2976357662  5.616372e-01 1.012
1  5.25e+01  0.2966653029  5.616372e-01 1.012
1  5.75e+01  0.2955572413  5.616372e-01 1.012
1  6.31e+01  0.2942556425  5.616372e-01 1.012
1  6.92e+01  0.2927563806  5.616372e-01 1.012
1  7.59e+01  0.2908788208  5.616372e-01 1.012
1  8.32e+01  0.2885603882  5.616372e-01 1.012
1  9.12e+01  0.2855363094  5.616372e-01 1.012
1  1.00e+02  0.2815104067  5.616372e-01 1.012
1  1.10e+02  0.275962885  5.616372e-01 1.012
1  1.20e+02  0.2681178891  5.616372e-01 1.012
1  1.32e+02  0.2565679764  5.616372e-01 1.012
1  1.45e+02  0.2392880504  5.616372e-01 1.012
1  1.58e+02  0.2136157207  5.616372e-01 1.012
1  1.74e+02  0.1780917038  5.616372e-01 1.012
1  1.91e+02  0.1366448059  5.616372e-01 1.012
1  2.09e+02  0.09879452398  5.616372e-01 1.012
1  2.29e+02  0.0712136545  5.616372e-01 1.012
1  2.51e+02  0.05365679581  5.616372e-01 1.012
1  2.75e+02  0.04298020646  5.616372e-01 1.012
1  3.02e+02  0.03645287749  5.616372e-01 1.012
1  3.31e+02  0.03236361544  5.616372e-01 1.012
1  3.63e+02  0.02971630424  5.616372e-01 1.012
1  3.98e+02  0.02795162216  5.616372e-01 1.012
1  4.37e+02  0.02674544866  5.616372e-01 1.012
1  4.79e+02  0.02589604727  5.616372e-01 1.012
1  5.25e+02  0.02528654781  5.616372e-01 1.012
1  5.75e+02  0.0248440372  5.616372e-01 1.012
1  6.31e+02  0.02451566391  5.616372e-01 1.012
1  6.92e+02  0.0242703351  5.616372e-01 1.012
1  7.59e+02  0.02408268374  5.616372e-01 1.012
1  8.32e+02  0.02394107349  5.616372e-01 1.012
1  9.12e+02  0.02382947037  5.616372e-01 1.012
1  1.00e+03  0.02374326769  5.616372e-01 1.012
1  1.10e+03  0.023674067  5.616372e-01 1.012
1  1.20e+03  0.02362082148  5.616372e-01 1.012
1  1.32e+03  0.02357789818  5.616372e-01 1.012
1  1.45e+03  0.0235453491  5.616372e-01 1.012
1  1.58e+03  0.02351743183  5.616372e-01 1.012
1  1.74e+03  0.02349634206  5.616372e-01 1.012
1  1.91e+03  0.02347818383  5.616372e-01 1.012
1  2.09e+03  0.02346336124  5.616372e-01 1.012
1  2.29e+03  0.0234517615  5.616372e-01 1.012
1  2.51e+03  0.02344334871  5.616372e-01 1.012
1  2.75e+03  0.02343518108  5.616372e-01 1.012
1  3.02e+03  0.02343011017  5.616372e-01 1.012
1  3.31e+03  0.02342488004  5.616372e-01 1.012
1  3.63e+03  0.02341956745  5.616372e-01 1.012
1  3.98e+03  0.02341716615  5.616372e-01 1.012
1  4.37e+03  0.02341777271  5.616372e-01 1.012
1  4.79e+03  0.02342071599  5.616372e-01 1.012
1  5.25e+03  0.02340775151  5.616372e-01 1.012
1  5.75e+03  0.02342857517  5.616372e-01 1.012
1  6.31e+03  0.02340994431  5.616372e-01 1.012
1  6.92e+03  0.0234247569  5.616372e-01 1.012
1  7.59e+03  0.02351499457  5.616372e-01 1.012
1  8.32e+03  0.0236610988  5.616372e-01 1.012
1  9.12e+03  0.02377287126  5.616372e-01 1.012
1  1.00e+04  0.02414372  5.616372e-01 1.012
1  1.10e+04  0.02481715832  5.616372e-01 1.012
1  1.20e+04  0.02579541824  5.616372e-01 1.012
1  1.32e+04  0.02704425386  5.616372e-01 1.012
1  1.45e+04  0.02893658179  5.616372e-01 1.012
1  1.58e+04  0.03213920374  5.616372e-01 1.012
1  1.74e+04  0.035573039  5.616372e-01 1.012
1  1.91e+04  0.04065962636  5.616372e-01 1.012
1  2.09e+04  0.04667036034  5.616372e-01 1.012
1  2.29e+04  0.05419243961  5.616372e-01 1.012
1  2.51e+04  0.06298277262  5.616372e-01 1.012
1  2.75e+04  0.07331860863  5.616372e-01 1.012
1  3.02e+04  0.08516731227  5.616372e-01 1.012
1  3.31e+04  0.0988154023  5.616372e-01 1.012
1  3.63e+04  0.1137111186  5.616372e-01 1.012
1  3.98e+04  0.1277616574  5.616372e-01 1.012
1  4.37e+04  0.1453678987  5.616372e-01 1.012
1  4.79e+04  0.1626816564  5.616372e-01 1.012
1  5.25e+04  0.1798625399  5.616372e-01 1.012
1  5.75e+04  0.1979482394  5.616372e-01 1.012
1  6.31e+04  0.2183940954  5.616372e-01 1.012
1  6.92e+04  0.2337477542  5.616372e-01 1.012
1  7.59e+04  0.2527769469  5.616372e-01 1.012
1  8.32e+04  0.2746030047  5.616372e-01 1.012
1  9.12e+04  0.290171264  5.616372e-01 1.012
1  1.00e+05  0.3039414031  5.616372e-01 1.012
1  1.10e+05  0.3210266794  5.616372e-01 1.012
1  1.20e+05  0.3403090278  5.616372e-01 1.012
1  1.32e+05  0.3587048007  5.616372e-01 1.012
1  1.45e+05  0.37383527  5.616372e-01 1.012
1  1.58e+05  0.3856214866  5.616372e-01 1.012
1  1.74e+05  0.3956616544  5.616372e-01 1.012
1  1.91e+05  0.4054997884  5.616372e-01 1.012
1  2.09e+05  0.4158368308  5.616372e-01 1.012
1  2.29e+05  0.4267275355  5.616372e-01 1.012
1  2.51e+05  0.4379448305  5.616372e-01 1.012
1  2.75e+05  0.4491667452  5.616372e-01 1.012
1  3.02e+05  0.4600593497  5.616372e-01 1.012
1  3.31e+05  0.470338668  5.616372e-01 1.012
1  3.63e+05  0.4798115788  5.616372e-01 1.012
1  3.98e+05  0.4883830607  5.616372e-01 1.012
1  4.37e+05  0.4960378024  5.616372e-01 1.012
1  4.79e+05  0.5028131726  5.616372e-01 1.012
1  5.25e+05  0.5087754202  5.616372e-01 1.012
1  5.75e+05  0.5140031084  5.616372e-01 1.012
1  6.31e+05  0.5185771267  5.616372e-01 1.012
1  6.92e+05  0.5225752496  5.616372e-01 1.012
1  7.59e+05  0.5260694383  5.616372e-01 1.012
1  8.32e+05  0.5291246989  5.616372e-01 1.012
1  9.12e+05  0.5317988076  5.616372e-01 1.012
1  1.00e+06  0.534142521  5.616372e-01 1.012
1  1.10e+06  0.5362000512  5.616372e-01 1.012
1  1.20e+06  0.538009674  5.616372e-01 1.012
1  1.32e+06  0.5396043852  5.616372e-01 1.012
1  1.45e+06  0.5410125517  5.616372e-01 1.012
1  1.58e+06  0.5422585265  5.616372e-01 1.012
1  1.74e+06  0.5433632075  5.616372e-01 1.012
1  1.91e+06  0.544344539  5.616372e-01 1.012
1  2.09e+06  0.5452179374  5.616372e-01 1.012
1  2.29e+06  0.5459966726  5.616372e-01 1.012
1  2.51e+06  0.5466921907  5.616372e-01 1.012
1  2.75e+06  0.5473143855  5.616372e-01 1.012
1  3.02e+06  0.547871828  5.616372e-01 1.012
1  3.31e+06  0.548371963  5.616372e-01 1.012
1  3.63e+06  0.5488212727  5.616372e-01 1.012
1  3.98e+06  0.5492254158  5.616372e-01 1.012
1  4.37e+06  0.549589345  5.616372e-01 1.012
1  4.79e+06  0.5499174056  5.616372e-01 1.012
1  5.25e+06  0.5502134194  5.616372e-01 1.012
1  5.75e+06  0.5504807557  5.616372e-01 1.012
1  6.31e+06  0.5507223916  5.616372e-01 1.012
1  6.92e+06  0.5509409634  5.616372e-01 1.012
1  7.59e+06  0.5511388102  5.616372e-01 1.012
1  8.32e+06  0.5513180118  5.616372e-01 1.012
1  9.12e+06  0.5514804207  5.616372e-01 1.012
1  1.00e+07  0.5516276898  5.616372e-01 1.012
