1  1.00e-03  0.5889454793  5.212348e-01 0.9392
1  1.10e-03  0.5889425725  5.212348e-01 0.9392
1  1.20e-03  0.5889394075  5.212348e-01 0.9392
1  1.32e-03  0.5889357792  5.212348e-01 0.9392
1  1.45e-03  0.5889319163  5.212348e-01 0.9392
1  1.58e-03  0.5889277151  5.212348e-01 0.9392
1  1.74e-03  0.5889230706  5.212348e-01 0.9392
1  1.91e-03  0.5889180243  5.212348e-01 0.9392
1  2.09e-03  0.5889123648  5.212348e-01 0.9392
1  2.29e-03  0.5889062739  5.212348e-01 0.9392
1  2.51e-03  0.5888995707  5.212348e-01 0.9392
1  2.75e-03  0.5888922079  5.212348e-01 0.9392
1  3.02e-03  0.5888841342  5.212348e-01 0.9392
1  3.31e-03  0.5888753088  5.212348e-01 0.9392
1  3.63e-03  0.5888656331  5.212348e-01 0.9392
1  3.98e-03  0.58885496  5.212348e-01 0.9392
1  4.37e-03  0.588843312  5.212348e-01 0.9392
1  4.79e-03  0.5888305327  5.212348e-01 0.9392
1  5.25e-03  0.5888164977  5.212348e-01 0.9392
1  5.75e-03  0.5888011276  5.212348e-01 0.9392
1  6.31e-03  0.5887842615  5.212348e-01 0.9392
1  6.92e-03  0.5887657667  5.212348e-01 0.9392
1  7.59e-03  0.5887454467  5.212348e-01 0.9392
1  8.32e-03  0.5887231949  5.212348e-01 0.9392
1  9.12e-03  0.5886987984  5.212348e-01 0.9392
1  1.00e-02  0.5886720606  5.212348e-01 0.9392
1  1.10e-02  0.5886426812  5.212348e-01 0.9392
1  1.20e-02  0.588610521  5.212348e-01 0.9392
1  1.32e-02  0.5885751844  5.212348e-01 0.9392
1  1.45e-02  0.5885364589  5.212348e-01 0.9392
1  1.58e-02  0.5884939821  5.212348e-01 0.9392
1  1.74e-02  0.5884474561  5.212348e-01 0.9392
1  1.91e-02  0.5883963771  5.212348e-01 0.9392
1  2.09e-02  0.5883403114  5.212348e-01 0.9392
1  2.29e-02  0.5882788252  5.212348e-01 0.9392
1  2.51e-02  0.5882114  5.212348e-01 0.9392
1  2.75e-02  0.5881373805  5.212348e-01 0.9392
1  3.02e-02  0.5880562287  5.212348e-01 0.9392
1  3.31e-02  0.5879670856  5.212348e-01 0.9392
1  3.63e-02  0.5878693234  5.212348e-01 0.9392
1  3.98e-02  0.5877620316  5.212348e-01 0.9392
1  4.37e-02  0.5876444175  5.212348e-01 0.9392
1  4.79e-02  0.5875153521  5.212348e-01 0.9392
1  5.25e-02  0.587373475  5.212348e-01 0.9392
1  5.75e-02  0.5872177409  5.212348e-01 0.9392
1  6.31e-02  0.5870471449  5.212348e-01 0.9392
1  6.92e-02  0.5868596082  5.212348e-01 0.9392
1  7.59e-02  0.5866536387  5.212348e-01 0.9392
1  8.32e-02  0.5864272254  5.212348e-01 0.9392
1  9.12e-02  0.5861789572  5.212348e-01 0.9392
1  1.00e-01  0.5859057167  5.212348e-01 0.9392
1  1.10e-01  0.5856061099  5.212348e-01 0.9392
1  1.20e-01  0.5852763166  5.212348e-01 0.9392
1  1.32e-01  0.5849141058  5.212348e-01 0.9392
1  1.45e-01  0.5845157025  5.212348e-01 0.9392
1  1.58e-01  0.5840776698  5.212348e-01 0.9392
1  1.74e-01  0.5835958034  5.212348e-01 0.9392
1  1.91e-01  0.5830664662  5.212348e-01 0.9392
1  2.09e-01  0.5824829775  5.212348e-01 0.9392
1  2.29e-01  0.5818403905  5.212348e-01 0.9392
1  2.51e-01  0.5811318181  5.212348e-01 0.9392
1  2.75e-01  0.5803526797  5.212348e-01 0.9392
1  3.02e-01  0.5794918275  5.212348e-01 0.9392
1  3.31e-01  0.5785431545  5.212348e-01 0.9392
1  3.63e-01  0.5774976618  5.212348e-01 0.9392
1  3.98e-01  0.5763403265  5.212348e-01 0.9392
1  4.37e-01  0.575063785  5.212348e-01 0.9392
1  4.79e-01  0.5736514743  5.212348e-01 0.9392
1  5.25e-01  0.5720902445  5.212348e-01 0.9392
1  5.75e-01  0.570362643  5.212348e-01 0.9392
1  6.31e-01  0.5684449529  5.212348e-01 0.9392
1  6.92e-01  0.5663224529  5.212348e-01 0.9392
1  7.59e-01  0.5639624026  5.212348e-01 0.9392
1  8.32e-01  0.5613471209  5.212348e-01 0.9392
1  9.12e-01  0.5584362484  5.212348e-01 0.9392
1  1.00e+00  0.5551953923  5.212348e-01 0.9392
1  1.10e+00  0.5515949371  5.212348e-01 0.9392
1  1.20e+00  0.5475786441  5.212348e-01 0.9392
1  1.32e+00  0.5430972747  5.212348e-01 0.9392
1  1.45e+00  0.5381088909  5.212348e-01 0.9392
1  1.58e+00  0.5325440283  5.212348e-01 0.9392
1  1.74e+00  0.5263354662  5.212348e-01 0.9392
1  1.91e+00  0.5194170748  5.212348e-01 0.9392
1  2.09e+00  0.5117230483  5.212348e-01 0.9392
1  2.29e+00  0.5031885274  5.212348e-01 0.9392
1  2.51e+00  0.4937381332  5.212348e-01 0.9392
1  2.75e+00  0.4833383827  5.212348e-01 0.9392
1  3.02e+00  0.4719386512  5.212348e-01 0.9392
1  3.31e+00  0.4595634999  5.212348e-01 0.9392
1  3.63e+00  0.4462877135  5.212348e-01 0.9392
1  3.98e+00  0.4321726938  5.212348e-01 0.9392
1  4.37e+00  0.4174295251  5.212348e-01 0.9392
1  4.79e+00  0.4023090813  5.212348e-01 0.9392
1  5.25e+00  0.3870697212  5.212348e-01 0.9392
1  5.75e+00  0.3720832029  5.212348e-01 0.9392
1  6.31e+00  0.3576491088  5.212348e-01 0.9392
1  6.92e+00  0.3440901487  5.212348e-01 0.9392
1  7.59e+00  0.3316254533  5.212348e-01 0.9392
1  8.32e+00  0.3203944545  5.212348e-01 0.9392
1  9.12e+00  0.3104711615  5.212348e-01 0.9392
1  1.00e+01  0.3018464849  5.212348e-01 0.9392
1  1.10e+01  0.2944564919  5.212348e-01 0.9392
1  1.20e+01  0.2881612556  5.212348e-01 0.9392
1  1.32e+01  0.2829009112  5.212348e-01 0.9392
1  1.45e+01  0.2784977725  5.212348e-01 0.9392
1  1.58e+01  0.2748448728  5.212348e-01 0.9392
1  1.74e+01  0.2717933123  5.212348e-01 0.9392
1  1.91e+01  0.2692709163  5.212348e-01 0.9392
1  2.09e+01  0.267132484  5.212348e-01 0.9392
1  2.29e+01  0.2653683489  5.212348e-01 0.9392
1  2.51e+01  0.2638594964  5.212348e-01 0.9392
1  2.75e+01  0.2625496712  5.212348e-01 0.9392
1  3.02e+01  0.2614323555  5.212348e-01 0.9392
1  3.31e+01  0.2604007974  5.212348e-01 0.9392
1  3.63e+01  0.2594765708  5.212348e-01 0.9392
1  3.98e+01  0.2586106601  5.212348e-01 0.9392
1  4.37e+01  0.2577451065  5.212348e-01 0.9392
1  4.79e+01  0.2568805437  5.212348e-01 0.9392
1  5.25e+01  0.2559710958  5.212348e-01 0.9392
1  5.75e+01  0.2549685863  5.212348e-01 0.9392
1  6.31e+01  0.2538324507  5.212348e-01 0.9392
1  6.92e+01  0.2525215333  5.212348e-01 0.9392
1  7.59e+01  0.2509241267  5.212348e-01 0.9392
1  8.32e+01  0.2489158416  5.212348e-01 0.9392
1  9.12e+01  0.2463212536  5.212348e-01 0.9392
1  1.00e+02  0.2429168974  5.212348e-01 0.9392
1  1.10e+02  0.2382248524  5.212348e-01 0.9392
1  1.20e+02  0.2315660295  5.212348e-01 0.9392
1  1.32e+02  0.2218024778  5.212348e-01 0.9392
1  1.45e+02  0.2071985301  5.212348e-01 0.9392
1  1.58e+02  0.1854845477  5.212348e-01 0.9392
1  1.74e+02  0.1553994543  5.212348e-01 0.9392
1  1.91e+02  0.120196636  5.212348e-01 0.9392
1  2.09e+02  0.08791445772  5.212348e-01 0.9392
1  2.29e+02  0.06433439229  5.212348e-01 0.9392
1  2.51e+02  0.04930591887  5.212348e-01 0.9392
1  2.75e+02  0.04015307138  5.212348e-01 0.9392
1  3.02e+02  0.03456469549  5.212348e-01 0.9392
1  3.31e+02  0.03106895024  5.212348e-01 0.9392
1  3.63e+02  0.02880207585  5.212348e-01 0.9392
1  3.98e+02  0.02729230671  5.212348e-01 0.9392
1  4.37e+02  0.02625864913  5.212348e-01 0.9392
1  4.79e+02  0.02553327588  5.212348e-01 0.9392
1  5.25e+02  0.0250137046  5.212348e-01 0.9392
1  5.75e+02  0.02463513654  5.212348e-01 0.9392
1  6.31e+02  0.0243553835  5.212348e-01 0.9392
1  6.92e+02  0.02414363567  5.212348e-01 0.9392
1  7.59e+02  0.02398369682  5.212348e-01 0.9392
1  8.32e+02  0.02386103827  5.212348e-01 0.9392
1  9.12e+02  0.02376619725  5.212348e-01 0.9392
1  1.00e+03  0.02369229523  5.212348e-01 0.9392
1  1.10e+03  0.0236346387  5.212348e-01 0.9392
1  1.20e+03  0.02358831759  5.212348e-01 0.9392
1  1.32e+03  0.02355215072  5.212348e-01 0.9392
1  1.45e+03  0.02352415005  5.212348e-01 0.9392
1  1.58e+03  0.02349991844  5.212348e-01 0.9392
1  1.74e+03  0.02348135288  5.212348e-01 0.9392
1  1.91e+03  0.02346619525  5.212348e-01 0.9392
1  2.09e+03  0.0234539232  5.212348e-01 0.9392
1  2.29e+03  0.02344435197  5.212348e-01 0.9392
1  2.51e+03  0.02343682665  5.212348e-01 0.9392
1  2.75e+03  0.0234306522  5.212348e-01 0.9392
1  3.02e+03  0.0234249816  5.212348e-01 0.9392
1  3.31e+03  0.02342052791  5.212348e-01 0.9392
1  3.63e+03  0.02341729866  5.212348e-01 0.9392
1  3.98e+03  0.02341448918  5.212348e-01 0.9392
1  4.37e+03  0.02341574569  5.212348e-01 0.9392
1  4.79e+03  0.02341769072  5.212348e-01 0.9392
1  5.25e+03  0.02340441395  5.212348e-01 0.9392
1  5.75e+03  0.02342765514  5.212348e-01 0.9392
1  6.31e+03  0.02341252933  5.212348e-01 0.9392
1  6.92e+03  0.02342634737  5.212348e-01 0.9392
1  7.59e+03  0.02351194735  5.212348e-01 0.9392
1  8.32e+03  0.02362752512  5.212348e-01 0.9392
1  9.12e+03  0.02375514128  5.212348e-01 0.9392
1  1.00e+04  0.02407522036  5.212348e-01 0.9392
1  1.10e+04  0.02473424674  5.212348e-01 0.9392
1  1.20e+04  0.02569431826  5.212348e-01 0.9392
1  1.32e+04  0.02693147552  5.212348e-01 0.9392
1  1.45e+04  0.0288759806  5.212348e-01 0.9392
1  1.58e+04  0.03216607074  5.212348e-01 0.9392
1  1.74e+04  0.0356663607  5.212348e-01 0.9392
1  1.91e+04  0.04105066363  5.212348e-01 0.9392
1  2.09e+04  0.04729619173  5.212348e-01 0.9392
1  2.29e+04  0.05524050536  5.212348e-01 0.9392
1  2.51e+04  0.06449332679  5.212348e-01 0.9392
1  2.75e+04  0.07541716791  5.212348e-01 0.9392
1  3.02e+04  0.0880043906  5.212348e-01 0.9392
1  3.31e+04  0.1025254401  5.212348e-01 0.9392
1  3.63e+04  0.1183021133  5.212348e-01 0.9392
1  3.98e+04  0.1332549089  5.212348e-01 0.9392
1  4.37e+04  0.1521646511  5.212348e-01 0.9392
1  4.79e+04  0.1704573304  5.212348e-01 0.9392
1  5.25e+04  0.1890000206  5.212348e-01 0.9392
1  5.75e+04  0.20816785  5.212348e-01 0.9392
1  6.31e+04  0.2301270302  5.212348e-01 0.9392
1  6.92e+04  0.2465919431  5.212348e-01 0.9392
1  7.59e+04  0.2668294831  5.212348e-01 0.9392
1  8.32e+04  0.2902374473  5.212348e-01 0.9392
1  9.12e+04  0.3070194427  5.212348e-01 0.9392
1  1.00e+05  0.3217415452  5.212348e-01 0.9392
1  1.10e+05  0.3399711773  5.212348e-01 0.9392
1  1.20e+05  0.3605954129  5.212348e-01 0.9392
1  1.32e+05  0.3803292564  5.212348e-01 0.9392
1  1.45e+05  0.3966007257  5.212348e-01 0.9392
1  1.58e+05  0.409282953  5.212348e-01 0.9392
1  1.74e+05  0.4200670867  5.212348e-01 0.9392
1  1.91e+05  0.4306119134  5.212348e-01 0.9392
1  2.09e+05  0.4416803175  5.212348e-01 0.9392
1  2.29e+05  0.4533391271  5.212348e-01 0.9392
1  2.51e+05  0.4653492783  5.212348e-01 0.9392
1  2.75e+05  0.4773681295  5.212348e-01 0.9392
1  3.02e+05  0.4890389439  5.212348e-01 0.9392
1  3.31e+05  0.500057321  5.212348e-01 0.9392
1  3.63e+05  0.5102154143  5.212348e-01 0.9392
1  3.98e+05  0.5194102323  5.212348e-01 0.9392
1  4.37e+05  0.5276243066  5.212348e-01 0.9392
1  4.79e+05  0.5348968701  5.212348e-01 0.9392
1  5.25e+05  0.5412983497  5.212348e-01 0.9392
1  5.75e+05  0.5469125585  5.212348e-01 0.9392
1  6.31e+05  0.5518259356  5.212348e-01 0.9392
1  6.92e+05  0.5561216722  5.212348e-01 0.9392
1  7.59e+05  0.5598767919  5.212348e-01 0.9392
1  8.32e+05  0.5631609079  5.212348e-01 0.9392
1  9.12e+05  0.5660359158  5.212348e-01 0.9392
1  1.00e+06  0.5685562096  5.212348e-01 0.9392
1  1.10e+06  0.5707691844  5.212348e-01 0.9392
1  1.20e+06  0.5727158828  5.212348e-01 0.9392
1  1.32e+06  0.5744316948  5.212348e-01 0.9392
1  1.45e+06  0.5759470533  5.212348e-01 0.9392
1  1.58e+06  0.5772880908  5.212348e-01 0.9392
1  1.74e+06  0.5784772375  5.212348e-01 0.9392
1  1.91e+06  0.5795337574  5.212348e-01 0.9392
1  2.09e+06  0.5804742045  5.212348e-01 0.9392
1  2.29e+06  0.5813128299  5.212348e-01 0.9392
1  2.51e+06  0.5820619301  5.212348e-01 0.9392
1  2.75e+06  0.5827321351  5.212348e-01 0.9392
1  3.02e+06  0.5833326559  5.212348e-01 0.9392
1  3.31e+06  0.5838714946  5.212348e-01 0.9392
1  3.63e+06  0.58435562  5.212348e-01 0.9392
1  3.98e+06  0.5847911171  5.212348e-01 0.9392
1  4.37e+06  0.585183312  5.212348e-01 0.9392
1  4.79e+06  0.585536879  5.212348e-01 0.9392
1  5.25e+06  0.5858559297  5.212348e-01 0.9392
1  5.75e+06  0.5861440898  5.212348e-01 0.9392
1  6.31e+06  0.586404563  5.212348e-01 0.9392
1  6.92e+06  0.5866401869  5.212348e-01 0.9392
1  7.59e+06  0.5868534798  5.212348e-01 0.9392
1  8.32e+06  0.5870466808  5.212348e-01 0.9392
1  9.12e+06  0.5872217848  5.212348e-01 0.9392
1  1.00e+07  0.5873805718  5.212348e-01 0.9392
