1  1.00e-03  0.5301313388  5.913840e-01 1.0656
1  1.10e-03  0.5301290898  5.913840e-01 1.0656
1  1.20e-03  0.5301266415  5.913840e-01 1.0656
1  1.32e-03  0.5301240442  5.913840e-01 1.0656
1  1.45e-03  0.5301209668  5.913840e-01 1.0656
1  1.58e-03  0.530117713  5.913840e-01 1.0656
1  1.74e-03  0.5301142738  5.913840e-01 1.0656
1  1.91e-03  0.5301102749  5.913840e-01 1.0656
1  2.09e-03  0.5301059737  5.913840e-01 1.0656
1  2.29e-03  0.5301013832  5.913840e-01 1.0656
1  2.51e-03  0.5300961595  5.913840e-01 1.0656
1  2.75e-03  0.530090569  5.913840e-01 1.0656
1  3.02e-03  0.5300843622  5.913840e-01 1.0656
1  3.31e-03  0.5300775593  5.913840e-01 1.0656
1  3.63e-03  0.5300701348  5.913840e-01 1.0656
1  3.98e-03  0.5300619926  5.913840e-01 1.0656
1  4.37e-03  0.5300530508  5.913840e-01 1.0656
1  4.79e-03  0.5300432426  5.913840e-01 1.0656
1  5.25e-03  0.5300324695  5.913840e-01 1.0656
1  5.75e-03  0.5300206958  5.913840e-01 1.0656
1  6.31e-03  0.5300077778  5.913840e-01 1.0656
1  6.92e-03  0.5299935838  5.913840e-01 1.0656
1  7.59e-03  0.5299780188  5.913840e-01 1.0656
1  8.32e-03  0.5299609585  5.913840e-01 1.0656
1  9.12e-03  0.5299422578  5.913840e-01 1.0656
1  1.00e-02  0.529921776  5.913840e-01 1.0656
1  1.10e-02  0.5298992575  5.913840e-01 1.0656
1  1.20e-02  0.5298746026  5.913840e-01 1.0656
1  1.32e-02  0.5298475338  5.913840e-01 1.0656
1  1.45e-02  0.529817867  5.913840e-01 1.0656
1  1.58e-02  0.5297853317  5.913840e-01 1.0656
1  1.74e-02  0.5297496989  5.913840e-01 1.0656
1  1.91e-02  0.5297105686  5.913840e-01 1.0656
1  2.09e-02  0.5296676492  5.913840e-01 1.0656
1  2.29e-02  0.5296205718  5.913840e-01 1.0656
1  2.51e-02  0.5295689527  5.913840e-01 1.0656
1  2.75e-02  0.529512285  5.913840e-01 1.0656
1  3.02e-02  0.5294502012  5.913840e-01 1.0656
1  3.31e-02  0.5293820101  5.913840e-01 1.0656
1  3.63e-02  0.5293072337  5.913840e-01 1.0656
1  3.98e-02  0.529225176  5.913840e-01 1.0656
1  4.37e-02  0.5291352785  5.913840e-01 1.0656
1  4.79e-02  0.5290366385  5.913840e-01 1.0656
1  5.25e-02  0.528928259  5.913840e-01 1.0656
1  5.75e-02  0.528809332  5.913840e-01 1.0656
1  6.31e-02  0.5286791259  5.913840e-01 1.0656
1  6.92e-02  0.5285360417  5.913840e-01 1.0656
1  7.59e-02  0.5283789513  5.913840e-01 1.0656
1  8.32e-02  0.528206463  5.913840e-01 1.0656
1  9.12e-02  0.5280172557  5.913840e-01 1.0656
1  1.00e-01  0.5278093881  5.913840e-01 1.0656
1  1.10e-01  0.5275815749  5.913840e-01 1.0656
1  1.20e-01  0.52733098  5.913840e-01 1.0656
1  1.32e-01  0.5270557183  5.913840e-01 1.0656
1  1.45e-01  0.5267538274  5.913840e-01 1.0656
1  1.58e-01  0.5264217748  5.913840e-01 1.0656
1  1.74e-01  0.5260572352  5.913840e-01 1.0656
1  1.91e-01  0.5256568316  5.913840e-01 1.0656
1  2.09e-01  0.5252163063  5.913840e-01 1.0656
1  2.29e-01  0.524732239  5.913840e-01 1.0656
1  2.51e-01  0.5242001878  5.913840e-01 1.0656
1  2.75e-01  0.5236137285  5.913840e-01 1.0656
1  3.02e-01  0.522970565  5.913840e-01 1.0656
1  3.31e-01  0.5222617737  5.913840e-01 1.0656
1  3.63e-01  0.5214805104  5.913840e-01 1.0656
1  3.98e-01  0.5206225616  5.913840e-01 1.0656
1  4.37e-01  0.5196765102  5.913840e-01 1.0656
1  4.79e-01  0.518633253  5.913840e-01 1.0656
1  5.25e-01  0.5174837101  5.913840e-01 1.0656
1  5.75e-01  0.5162186867  5.913840e-01 1.0656
1  6.31e-01  0.5148220982  5.913840e-01 1.0656
1  6.92e-01  0.513282619  5.913840e-01 1.0656
1  7.59e-01  0.5115807224  5.913840e-01 1.0656
1  8.32e-01  0.5097071053  5.913840e-01 1.0656
1  9.12e-01  0.5076352295  5.913840e-01 1.0656
1  1.00e+00  0.5053538097  5.913840e-01 1.0656
1  1.10e+00  0.5028288432  5.913840e-01 1.0656
1  1.20e+00  0.5000467947  5.913840e-01 1.0656
1  1.32e+00  0.4969806337  5.913840e-01 1.0656
1  1.45e+00  0.4935990038  5.913840e-01 1.0656
1  1.58e+00  0.4898760227  5.913840e-01 1.0656
1  1.74e+00  0.4857877078  5.913840e-01 1.0656
1  1.91e+00  0.4812990794  5.913840e-01 1.0656
1  2.09e+00  0.4763868897  5.913840e-01 1.0656
1  2.29e+00  0.471035494  5.913840e-01 1.0656
1  2.51e+00  0.4652176563  5.913840e-01 1.0656
1  2.75e+00  0.45895573  5.913840e-01 1.0656
1  3.02e+00  0.4522291219  5.913840e-01 1.0656
1  3.31e+00  0.4450832988  5.913840e-01 1.0656
1  3.63e+00  0.4375749113  5.913840e-01 1.0656
1  3.98e+00  0.4297463204  5.913840e-01 1.0656
1  4.37e+00  0.4217256569  5.913840e-01 1.0656
1  4.79e+00  0.4136017166  5.913840e-01 1.0656
1  5.25e+00  0.4055136822  5.913840e-01 1.0656
1  5.75e+00  0.397610884  5.913840e-01 1.0656
1  6.31e+00  0.3900002025  5.913840e-01 1.0656
1  6.92e+00  0.3828360996  5.913840e-01 1.0656
1  7.59e+00  0.3761783413  5.913840e-01 1.0656
1  8.32e+00  0.3700973265  5.913840e-01 1.0656
1  9.12e+00  0.3646188499  5.913840e-01 1.0656
1  1.00e+01  0.3597605771  5.913840e-01 1.0656
1  1.10e+01  0.3555254742  5.913840e-01 1.0656
1  1.20e+01  0.3518557102  5.913840e-01 1.0656
1  1.32e+01  0.3486425762  5.913840e-01 1.0656
1  1.45e+01  0.3458929016  5.913840e-01 1.0656
1  1.58e+01  0.3435741863  5.913840e-01 1.0656
1  1.74e+01  0.3415733245  5.913840e-01 1.0656
1  1.91e+01  0.3398588262  5.913840e-01 1.0656
1  2.09e+01  0.3383567959  5.913840e-01 1.0656
1  2.29e+01  0.3370669341  5.913840e-01 1.0656
1  2.51e+01  0.3359293491  5.913840e-01 1.0656
1  2.75e+01  0.334913541  5.913840e-01 1.0656
1  3.02e+01  0.3339713823  5.913840e-01 1.0656
1  3.31e+01  0.3330917824  5.913840e-01 1.0656
1  3.63e+01  0.3322521549  5.913840e-01 1.0656
1  3.98e+01  0.3313770067  5.913840e-01 1.0656
1  4.37e+01  0.330509609  5.913840e-01 1.0656
1  4.79e+01  0.3295461194  5.913840e-01 1.0656
1  5.25e+01  0.3284965594  5.913840e-01 1.0656
1  5.75e+01  0.3273253622  5.913840e-01 1.0656
1  6.31e+01  0.3259339437  5.913840e-01 1.0656
1  6.92e+01  0.3242644228  5.913840e-01 1.0656
1  7.59e+01  0.3222021161  5.913840e-01 1.0656
1  8.32e+01  0.3196106833  5.913840e-01 1.0656
1  9.12e+01  0.3162303365  5.913840e-01 1.0656
1  1.00e+02  0.3117293886  5.913840e-01 1.0656
1  1.10e+02  0.3055375543  5.913840e-01 1.0656
1  1.20e+02  0.2967344893  5.913840e-01 1.0656
1  1.32e+02  0.2837998887  5.913840e-01 1.0656
1  1.45e+02  0.264387435  5.913840e-01 1.0656
1  1.58e+02  0.2355660891  5.913840e-01 1.0656
1  1.74e+02  0.1957489304  5.913840e-01 1.0656
1  1.91e+02  0.1494218288  5.913840e-01 1.0656
1  2.09e+02  0.1072217117  5.913840e-01 1.0656
1  2.29e+02  0.07655006922  5.913840e-01 1.0656
1  2.51e+02  0.05703708939  5.913840e-01 1.0656
1  2.75e+02  0.04517379079  5.913840e-01 1.0656
1  3.02e+02  0.03791644835  5.913840e-01 1.0656
1  3.31e+02  0.0333717212  5.913840e-01 1.0656
1  3.63e+02  0.0304259838  5.913840e-01 1.0656
1  3.98e+02  0.02846876879  5.913840e-01 1.0656
1  4.37e+02  0.02712117479  5.913840e-01 1.0656
1  4.79e+02  0.02617736202  5.913840e-01 1.0656
1  5.25e+02  0.02550260078  5.913840e-01 1.0656
1  5.75e+02  0.0250079911  5.913840e-01 1.0656
1  6.31e+02  0.02464259804  5.913840e-01 1.0656
1  6.92e+02  0.02436925995  5.913840e-01 1.0656
1  7.59e+02  0.02416023367  5.913840e-01 1.0656
1  8.32e+02  0.02400063133  5.913840e-01 1.0656
1  9.12e+02  0.02387805005  5.913840e-01 1.0656
1  1.00e+03  0.0237822518  5.913840e-01 1.0656
1  1.10e+03  0.02370499496  5.913840e-01 1.0656
1  1.20e+03  0.02364682527  5.913840e-01 1.0656
1  1.32e+03  0.02359824947  5.913840e-01 1.0656
1  1.45e+03  0.02356132868  5.913840e-01 1.0656
1  1.58e+03  0.02353102144  5.913840e-01 1.0656
1  1.74e+03  0.02350676763  5.913840e-01 1.0656
1  1.91e+03  0.02348717691  5.913840e-01 1.0656
1  2.09e+03  0.02347055598  5.913840e-01 1.0656
1  2.29e+03  0.02345827059  5.913840e-01 1.0656
1  2.51e+03  0.02344759568  5.913840e-01 1.0656
1  2.75e+03  0.02343859688  5.913840e-01 1.0656
1  3.02e+03  0.02343340541  5.913840e-01 1.0656
1  3.31e+03  0.02342790145  5.913840e-01 1.0656
1  3.63e+03  0.02342197134  5.913840e-01 1.0656
1  3.98e+03  0.02341863492  5.913840e-01 1.0656
1  4.37e+03  0.02341857464  5.913840e-01 1.0656
1  4.79e+03  0.02342199818  5.913840e-01 1.0656
1  5.25e+03  0.02341127374  5.913840e-01 1.0656
1  5.75e+03  0.02342758014  5.913840e-01 1.0656
1  6.31e+03  0.02340793362  5.913840e-01 1.0656
1  6.92e+03  0.02342410019  5.913840e-01 1.0656
1  7.59e+03  0.02351651923  5.913840e-01 1.0656
1  8.32e+03  0.02369227439  5.913840e-01 1.0656
1  9.12e+03  0.02379527013  5.913840e-01 1.0656
1  1.00e+04  0.02421510869  5.913840e-01 1.0656
1  1.10e+04  0.02491323972  5.913840e-01 1.0656
1  1.20e+04  0.02592587447  5.913840e-01 1.0656
1  1.32e+04  0.02721986816  5.913840e-01 1.0656
1  1.45e+04  0.02910970631  5.913840e-01 1.0656
1  1.58e+04  0.0323050287  5.913840e-01 1.0656
1  1.74e+04  0.03576143332  5.913840e-01 1.0656
1  1.91e+04  0.04071370969  5.913840e-01 1.0656
1  2.09e+04  0.04664243693  5.913840e-01 1.0656
1  2.29e+04  0.05396257348  5.913840e-01 1.0656
1  2.51e+04  0.06253233907  5.913840e-01 1.0656
1  2.75e+04  0.07256185081  5.913840e-01 1.0656
1  3.02e+04  0.08399901875  5.913840e-01 1.0656
1  3.31e+04  0.09714313382  5.913840e-01 1.0656
1  3.63e+04  0.1115335379  5.913840e-01 1.0656
1  3.98e+04  0.125051262  5.913840e-01 1.0656
1  4.37e+04  0.1418426088  5.913840e-01 1.0656
1  4.79e+04  0.1585745081  5.913840e-01 1.0656
1  5.25e+04  0.1748763964  5.913840e-01 1.0656
1  5.75e+04  0.1922958003  5.913840e-01 1.0656
1  6.31e+04  0.2117611607  5.913840e-01 1.0656
1  6.92e+04  0.2263886254  5.913840e-01 1.0656
1  7.59e+04  0.2446456594  5.913840e-01 1.0656
1  8.32e+04  0.2654368601  5.913840e-01 1.0656
1  9.12e+04  0.280188528  5.913840e-01 1.0656
1  1.00e+05  0.293322308  5.913840e-01 1.0656
1  1.10e+05  0.3096550229  5.913840e-01 1.0656
1  1.20e+05  0.3280521175  5.913840e-01 1.0656
1  1.32e+05  0.3455553545  5.913840e-01 1.0656
1  1.45e+05  0.3599132978  5.913840e-01 1.0656
1  1.58e+05  0.3710837687  5.913840e-01 1.0656
1  1.74e+05  0.3806093726  5.913840e-01 1.0656
1  1.91e+05  0.3899611098  5.913840e-01 1.0656
1  2.09e+05  0.3997990188  5.913840e-01 1.0656
1  2.29e+05  0.4101688492  5.913840e-01 1.0656
1  2.51e+05  0.4208504107  5.913840e-01 1.0656
1  2.75e+05  0.4315345745  5.913840e-01 1.0656
1  3.02e+05  0.4419019013  5.913840e-01 1.0656
1  3.31e+05  0.451681573  5.913840e-01 1.0656
1  3.63e+05  0.4606900824  5.913840e-01 1.0656
1  3.98e+05  0.4688377219  5.913840e-01 1.0656
1  4.37e+05  0.4761107424  5.913840e-01 1.0656
1  4.79e+05  0.482545448  5.913840e-01 1.0656
1  5.25e+05  0.4882054875  5.913840e-01 1.0656
1  5.75e+05  0.4931660909  5.913840e-01 1.0656
1  6.31e+05  0.497504587  5.913840e-01 1.0656
1  6.92e+05  0.5012952484  5.913840e-01 1.0656
1  7.59e+05  0.5046067438  5.913840e-01 1.0656
1  8.32e+05  0.5075010665  5.913840e-01 1.0656
1  9.12e+05  0.5100332858  5.913840e-01 1.0656
1  1.00e+06  0.5122517567  5.913840e-01 1.0656
1  1.10e+06  0.5141985802  5.913840e-01 1.0656
1  1.20e+06  0.5159101885  5.913840e-01 1.0656
1  1.32e+06  0.5174179746  5.913840e-01 1.0656
1  1.45e+06  0.5187489164  5.913840e-01 1.0656
1  1.58e+06  0.5199261645  5.913840e-01 1.0656
1  1.74e+06  0.5209695769  5.913840e-01 1.0656
1  1.91e+06  0.5218961975  5.913840e-01 1.0656
1  2.09e+06  0.5227206633  5.913840e-01 1.0656
1  2.29e+06  0.5234555684  5.913840e-01 1.0656
1  2.51e+06  0.524111771  5.913840e-01 1.0656
1  2.75e+06  0.5246986528  5.913840e-01 1.0656
1  3.02e+06  0.5252243384  5.913840e-01 1.0656
1  3.31e+06  0.5256958811  5.913840e-01 1.0656
1  3.63e+06  0.5261194204  5.913840e-01 1.0656
1  3.98e+06  0.5265003136  5.913840e-01 1.0656
1  4.37e+06  0.5268432477  5.913840e-01 1.0656
1  4.79e+06  0.5271523333  5.913840e-01 1.0656
1  5.25e+06  0.5274311848  5.913840e-01 1.0656
1  5.75e+06  0.5276829872  5.913840e-01 1.0656
1  6.31e+06  0.5279105539  5.913840e-01 1.0656
1  6.92e+06  0.5281163755  5.913840e-01 1.0656
1  7.59e+06  0.5283026612  5.913840e-01 1.0656
1  8.32e+06  0.5284713746  5.913840e-01 1.0656
1  9.12e+06  0.5286242643  5.913840e-01 1.0656
1  1.00e+07  0.52876289  5.913840e-01 1.0656
