1  1.00e-03  0.537961946  5.807284e-01 1.0464
1  1.10e-03  0.5379595668  5.807284e-01 1.0464
1  1.20e-03  0.5379569836  5.807284e-01 1.0464
1  1.32e-03  0.5379541814  5.807284e-01 1.0464
1  1.45e-03  0.5379509375  5.807284e-01 1.0464
1  1.58e-03  0.5379474898  5.807284e-01 1.0464
1  1.74e-03  0.5379438331  5.807284e-01 1.0464
1  1.91e-03  0.5379396145  5.807284e-01 1.0464
1  2.09e-03  0.5379350318  5.807284e-01 1.0464
1  2.29e-03  0.5379301442  5.807284e-01 1.0464
1  2.51e-03  0.5379246112  5.807284e-01 1.0464
1  2.75e-03  0.5379186669  5.807284e-01 1.0464
1  3.02e-03  0.5379120934  5.807284e-01 1.0464
1  3.31e-03  0.5379048695  5.807284e-01 1.0464
1  3.63e-03  0.53789699  5.807284e-01 1.0464
1  3.98e-03  0.5378883629  5.807284e-01 1.0464
1  4.37e-03  0.5378788858  5.807284e-01 1.0464
1  4.79e-03  0.5378684424  5.807284e-01 1.0464
1  5.25e-03  0.5378570496  5.807284e-01 1.0464
1  5.75e-03  0.5378445209  5.807284e-01 1.0464
1  6.31e-03  0.5378308014  5.807284e-01 1.0464
1  6.92e-03  0.537815752  5.807284e-01 1.0464
1  7.59e-03  0.5377992664  5.807284e-01 1.0464
1  8.32e-03  0.5377811695  5.807284e-01 1.0464
1  9.12e-03  0.5377613254  5.807284e-01 1.0464
1  1.00e-02  0.5377395344  5.807284e-01 1.0464
1  1.10e-02  0.5377156938  5.807284e-01 1.0464
1  1.20e-02  0.5376894945  5.807284e-01 1.0464
1  1.32e-02  0.5376608094  5.807284e-01 1.0464
1  1.45e-02  0.5376293274  5.807284e-01 1.0464
1  1.58e-02  0.5375947979  5.807284e-01 1.0464
1  1.74e-02  0.537556878  5.807284e-01 1.0464
1  1.91e-02  0.5375153301  5.807284e-01 1.0464
1  2.09e-02  0.5374697777  5.807284e-01 1.0464
1  2.29e-02  0.5374198106  5.807284e-01 1.0464
1  2.51e-02  0.5373649815  5.807284e-01 1.0464
1  2.75e-02  0.5373048867  5.807284e-01 1.0464
1  3.02e-02  0.5372389074  5.807284e-01 1.0464
1  3.31e-02  0.5371666202  5.807284e-01 1.0464
1  3.63e-02  0.5370872838  5.807284e-01 1.0464
1  3.98e-02  0.5370002541  5.807284e-01 1.0464
1  4.37e-02  0.5369046749  5.807284e-01 1.0464
1  4.79e-02  0.5367997789  5.807284e-01 1.0464
1  5.25e-02  0.5366848582  5.807284e-01 1.0464
1  5.75e-02  0.5365587824  5.807284e-01 1.0464
1  6.31e-02  0.5364200844  5.807284e-01 1.0464
1  6.92e-02  0.5362680838  5.807284e-01 1.0464
1  7.59e-02  0.5361013164  5.807284e-01 1.0464
1  8.32e-02  0.5359182873  5.807284e-01 1.0464
1  9.12e-02  0.5357172732  5.807284e-01 1.0464
1  1.00e-01  0.5354966839  5.807284e-01 1.0464
1  1.10e-01  0.5352540538  5.807284e-01 1.0464
1  1.20e-01  0.5349880587  5.807284e-01 1.0464
1  1.32e-01  0.5346959723  5.807284e-01 1.0464
1  1.45e-01  0.5343746145  5.807284e-01 1.0464
1  1.58e-01  0.5340219826  5.807284e-01 1.0464
1  1.74e-01  0.5336341586  5.807284e-01 1.0464
1  1.91e-01  0.5332076422  5.807284e-01 1.0464
1  2.09e-01  0.5327392199  5.807284e-01 1.0464
1  2.29e-01  0.5322239002  5.807284e-01 1.0464
1  2.51e-01  0.5316569222  5.807284e-01 1.0464
1  2.75e-01  0.5310344154  5.807284e-01 1.0464
1  3.02e-01  0.5303472393  5.807284e-01 1.0464
1  3.31e-01  0.5295918942  5.807284e-01 1.0464
1  3.63e-01  0.5287611722  5.807284e-01 1.0464
1  3.98e-01  0.5278439103  5.807284e-01 1.0464
1  4.37e-01  0.5268345096  5.807284e-01 1.0464
1  4.79e-01  0.5257221012  5.807284e-01 1.0464
1  5.25e-01  0.5244960142  5.807284e-01 1.0464
1  5.75e-01  0.5231416965  5.807284e-01 1.0464
1  6.31e-01  0.5216468402  5.807284e-01 1.0464
1  6.92e-01  0.5199980932  5.807284e-01 1.0464
1  7.59e-01  0.5181783455  5.807284e-01 1.0464
1  8.32e-01  0.5161646015  5.807284e-01 1.0464
1  9.12e-01  0.5139439918  5.807284e-01 1.0464
1  1.00e+00  0.5114857188  5.807284e-01 1.0464
1  1.10e+00  0.5087744516  5.807284e-01 1.0464
1  1.20e+00  0.5057756643  5.807284e-01 1.0464
1  1.32e+00  0.5024583479  5.807284e-01 1.0464
1  1.45e+00  0.4988059377  5.807284e-01 1.0464
1  1.58e+00  0.4947656542  5.807284e-01 1.0464
1  1.74e+00  0.4903238114  5.807284e-01 1.0464
1  1.91e+00  0.485437561  5.807284e-01 1.0464
1  2.09e+00  0.4800768221  5.807284e-01 1.0464
1  2.29e+00  0.4742259326  5.807284e-01 1.0464
1  2.51e+00  0.4678511314  5.807284e-01 1.0464
1  2.75e+00  0.4609556576  5.807284e-01 1.0464
1  3.02e+00  0.4535311411  5.807284e-01 1.0464
1  3.31e+00  0.4456356989  5.807284e-01 1.0464
1  3.63e+00  0.437286727  5.807284e-01 1.0464
1  3.98e+00  0.4285970152  5.807284e-01 1.0464
1  4.37e+00  0.4196307292  5.807284e-01 1.0464
1  4.79e+00  0.410559941  5.807284e-01 1.0464
1  5.25e+00  0.4015302415  5.807284e-01 1.0464
1  5.75e+00  0.3926692238  5.807284e-01 1.0464
1  6.31e+00  0.3841586692  5.807284e-01 1.0464
1  6.92e+00  0.376112227  5.807284e-01 1.0464
1  7.59e+00  0.3686829545  5.807284e-01 1.0464
1  8.32e+00  0.3618973541  5.807284e-01 1.0464
1  9.12e+00  0.3558136167  5.807284e-01 1.0464
1  1.00e+01  0.3504294053  5.807284e-01 1.0464
1  1.10e+01  0.3457112078  5.807284e-01 1.0464
1  1.20e+01  0.341660282  5.807284e-01 1.0464
1  1.32e+01  0.3381390711  5.807284e-01 1.0464
1  1.45e+01  0.3351727319  5.807284e-01 1.0464
1  1.58e+01  0.3326239444  5.807284e-01 1.0464
1  1.74e+01  0.3304599413  5.807284e-01 1.0464
1  1.91e+01  0.3285965002  5.807284e-01 1.0464
1  2.09e+01  0.3270247676  5.807284e-01 1.0464
1  2.29e+01  0.3256331613  5.807284e-01 1.0464
1  2.51e+01  0.3244297511  5.807284e-01 1.0464
1  2.75e+01  0.32338132  5.807284e-01 1.0464
1  3.02e+01  0.3224076267  5.807284e-01 1.0464
1  3.31e+01  0.321492654  5.807284e-01 1.0464
1  3.63e+01  0.3206329172  5.807284e-01 1.0464
1  3.98e+01  0.3197647438  5.807284e-01 1.0464
1  4.37e+01  0.3188655141  5.807284e-01 1.0464
1  4.79e+01  0.3179300883  5.807284e-01 1.0464
1  5.25e+01  0.3169040169  5.807284e-01 1.0464
1  5.75e+01  0.3157606997  5.807284e-01 1.0464
1  6.31e+01  0.3144018893  5.807284e-01 1.0464
1  6.92e+01  0.3127725678  5.807284e-01 1.0464
1  7.59e+01  0.310807024  5.807284e-01 1.0464
1  8.32e+01  0.3083075664  5.807284e-01 1.0464
1  9.12e+01  0.3050466354  5.807284e-01 1.0464
1  1.00e+02  0.3007221576  5.807284e-01 1.0464
1  1.10e+02  0.2947830689  5.807284e-01 1.0464
1  1.20e+02  0.2863223802  5.807284e-01 1.0464
1  1.32e+02  0.2738889894  5.807284e-01 1.0464
1  1.45e+02  0.2552695248  5.807284e-01 1.0464
1  1.58e+02  0.2275692931  5.807284e-01 1.0464
1  1.74e+02  0.1893384335  5.807284e-01 1.0464
1  1.91e+02  0.1447802814  5.807284e-01 1.0464
1  2.09e+02  0.1041618789  5.807284e-01 1.0464
1  2.29e+02  0.07461315194  5.807284e-01 1.0464
1  2.51e+02  0.05581593836  5.807284e-01 1.0464
1  2.75e+02  0.04437995909  5.807284e-01 1.0464
1  3.02e+02  0.03738982978  5.807284e-01 1.0464
1  3.31e+02  0.03300649826  5.807284e-01 1.0464
1  3.63e+02  0.03017027637  5.807284e-01 1.0464
1  3.98e+02  0.02827859546  5.807284e-01 1.0464
1  4.37e+02  0.02698479723  5.807284e-01 1.0464
1  4.79e+02  0.02607440909  5.807284e-01 1.0464
1  5.25e+02  0.02542423601  5.807284e-01 1.0464
1  5.75e+02  0.02494863486  5.807284e-01 1.0464
1  6.31e+02  0.02459628164  5.807284e-01 1.0464
1  6.92e+02  0.02433216633  5.807284e-01 1.0464
1  7.59e+02  0.02413159832  5.807284e-01 1.0464
1  8.32e+02  0.02397883279  5.807284e-01 1.0464
1  9.12e+02  0.02386057072  5.807284e-01 1.0464
1  1.00e+03  0.02376764235  5.807284e-01 1.0464
1  1.10e+03  0.02369384218  5.807284e-01 1.0464
1  1.20e+03  0.02363697728  5.807284e-01 1.0464
1  1.32e+03  0.02359064331  5.807284e-01 1.0464
1  1.45e+03  0.02355590795  5.807284e-01 1.0464
1  1.58e+03  0.0235262955  5.807284e-01 1.0464
1  1.74e+03  0.02350287892  5.807284e-01 1.0464
1  1.91e+03  0.02348404234  5.807284e-01 1.0464
1  2.09e+03  0.02346795847  5.807284e-01 1.0464
1  2.29e+03  0.02345586223  5.807284e-01 1.0464
1  2.51e+03  0.02344606853  5.807284e-01 1.0464
1  2.75e+03  0.02343727864  5.807284e-01 1.0464
1  3.02e+03  0.02343229692  5.807284e-01 1.0464
1  3.31e+03  0.02342684022  5.807284e-01 1.0464
1  3.63e+03  0.02342104574  5.807284e-01 1.0464
1  3.98e+03  0.02341813121  5.807284e-01 1.0464
1  4.37e+03  0.02341836285  5.807284e-01 1.0464
1  4.79e+03  0.02342161488  5.807284e-01 1.0464
1  5.25e+03  0.02340989707  5.807284e-01 1.0464
1  5.75e+03  0.02342811279  5.807284e-01 1.0464
1  6.31e+03  0.0234086288  5.807284e-01 1.0464
1  6.92e+03  0.02342420939  5.807284e-01 1.0464
1  7.59e+03  0.02351602929  5.807284e-01 1.0464
1  8.32e+03  0.0236804997  5.807284e-01 1.0464
1  9.12e+03  0.02378631904  5.807284e-01 1.0464
1  1.00e+04  0.02418749585  5.807284e-01 1.0464
1  1.10e+04  0.02487552845  5.807284e-01 1.0464
1  1.20e+04  0.02587392066  5.807284e-01 1.0464
1  1.32e+04  0.02714814927  5.807284e-01 1.0464
1  1.45e+04  0.02903544919  5.807284e-01 1.0464
1  1.58e+04  0.03222791948  5.807284e-01 1.0464
1  1.74e+04  0.03566896656  5.807284e-01 1.0464
1  1.91e+04  0.04066093708  5.807284e-01 1.0464
1  2.09e+04  0.04660971886  5.807284e-01 1.0464
1  2.29e+04  0.05399089882  5.807284e-01 1.0464
1  2.51e+04  0.06262717585  5.807284e-01 1.0464
1  2.75e+04  0.07275309049  5.807284e-01 1.0464
1  3.02e+04  0.08432361213  5.807284e-01 1.0464
1  3.31e+04  0.09763334448  5.807284e-01 1.0464
1  3.63e+04  0.1121891907  5.807284e-01 1.0464
1  3.98e+04  0.1258833936  5.807284e-01 1.0464
1  4.37e+04  0.1429507276  5.807284e-01 1.0464
1  4.79e+04  0.1598754987  5.807284e-01 1.0464
1  5.25e+04  0.1764784217  5.807284e-01 1.0464
1  5.75e+04  0.1941217191  5.807284e-01 1.0464
1  6.31e+04  0.2139231363  5.807284e-01 1.0464
1  6.92e+04  0.2288000721  5.807284e-01 1.0464
1  7.59e+04  0.2473201369  5.807284e-01 1.0464
1  8.32e+04  0.2684671201  5.807284e-01 1.0464
1  9.12e+04  0.2835021677  5.807284e-01 1.0464
1  1.00e+05  0.2968560928  5.807284e-01 1.0464
1  1.10e+05  0.3134477831  5.807284e-01 1.0464
1  1.20e+05  0.3321499672  5.807284e-01 1.0464
1  1.32e+05  0.3499620136  5.807284e-01 1.0464
1  1.45e+05  0.3645885696  5.807284e-01 1.0464
1  1.58e+05  0.3759741236  5.807284e-01 1.0464
1  1.74e+05  0.3856797802  5.807284e-01 1.0464
1  1.91e+05  0.3952014277  5.807284e-01 1.0464
1  2.09e+05  0.4052132357  5.807284e-01 1.0464
1  2.29e+05  0.4157641878  5.807284e-01 1.0464
1  2.51e+05  0.4266318409  5.807284e-01 1.0464
1  2.75e+05  0.4375027298  5.807284e-01 1.0464
1  3.02e+05  0.4480524812  5.807284e-01 1.0464
1  3.31e+05  0.4580057738  5.807284e-01 1.0464
1  3.63e+05  0.467175794  5.807284e-01 1.0464
1  3.98e+05  0.4754709929  5.807284e-01 1.0464
1  4.37e+05  0.4828770648  5.807284e-01 1.0464
1  4.79e+05  0.4894306608  5.807284e-01 1.0464
1  5.25e+05  0.4951963075  5.807284e-01 1.0464
1  5.75e+05  0.5002503689  5.807284e-01 1.0464
1  6.31e+05  0.5046713899  5.807284e-01 1.0464
1  6.92e+05  0.5085348422  5.807284e-01 1.0464
1  7.59e+05  0.5119105243  5.807284e-01 1.0464
1  8.32e+05  0.5148614653  5.807284e-01 1.0464
1  9.12e+05  0.5174436664  5.807284e-01 1.0464
1  1.00e+06  0.5197063109  5.807284e-01 1.0464
1  1.10e+06  0.5216922291  5.807284e-01 1.0464
1  1.20e+06  0.5234384909  5.807284e-01 1.0464
1  1.32e+06  0.5249770445  5.807284e-01 1.0464
1  1.45e+06  0.5263353499  5.807284e-01 1.0464
1  1.58e+06  0.5275369751  5.807284e-01 1.0464
1  1.74e+06  0.5286021403  5.807284e-01 1.0464
1  1.91e+06  0.5295482032  5.807284e-01 1.0464
1  2.09e+06  0.5303900726  5.807284e-01 1.0464
1  2.29e+06  0.531140579  5.807284e-01 1.0464
1  2.51e+06  0.5318107864  5.807284e-01 1.0464
1  2.75e+06  0.532410256  5.807284e-01 1.0464
1  3.02e+06  0.5329472689  5.807284e-01 1.0464
1  3.31e+06  0.5334290162  5.807284e-01 1.0464
1  3.63e+06  0.5338617582  5.807284e-01 1.0464
1  3.98e+06  0.5342509582  5.807284e-01 1.0464
1  4.37e+06  0.534601397  5.807284e-01 1.0464
1  4.79e+06  0.5349172682  5.807284e-01 1.0464
1  5.25e+06  0.5352022595  5.807284e-01 1.0464
1  5.75e+06  0.5354596212  5.807284e-01 1.0464
1  6.31e+06  0.5356922248  5.807284e-01 1.0464
1  6.92e+06  0.5359026124  5.807284e-01 1.0464
1  7.59e+06  0.5360930395  5.807284e-01 1.0464
1  8.32e+06  0.5362655109  5.807284e-01 1.0464
1  9.12e+06  0.5364218122  5.807284e-01 1.0464
1  1.00e+07  0.5365635364  5.807284e-01 1.0464
