1  1.00e-03  0.5710166065  5.407701e-01 0.9744
1  1.10e-03  0.5710138338  5.407701e-01 0.9744
1  1.20e-03  0.5710108232  5.407701e-01 0.9744
1  1.32e-03  0.5710074017  5.407701e-01 0.9744
1  1.45e-03  0.5710036923  5.407701e-01 0.9744
1  1.58e-03  0.570999678  5.407701e-01 0.9744
1  1.74e-03  0.5709952958  5.407701e-01 0.9744
1  1.91e-03  0.570990463  5.407701e-01 0.9744
1  2.09e-03  0.5709850592  5.407701e-01 0.9744
1  2.29e-03  0.5709792722  5.407701e-01 0.9744
1  2.51e-03  0.5709728667  5.407701e-01 0.9744
1  2.75e-03  0.5709658579  5.407701e-01 0.9744
1  3.02e-03  0.570958161  5.407701e-01 0.9744
1  3.31e-03  0.570949745  5.407701e-01 0.9744
1  3.63e-03  0.5709405176  5.407701e-01 0.9744
1  3.98e-03  0.5709303569  5.407701e-01 0.9744
1  4.37e-03  0.5709192627  5.407701e-01 0.9744
1  4.79e-03  0.5709070709  5.407701e-01 0.9744
1  5.25e-03  0.5708937032  5.407701e-01 0.9744
1  5.75e-03  0.5708790519  5.407701e-01 0.9744
1  6.31e-03  0.5708629729  5.407701e-01 0.9744
1  6.92e-03  0.5708453527  5.407701e-01 0.9744
1  7.59e-03  0.5708259849  5.407701e-01 0.9744
1  8.32e-03  0.5708047827  5.407701e-01 0.9744
1  9.12e-03  0.5707815355  5.407701e-01 0.9744
1  1.00e-02  0.5707560397  5.407701e-01 0.9744
1  1.10e-02  0.5707280536  5.407701e-01 0.9744
1  1.20e-02  0.5706974161  5.407701e-01 0.9744
1  1.32e-02  0.5706637411  5.407701e-01 0.9744
1  1.45e-02  0.5706268385  5.407701e-01 0.9744
1  1.58e-02  0.5705863615  5.407701e-01 0.9744
1  1.74e-02  0.5705420103  5.407701e-01 0.9744
1  1.91e-02  0.5704933619  5.407701e-01 0.9744
1  2.09e-02  0.5704399234  5.407701e-01 0.9744
1  2.29e-02  0.5703813404  5.407701e-01 0.9744
1  2.51e-02  0.5703171129  5.407701e-01 0.9744
1  2.75e-02  0.5702466385  5.407701e-01 0.9744
1  3.02e-02  0.5701692926  5.407701e-01 0.9744
1  3.31e-02  0.5700843681  5.407701e-01 0.9744
1  3.63e-02  0.5699912562  5.407701e-01 0.9744
1  3.98e-02  0.5698891385  5.407701e-01 0.9744
1  4.37e-02  0.5697770484  5.407701e-01 0.9744
1  4.79e-02  0.5696542037  5.407701e-01 0.9744
1  5.25e-02  0.569519174  5.407701e-01 0.9744
1  5.75e-02  0.5693708325  5.407701e-01 0.9744
1  6.31e-02  0.5692084672  5.407701e-01 0.9744
1  6.92e-02  0.5690299393  5.407701e-01 0.9744
1  7.59e-02  0.5688338395  5.407701e-01 0.9744
1  8.32e-02  0.5686186017  5.407701e-01 0.9744
1  9.12e-02  0.568382142  5.407701e-01 0.9744
1  1.00e-01  0.5681224581  5.407701e-01 0.9744
1  1.10e-01  0.5678375825  5.407701e-01 0.9744
1  1.20e-01  0.5675240456  5.407701e-01 0.9744
1  1.32e-01  0.5671794052  5.407701e-01 0.9744
1  1.45e-01  0.5668011345  5.407701e-01 0.9744
1  1.58e-01  0.566384769  5.407701e-01 0.9744
1  1.74e-01  0.5659272139  5.407701e-01 0.9744
1  1.91e-01  0.5654244588  5.407701e-01 0.9744
1  2.09e-01  0.5648705767  5.407701e-01 0.9744
1  2.29e-01  0.5642611632  5.407701e-01 0.9744
1  2.51e-01  0.5635899286  5.407701e-01 0.9744
1  2.75e-01  0.5628501761  5.407701e-01 0.9744
1  3.02e-01  0.5620363695  5.407701e-01 0.9744
1  3.31e-01  0.5611384926  5.407701e-01 0.9744
1  3.63e-01  0.5601486056  5.407701e-01 0.9744
1  3.98e-01  0.5590557325  5.407701e-01 0.9744
1  4.37e-01  0.5578488687  5.407701e-01 0.9744
1  4.79e-01  0.5565184624  5.407701e-01 0.9744
1  5.25e-01  0.5550466744  5.407701e-01 0.9744
1  5.75e-01  0.5534169728  5.407701e-01 0.9744
1  6.31e-01  0.5516156648  5.407701e-01 0.9744
1  6.92e-01  0.5496210739  5.407701e-01 0.9744
1  7.59e-01  0.5474124409  5.407701e-01 0.9744
1  8.32e-01  0.5449602364  5.407701e-01 0.9744
1  9.12e-01  0.5422427001  5.407701e-01 0.9744
1  1.00e+00  0.5392279336  5.407701e-01 0.9744
1  1.10e+00  0.5358738524  5.407701e-01 0.9744
1  1.20e+00  0.5321504475  5.407701e-01 0.9744
1  1.32e+00  0.5280181995  5.407701e-01 0.9744
1  1.45e+00  0.5234135721  5.407701e-01 0.9744
1  1.58e+00  0.5183106872  5.407701e-01 0.9744
1  1.74e+00  0.5126297758  5.407701e-01 0.9744
1  1.91e+00  0.5063353453  5.407701e-01 0.9744
1  2.09e+00  0.4993673027  5.407701e-01 0.9744
1  2.29e+00  0.491679052  5.407701e-01 0.9744
1  2.51e+00  0.4832153055  5.407701e-01 0.9744
1  2.75e+00  0.4739527428  5.407701e-01 0.9744
1  3.02e+00  0.4638611418  5.407701e-01 0.9744
1  3.31e+00  0.4529934007  5.407701e-01 0.9744
1  3.63e+00  0.4413820755  5.407701e-01 0.9744
1  3.98e+00  0.4291478876  5.407701e-01 0.9744
1  4.37e+00  0.4164092326  5.407701e-01 0.9744
1  4.79e+00  0.4034241024  5.407701e-01 0.9744
1  5.25e+00  0.3903671042  5.407701e-01 0.9744
1  5.75e+00  0.3775568287  5.407701e-01 0.9744
1  6.31e+00  0.3652359429  5.407701e-01 0.9744
1  6.92e+00  0.3536354767  5.407701e-01 0.9744
1  7.59e+00  0.3429444879  5.407701e-01 0.9744
1  8.32e+00  0.3332766684  5.407701e-01 0.9744
1  9.12e+00  0.3246613546  5.407701e-01 0.9744
1  1.00e+01  0.3171467351  5.407701e-01 0.9744
1  1.10e+01  0.3106841942  5.407701e-01 0.9744
1  1.20e+01  0.3050991329  5.407701e-01 0.9744
1  1.32e+01  0.300445376  5.407701e-01 0.9744
1  1.45e+01  0.2965275679  5.407701e-01 0.9744
1  1.58e+01  0.2932121517  5.407701e-01 0.9744
1  1.74e+01  0.2904457194  5.407701e-01 0.9744
1  1.91e+01  0.2881086796  5.407701e-01 0.9744
1  2.09e+01  0.2861661517  5.407701e-01 0.9744
1  2.29e+01  0.2844873452  5.407701e-01 0.9744
1  2.51e+01  0.2830601488  5.407701e-01 0.9744
1  2.75e+01  0.2818541233  5.407701e-01 0.9744
1  3.02e+01  0.2807657996  5.407701e-01 0.9744
1  3.31e+01  0.279784812  5.407701e-01 0.9744
1  3.63e+01  0.2788465715  5.407701e-01 0.9744
1  3.98e+01  0.2779883166  5.407701e-01 0.9744
1  4.37e+01  0.2771091721  5.407701e-01 0.9744
1  4.79e+01  0.2762198661  5.407701e-01 0.9744
1  5.25e+01  0.2752877685  5.407701e-01 0.9744
1  5.75e+01  0.2742099981  5.407701e-01 0.9744
1  6.31e+01  0.2730179203  5.407701e-01 0.9744
1  6.92e+01  0.2716000239  5.407701e-01 0.9744
1  7.59e+01  0.2698794012  5.407701e-01 0.9744
1  8.32e+01  0.2677100306  5.407701e-01 0.9744
1  9.12e+01  0.2649317136  5.407701e-01 0.9744
1  1.00e+02  0.2612003025  5.407701e-01 0.9744
1  1.10e+02  0.2561281129  5.407701e-01 0.9744
1  1.20e+02  0.2489062246  5.407701e-01 0.9744
1  1.32e+02  0.2382906456  5.407701e-01 0.9744
1  1.45e+02  0.2224332087  5.407701e-01 0.9744
1  1.58e+02  0.1988222814  5.407701e-01 0.9744
1  1.74e+02  0.1661719771  5.407701e-01 0.9744
1  1.91e+02  0.1280215485  5.407701e-01 0.9744
1  2.09e+02  0.09308891956  5.407701e-01 0.9744
1  2.29e+02  0.06760564637  5.407701e-01 0.9744
1  2.51e+02  0.05137122629  5.407701e-01 0.9744
1  2.75e+02  0.04150278874  5.407701e-01 0.9744
1  3.02e+02  0.03546931038  5.407701e-01 0.9744
1  3.31e+02  0.03168170267  5.407701e-01 0.9744
1  3.63e+02  0.02923577921  5.407701e-01 0.9744
1  3.98e+02  0.02760749573  5.407701e-01 0.9744
1  4.37e+02  0.02649105691  5.407701e-01 0.9744
1  4.79e+02  0.0257042872  5.407701e-01 0.9744
1  5.25e+02  0.02514308715  5.407701e-01 0.9744
1  5.75e+02  0.02473425922  5.407701e-01 0.9744
1  6.31e+02  0.02443211025  5.407701e-01 0.9744
1  6.92e+02  0.02420450152  5.407701e-01 0.9744
1  7.59e+02  0.02403235083  5.407701e-01 0.9744
1  8.32e+02  0.02389898664  5.407701e-01 0.9744
1  9.12e+02  0.0237968375  5.407701e-01 0.9744
1  1.00e+03  0.02371649793  5.407701e-01 0.9744
1  1.10e+03  0.02365440545  5.407701e-01 0.9744
1  1.20e+03  0.02360372424  5.407701e-01 0.9744
1  1.32e+03  0.02356455966  5.407701e-01 0.9744
1  1.45e+03  0.02353364857  5.407701e-01 0.9744
1  1.58e+03  0.02350793221  5.407701e-01 0.9744
1  1.74e+03  0.02348865045  5.407701e-01 0.9744
1  1.91e+03  0.02347172042  5.407701e-01 0.9744
1  2.09e+03  0.02345829632  5.407701e-01 0.9744
1  2.29e+03  0.02344778414  5.407701e-01 0.9744
1  2.51e+03  0.02344007215  5.407701e-01 0.9744
1  2.75e+03  0.02343300311  5.407701e-01 0.9744
1  3.02e+03  0.02342745066  5.407701e-01 0.9744
1  3.31e+03  0.02342264034  5.407701e-01 0.9744
1  3.63e+03  0.02341826653  5.407701e-01 0.9744
1  3.98e+03  0.02341590649  5.407701e-01 0.9744
1  4.37e+03  0.02341682112  5.407701e-01 0.9744
1  4.79e+03  0.02341934222  5.407701e-01 0.9744
1  5.25e+03  0.02340584432  5.407701e-01 0.9744
1  5.75e+03  0.02342838357  5.407701e-01 0.9744
1  6.31e+03  0.02341134442  5.407701e-01 0.9744
1  6.92e+03  0.02342559045  5.407701e-01 0.9744
1  7.59e+03  0.02351357006  5.407701e-01 0.9744
1  8.32e+03  0.02364248132  5.407701e-01 0.9744
1  9.12e+03  0.0237619029  5.407701e-01 0.9744
1  1.00e+04  0.02410425984  5.407701e-01 0.9744
1  1.10e+04  0.02476731308  5.407701e-01 0.9744
1  1.20e+04  0.02573189393  5.407701e-01 0.9744
1  1.32e+04  0.02696761031  5.407701e-01 0.9744
1  1.45e+04  0.02887975067  5.407701e-01 0.9744
1  1.58e+04  0.03211628932  5.407701e-01 0.9744
1  1.74e+04  0.03557102597  5.407701e-01 0.9744
1  1.91e+04  0.04079511176  5.407701e-01 0.9744
1  2.09e+04  0.04691019233  5.407701e-01 0.9744
1  2.29e+04  0.05463027942  5.407701e-01 0.9744
1  2.51e+04  0.06363747958  5.407701e-01 0.9744
1  2.75e+04  0.07425400617  5.407701e-01 0.9744
1  3.02e+04  0.0864603593  5.407701e-01 0.9744
1  3.31e+04  0.1005346054  5.407701e-01 0.9744
1  3.63e+04  0.1158600548  5.407701e-01 0.9744
1  3.98e+04  0.1303535704  5.407701e-01 0.9744
1  4.37e+04  0.1486078301  5.407701e-01 0.9744
1  4.79e+04  0.1664034378  5.407701e-01 0.9744
1  5.25e+04  0.1842665251  5.407701e-01 0.9744
1  5.75e+04  0.2028890982  5.407701e-01 0.9744
1  6.31e+04  0.2240940236  5.407701e-01 0.9744
1  6.92e+04  0.2400064796  5.407701e-01 0.9744
1  7.59e+04  0.2596403137  5.407701e-01 0.9744
1  8.32e+04  0.2822618049  5.407701e-01 0.9744
1  9.12e+04  0.2984445822  5.407701e-01 0.9744
1  1.00e+05  0.31269628  5.407701e-01 0.9744
1  1.10e+05  0.3303580395  5.407701e-01 0.9744
1  1.20e+05  0.3503167024  5.407701e-01 0.9744
1  1.32e+05  0.369388578  5.407701e-01 0.9744
1  1.45e+05  0.3850976852  5.407701e-01 0.9744
1  1.58e+05  0.3973400579  5.407701e-01 0.9744
1  1.74e+05  0.4077596768  5.407701e-01 0.9744
1  1.91e+05  0.4179578397  5.407701e-01 0.9744
1  2.09e+05  0.4286666692  5.407701e-01 0.9744
1  2.29e+05  0.4399471827  5.407701e-01 0.9744
1  2.51e+05  0.4515664565  5.407701e-01 0.9744
1  2.75e+05  0.4631922552  5.407701e-01 0.9744
1  3.02e+05  0.4744792647  5.407701e-01 0.9744
1  3.31e+05  0.4851332819  5.407701e-01 0.9744
1  3.63e+05  0.49495379  5.407701e-01 0.9744
1  3.98e+05  0.503841746  5.407701e-01 0.9744
1  4.37e+05  0.5117807284  5.407701e-01 0.9744
1  4.79e+05  0.518809016  5.407701e-01 0.9744
1  5.25e+05  0.5249949345  5.407701e-01 0.9744
1  5.75e+05  0.5304196682  5.407701e-01 0.9744
1  6.31e+05  0.535166884  5.407701e-01 0.9744
1  6.92e+05  0.5393170724  5.407701e-01 0.9744
1  7.59e+05  0.5429447362  5.407701e-01 0.9744
1  8.32e+05  0.5461171979  5.407701e-01 0.9744
1  9.12e+05  0.5488943071  5.407701e-01 0.9744
1  1.00e+06  0.5513286536  5.407701e-01 0.9744
1  1.10e+06  0.5534660551  5.407701e-01 0.9744
1  1.20e+06  0.5553461852  5.407701e-01 0.9744
1  1.32e+06  0.5570032501  5.407701e-01 0.9744
1  1.45e+06  0.5584666629  5.407701e-01 0.9744
1  1.58e+06  0.5597616783  5.407701e-01 0.9744
1  1.74e+06  0.5609099719  5.407701e-01 0.9744
1  1.91e+06  0.5619301585  5.407701e-01 0.9744
1  2.09e+06  0.5628382331  5.407701e-01 0.9744
1  2.29e+06  0.5636479657  5.407701e-01 0.9744
1  2.51e+06  0.5643712355  5.407701e-01 0.9744
1  2.75e+06  0.5650183126  5.407701e-01 0.9744
1  3.02e+06  0.565598095  5.407701e-01 0.9744
1  3.31e+06  0.5661183127  5.407701e-01 0.9744
1  3.63e+06  0.5665856972  5.407701e-01 0.9744
1  3.98e+06  0.5670061261  5.407701e-01 0.9744
1  4.37e+06  0.5673847435  5.407701e-01 0.9744
1  4.79e+06  0.5677260642  5.407701e-01 0.9744
1  5.25e+06  0.5680340588  5.407701e-01 0.9744
1  5.75e+06  0.5683122289  5.407701e-01 0.9744
1  6.31e+06  0.5685636684  5.407701e-01 0.9744
1  6.92e+06  0.5687911173  5.407701e-01 0.9744
1  7.59e+06  0.5689970075  5.407701e-01 0.9744
1  8.32e+06  0.569183501  5.407701e-01 0.9744
1  9.12e+06  0.5693525239  5.407701e-01 0.9744
1  1.00e+07  0.5695057951  5.407701e-01 0.9744
