1  1.00e-03  0.6060404766  5.034756e-01 0.9072
1  1.10e-03  0.6060374769  5.034756e-01 0.9072
1  1.20e-03  0.6060342005  5.034756e-01 0.9072
1  1.32e-03  0.6060304515  5.034756e-01 0.9072
1  1.45e-03  0.6060264816  5.034756e-01 0.9072
1  1.58e-03  0.6060221625  5.034756e-01 0.9072
1  1.74e-03  0.6060173375  5.034756e-01 0.9072
1  1.91e-03  0.606012147  5.034756e-01 0.9072
1  2.09e-03  0.6060063394  5.034756e-01 0.9072
1  2.29e-03  0.6060000434  5.034756e-01 0.9072
1  2.51e-03  0.6059931339  5.034756e-01 0.9072
1  2.75e-03  0.6059855512  5.034756e-01 0.9072
1  3.02e-03  0.6059772382  5.034756e-01 0.9072
1  3.31e-03  0.6059681233  5.034756e-01 0.9072
1  3.63e-03  0.6059581581  5.034756e-01 0.9072
1  3.98e-03  0.6059471718  5.034756e-01 0.9072
1  4.37e-03  0.6059351526  5.034756e-01 0.9072
1  4.79e-03  0.6059219702  5.034756e-01 0.9072
1  5.25e-03  0.6059075184  5.034756e-01 0.9072
1  5.75e-03  0.6058916487  5.034756e-01 0.9072
1  6.31e-03  0.6058742748  5.034756e-01 0.9072
1  6.92e-03  0.6058551981  5.034756e-01 0.9072
1  7.59e-03  0.6058343085  5.034756e-01 0.9072
1  8.32e-03  0.6058113692  5.034756e-01 0.9072
1  9.12e-03  0.6057862155  5.034756e-01 0.9072
1  1.00e-02  0.6057586435  5.034756e-01 0.9072
1  1.10e-02  0.6057283888  5.034756e-01 0.9072
1  1.20e-02  0.6056951646  5.034756e-01 0.9072
1  1.32e-02  0.6056588019  5.034756e-01 0.9072
1  1.45e-02  0.6056188931  5.034756e-01 0.9072
1  1.58e-02  0.6055751182  5.034756e-01 0.9072
1  1.74e-02  0.6055270907  5.034756e-01 0.9072
1  1.91e-02  0.605474352  5.034756e-01 0.9072
1  2.09e-02  0.6054166172  5.034756e-01 0.9072
1  2.29e-02  0.6053532328  5.034756e-01 0.9072
1  2.51e-02  0.6052836469  5.034756e-01 0.9072
1  2.75e-02  0.6052072937  5.034756e-01 0.9072
1  3.02e-02  0.6051236269  5.034756e-01 0.9072
1  3.31e-02  0.6050318513  5.034756e-01 0.9072
1  3.63e-02  0.6049310751  5.034756e-01 0.9072
1  3.98e-02  0.6048203953  5.034756e-01 0.9072
1  4.37e-02  0.6046991442  5.034756e-01 0.9072
1  4.79e-02  0.6045656569  5.034756e-01 0.9072
1  5.25e-02  0.6044194179  5.034756e-01 0.9072
1  5.75e-02  0.6042590879  5.034756e-01 0.9072
1  6.31e-02  0.6040825492  5.034756e-01 0.9072
1  6.92e-02  0.6038890042  5.034756e-01 0.9072
1  7.59e-02  0.603676555  5.034756e-01 0.9072
1  8.32e-02  0.603443064  5.034756e-01 0.9072
1  9.12e-02  0.603186726  5.034756e-01 0.9072
1  1.00e-01  0.6029050169  5.034756e-01 0.9072
1  1.10e-01  0.6025950169  5.034756e-01 0.9072
1  1.20e-01  0.6022548739  5.034756e-01 0.9072
1  1.32e-01  0.6018809068  5.034756e-01 0.9072
1  1.45e-01  0.6014692497  5.034756e-01 0.9072
1  1.58e-01  0.6010167693  5.034756e-01 0.9072
1  1.74e-01  0.6005186702  5.034756e-01 0.9072
1  1.91e-01  0.599969547  5.034756e-01 0.9072
1  2.09e-01  0.5993658119  5.034756e-01 0.9072
1  2.29e-01  0.5987007699  5.034756e-01 0.9072
1  2.51e-01  0.5979687  5.034756e-01 0.9072
1  2.75e-01  0.5971601423  5.034756e-01 0.9072
1  3.02e-01  0.596269816  5.034756e-01 0.9072
1  3.31e-01  0.5952865493  5.034756e-01 0.9072
1  3.63e-01  0.5941992718  5.034756e-01 0.9072
1  3.98e-01  0.5930007404  5.034756e-01 0.9072
1  4.37e-01  0.5916730494  5.034756e-01 0.9072
1  4.79e-01  0.590205812  5.034756e-01 0.9072
1  5.25e-01  0.5885797137  5.034756e-01 0.9072
1  5.75e-01  0.5867759674  5.034756e-01 0.9072
1  6.31e-01  0.5847773818  5.034756e-01 0.9072
1  6.92e-01  0.5825591558  5.034756e-01 0.9072
1  7.59e-01  0.5800921518  5.034756e-01 0.9072
1  8.32e-01  0.5773499643  5.034756e-01 0.9072
1  9.12e-01  0.5742941246  5.034756e-01 0.9072
1  1.00e+00  0.5708921989  5.034756e-01 0.9072
1  1.10e+00  0.5670940728  5.034756e-01 0.9072
1  1.20e+00  0.5628526354  5.034756e-01 0.9072
1  1.32e+00  0.5581042892  5.034756e-01 0.9072
1  1.45e+00  0.552804592  5.034756e-01 0.9072
1  1.58e+00  0.5468724026  5.034756e-01 0.9072
1  1.74e+00  0.5402251141  5.034756e-01 0.9072
1  1.91e+00  0.5327926373  5.034756e-01 0.9072
1  2.09e+00  0.5244896619  5.034756e-01 0.9072
1  2.29e+00  0.5152352756  5.034756e-01 0.9072
1  2.51e+00  0.5049182137  5.034756e-01 0.9072
1  2.75e+00  0.4935006118  5.034756e-01 0.9072
1  3.02e+00  0.4809387489  5.034756e-01 0.9072
1  3.31e+00  0.4672073792  5.034756e-01 0.9072
1  3.63e+00  0.452335098  5.034756e-01 0.9072
1  3.98e+00  0.4364941121  5.034756e-01 0.9072
1  4.37e+00  0.4198303313  5.034756e-01 0.9072
1  4.79e+00  0.4026365773  5.034756e-01 0.9072
1  5.25e+00  0.385290716  5.034756e-01 0.9072
1  5.75e+00  0.3681488947  5.034756e-01 0.9072
1  6.31e+00  0.351656181  5.034756e-01 0.9072
1  6.92e+00  0.3361620855  5.034756e-01 0.9072
1  7.59e+00  0.321984366  5.034756e-01 0.9072
1  8.32e+00  0.3092323491  5.034756e-01 0.9072
1  9.12e+00  0.2980287529  5.034756e-01 0.9072
1  1.00e+01  0.2883875093  5.034756e-01 0.9072
1  1.10e+01  0.2801415286  5.034756e-01 0.9072
1  1.20e+01  0.273236087  5.034756e-01 0.9072
1  1.32e+01  0.2674092418  5.034756e-01 0.9072
1  1.45e+01  0.2626392333  5.034756e-01 0.9072
1  1.58e+01  0.2586517666  5.034756e-01 0.9072
1  1.74e+01  0.2553703546  5.034756e-01 0.9072
1  1.91e+01  0.2526688439  5.034756e-01 0.9072
1  2.09e+01  0.2503985854  5.034756e-01 0.9072
1  2.29e+01  0.2485377593  5.034756e-01 0.9072
1  2.51e+01  0.2469556202  5.034756e-01 0.9072
1  2.75e+01  0.2455873343  5.034756e-01 0.9072
1  3.02e+01  0.2444362306  5.034756e-01 0.9072
1  3.31e+01  0.2434147647  5.034756e-01 0.9072
1  3.63e+01  0.2424550419  5.034756e-01 0.9072
1  3.98e+01  0.2416108535  5.034756e-01 0.9072
1  4.37e+01  0.2407741585  5.034756e-01 0.9072
1  4.79e+01  0.2399039022  5.034756e-01 0.9072
1  5.25e+01  0.2390469615  5.034756e-01 0.9072
1  5.75e+01  0.2380988714  5.034756e-01 0.9072
1  6.31e+01  0.2370163924  5.034756e-01 0.9072
1  6.92e+01  0.2357795249  5.034756e-01 0.9072
1  7.59e+01  0.2342687868  5.034756e-01 0.9072
1  8.32e+01  0.2323926375  5.034756e-01 0.9072
1  9.12e+01  0.2300232652  5.034756e-01 0.9072
1  1.00e+02  0.2268503244  5.034756e-01 0.9072
1  1.10e+02  0.2224960891  5.034756e-01 0.9072
1  1.20e+02  0.2163261594  5.034756e-01 0.9072
1  1.32e+02  0.2073095776  5.034756e-01 0.9072
1  1.45e+02  0.1938224429  5.034756e-01 0.9072
1  1.58e+02  0.1737432358  5.034756e-01 0.9072
1  1.74e+02  0.1459039046  5.034756e-01 0.9072
1  1.91e+02  0.1132877012  5.034756e-01 0.9072
1  2.09e+02  0.08334796474  5.034756e-01 0.9072
1  2.29e+02  0.06144159384  5.034756e-01 0.9072
1  2.51e+02  0.04746495291  5.034756e-01 0.9072
1  2.75e+02  0.03896922827  5.034756e-01 0.9072
1  3.02e+02  0.03377425604  5.034756e-01 0.9072
1  3.31e+02  0.0305216891  5.034756e-01 0.9072
1  3.63e+02  0.02841754118  5.034756e-01 0.9072
1  3.98e+02  0.02701648171  5.034756e-01 0.9072
1  4.37e+02  0.02605661861  5.034756e-01 0.9072
1  4.79e+02  0.02538283388  5.034756e-01 0.9072
1  5.25e+02  0.02489912284  5.034756e-01 0.9072
1  5.75e+02  0.02454685339  5.034756e-01 0.9072
1  6.31e+02  0.02428506759  5.034756e-01 0.9072
1  6.92e+02  0.02409142684  5.034756e-01 0.9072
1  7.59e+02  0.02394321955  5.034756e-01 0.9072
1  8.32e+02  0.02382816234  5.034756e-01 0.9072
1  9.12e+02  0.02374016381  5.034756e-01 0.9072
1  1.00e+03  0.02367147213  5.034756e-01 0.9072
1  1.10e+03  0.02361861663  5.034756e-01 0.9072
1  1.20e+03  0.02357536272  5.034756e-01 0.9072
1  1.32e+03  0.02354217724  5.034756e-01 0.9072
1  1.45e+03  0.02351515496  5.034756e-01 0.9072
1  1.58e+03  0.02349269303  5.034756e-01 0.9072
1  1.74e+03  0.02347554505  5.034756e-01 0.9072
1  1.91e+03  0.02346144614  5.034756e-01 0.9072
1  2.09e+03  0.02345032185  5.034756e-01 0.9072
1  2.29e+03  0.02344124565  5.034756e-01 0.9072
1  2.51e+03  0.02343413387  5.034756e-01 0.9072
1  2.75e+03  0.02342817534  5.034756e-01 0.9072
1  3.02e+03  0.02342305435  5.034756e-01 0.9072
1  3.31e+03  0.02341872663  5.034756e-01 0.9072
1  3.63e+03  0.0234164803  5.034756e-01 0.9072
1  3.98e+03  0.02341309562  5.034756e-01 0.9072
1  4.37e+03  0.02341478185  5.034756e-01 0.9072
1  4.79e+03  0.02341600403  5.034756e-01 0.9072
1  5.25e+03  0.02340336393  5.034756e-01 0.9072
1  5.75e+03  0.02342670744  5.034756e-01 0.9072
1  6.31e+03  0.02341351018  5.034756e-01 0.9072
1  6.92e+03  0.02342692209  5.034756e-01 0.9072
1  7.59e+03  0.02351032665  5.034756e-01 0.9072
1  8.32e+03  0.02361601785  5.034756e-01 0.9072
1  9.12e+03  0.02375202635  5.034756e-01 0.9072
1  1.00e+04  0.02405543323  5.034756e-01 0.9072
1  1.10e+04  0.02471586511  5.034756e-01 0.9072
1  1.20e+04  0.02567907649  5.034756e-01 0.9072
1  1.32e+04  0.02692889353  5.034756e-01 0.9072
1  1.45e+04  0.02891458098  5.034756e-01 0.9072
1  1.58e+04  0.03227155728  5.034756e-01 0.9072
1  1.74e+04  0.03583392109  5.034756e-01 0.9072
1  1.91e+04  0.04138939785  5.034756e-01 0.9072
1  2.09e+04  0.04777928834  5.034756e-01 0.9072
1  2.29e+04  0.0559575527  5.034756e-01 0.9072
1  2.51e+04  0.06546650858  5.034756e-01 0.9072
1  2.75e+04  0.0767036813  5.034756e-01 0.9072
1  3.02e+04  0.08967181725  5.034756e-01 0.9072
1  3.31e+04  0.1046346274  5.034756e-01 0.9072
1  3.63e+04  0.1208574485  5.034756e-01 0.9072
1  3.98e+04  0.1362602359  5.034756e-01 0.9072
1  4.37e+04  0.1558010914  5.034756e-01 0.9072
1  4.79e+04  0.1745781454  5.034756e-01 0.9072
1  5.25e+04  0.1937674839  5.034756e-01 0.9072
1  5.75e+04  0.2134606286  5.034756e-01 0.9072
1  6.31e+04  0.2361356431  5.034756e-01 0.9072
1  6.92e+04  0.253122392  5.034756e-01 0.9072
1  7.59e+04  0.2739341865  5.034756e-01 0.9072
1  8.32e+04  0.2980854852  5.034756e-01 0.9072
1  9.12e+04  0.315427561  5.034756e-01 0.9072
1  1.00e+05  0.3305894354  5.034756e-01 0.9072
1  1.10e+05  0.3493537018  5.034756e-01 0.9072
1  1.20e+05  0.3706043924  5.034756e-01 0.9072
1  1.32e+05  0.3909589267  5.034756e-01 0.9072
1  1.45e+05  0.4077545699  5.034756e-01 0.9072
1  1.58e+05  0.4208440387  5.034756e-01 0.9072
1  1.74e+05  0.4319644735  5.034756e-01 0.9072
1  1.91e+05  0.4428297037  5.034756e-01 0.9072
1  2.09e+05  0.4542316972  5.034756e-01 0.9072
1  2.29e+05  0.4662425099  5.034756e-01 0.9072
1  2.51e+05  0.4786170108  5.034756e-01 0.9072
1  2.75e+05  0.491002526  5.034756e-01 0.9072
1  3.02e+05  0.5030313906  5.034756e-01 0.9072
1  3.31e+05  0.5143894932  5.034756e-01 0.9072
1  3.63e+05  0.5248620374  5.034756e-01 0.9072
1  3.98e+05  0.5343423139  5.034756e-01 0.9072
1  4.37e+05  0.5428118977  5.034756e-01 0.9072
1  4.79e+05  0.5503109614  5.034756e-01 0.9072
1  5.25e+05  0.556911953  5.034756e-01 0.9072
1  5.75e+05  0.5627011977  5.034756e-01 0.9072
1  6.31e+05  0.5677677741  5.034756e-01 0.9072
1  6.92e+05  0.5721974384  5.034756e-01 0.9072
1  7.59e+05  0.5760696024  5.034756e-01 0.9072
1  8.32e+05  0.5794560455  5.034756e-01 0.9072
1  9.12e+05  0.5824205939  5.034756e-01 0.9072
1  1.00e+06  0.5850193414  5.034756e-01 0.9072
1  1.10e+06  0.5873011655  5.034756e-01 0.9072
1  1.20e+06  0.5893083942  5.034756e-01 0.9072
1  1.32e+06  0.591077526  5.034756e-01 0.9072
1  1.45e+06  0.5926399474  5.034756e-01 0.9072
1  1.58e+06  0.5940226095  5.034756e-01 0.9072
1  1.74e+06  0.5952486452  5.034756e-01 0.9072
1  1.91e+06  0.5963379219  5.034756e-01 0.9072
1  2.09e+06  0.5973075116  5.034756e-01 0.9072
1  2.29e+06  0.5981721113  5.034756e-01 0.9072
1  2.51e+06  0.5989444022  5.034756e-01 0.9072
1  2.75e+06  0.5996353457  5.034756e-01 0.9072
1  3.02e+06  0.6002544412  5.034756e-01 0.9072
1  3.31e+06  0.6008099399  5.034756e-01 0.9072
1  3.63e+06  0.6013090284  5.034756e-01 0.9072
1  3.98e+06  0.6017579809  5.034756e-01 0.9072
1  4.37e+06  0.6021622894  5.034756e-01 0.9072
1  4.79e+06  0.6025267738  5.034756e-01 0.9072
1  5.25e+06  0.6028556735  5.034756e-01 0.9072
1  5.75e+06  0.6031527266  5.034756e-01 0.9072
1  6.31e+06  0.6034212365  5.034756e-01 0.9072
1  6.92e+06  0.6036641289  5.034756e-01 0.9072
1  7.59e+06  0.603884  5.034756e-01 0.9072
1  8.32e+06  0.6040831586  5.034756e-01 0.9072
1  9.12e+06  0.6042636611  5.034756e-01 0.9072
1  1.00e+07  0.6044273429  5.034756e-01 0.9072
