1  1.00e-03  0.5566351371  1.633726e-01 1.068
1  1.05e-03  0.5566339294  1.633726e-01 1.068
1  1.10e-03  0.5566324953  1.633726e-01 1.068
1  1.15e-03  0.5566311986  1.633726e-01 1.068
1  1.20e-03  0.5566296255  1.633726e-01 1.068
1  1.26e-03  0.5566281255  1.633726e-01 1.068
1  1.32e-03  0.5566264188  1.633726e-01 1.068
1  1.38e-03  0.5566246523  1.633726e-01 1.068
1  1.45e-03  0.5566228632  1.633726e-01 1.068
1  1.51e-03  0.5566211051  1.633726e-01 1.068
1  1.58e-03  0.5566190339  1.633726e-01 1.068
1  1.66e-03  0.5566170396  1.633726e-01 1.068
1  1.74e-03  0.5566149017  1.633726e-01 1.068
1  1.82e-03  0.5566126216  1.633726e-01 1.068
1  1.91e-03  0.556610263  1.633726e-01 1.068
1  2.00e-03  0.5566077649  1.633726e-01 1.068
1  2.09e-03  0.5566051316  1.633726e-01 1.068
1  2.19e-03  0.5566024498  1.633726e-01 1.068
1  2.29e-03  0.5565996472  1.633726e-01 1.068
1  2.40e-03  0.5565967043  1.633726e-01 1.068
1  2.51e-03  0.5565935341  1.633726e-01 1.068
1  2.63e-03  0.5565902968  1.633726e-01 1.068
1  2.75e-03  0.5565868737  1.633726e-01 1.068
1  2.88e-03  0.5565833122  1.633726e-01 1.068
1  3.02e-03  0.556579547  1.633726e-01 1.068
1  3.16e-03  0.556575664  1.633726e-01 1.068
1  3.31e-03  0.5565715337  1.633726e-01 1.068
1  3.47e-03  0.5565672361  1.633726e-01 1.068
1  3.63e-03  0.5565627488  1.633726e-01 1.068
1  3.80e-03  0.5565580504  1.633726e-01 1.068
1  3.98e-03  0.5565530883  1.633726e-01 1.068
1  4.17e-03  0.5565479391  1.633726e-01 1.068
1  4.37e-03  0.5565425321  1.633726e-01 1.068
1  4.57e-03  0.5565368522  1.633726e-01 1.068
1  4.79e-03  0.5565309265  1.633726e-01 1.068
1  5.01e-03  0.5565247041  1.633726e-01 1.068
1  5.25e-03  0.5565182015  1.633726e-01 1.068
1  5.50e-03  0.5565113997  1.633726e-01 1.068
1  5.75e-03  0.5565042626  1.633726e-01 1.068
1  6.03e-03  0.5564967783  1.633726e-01 1.068
1  6.31e-03  0.5564889641  1.633726e-01 1.068
1  6.61e-03  0.5564807485  1.633726e-01 1.068
1  6.92e-03  0.5564721942  1.633726e-01 1.068
1  7.24e-03  0.556463202  1.633726e-01 1.068
1  7.59e-03  0.5564537644  1.633726e-01 1.068
1  7.94e-03  0.5564439416  1.633726e-01 1.068
1  8.32e-03  0.556433589  1.633726e-01 1.068
1  8.71e-03  0.5564227881  1.633726e-01 1.068
1  9.12e-03  0.5564114672  1.633726e-01 1.068
1  9.55e-03  0.5563996242  1.633726e-01 1.068
1  1.00e-02  0.5563872085  1.633726e-01 1.068
1  1.05e-02  0.5563742213  1.633726e-01 1.068
1  1.10e-02  0.5563605778  1.633726e-01 1.068
1  1.15e-02  0.5563463565  1.633726e-01 1.068
1  1.20e-02  0.5563314251  1.633726e-01 1.068
1  1.26e-02  0.5563157851  1.633726e-01 1.068
1  1.32e-02  0.5562993835  1.633726e-01 1.068
1  1.38e-02  0.5562822557  1.633726e-01 1.068
1  1.45e-02  0.5562642709  1.633726e-01 1.068
1  1.51e-02  0.5562454541  1.633726e-01 1.068
1  1.58e-02  0.5562257595  1.633726e-01 1.068
1  1.66e-02  0.5562051559  1.633726e-01 1.068
1  1.74e-02  0.5561835621  1.633726e-01 1.068
1  1.82e-02  0.5561608995  1.633726e-01 1.068
1  1.91e-02  0.5561372779  1.633726e-01 1.068
1  2.00e-02  0.5561124147  1.633726e-01 1.068
1  2.09e-02  0.5560864371  1.633726e-01 1.068
1  2.19e-02  0.5560591739  1.633726e-01 1.068
1  2.29e-02  0.5560307033  1.633726e-01 1.068
1  2.40e-02  0.5560008067  1.633726e-01 1.068
1  2.51e-02  0.5559696026  1.633726e-01 1.068
1  2.63e-02  0.5559368704  1.633726e-01 1.068
1  2.75e-02  0.555902561  1.633726e-01 1.068
1  2.88e-02  0.5558665392  1.633726e-01 1.068
1  3.02e-02  0.5558289859  1.633726e-01 1.068
1  3.16e-02  0.5557894679  1.633726e-01 1.068
1  3.31e-02  0.5557482056  1.633726e-01 1.068
1  3.47e-02  0.5557049785  1.633726e-01 1.068
1  3.63e-02  0.5556596419  1.633726e-01 1.068
1  3.80e-02  0.5556122697  1.633726e-01 1.068
1  3.98e-02  0.5555625192  1.633726e-01 1.068
1  4.17e-02  0.555510577  1.633726e-01 1.068
1  4.37e-02  0.5554559134  1.633726e-01 1.068
1  4.57e-02  0.5553988333  1.633726e-01 1.068
1  4.79e-02  0.5553390919  1.633726e-01 1.068
1  5.01e-02  0.555276387  1.633726e-01 1.068
1  5.25e-02  0.5552106969  1.633726e-01 1.068
1  5.50e-02  0.5551417489  1.633726e-01 1.068
1  5.75e-02  0.5550696465  1.633726e-01 1.068
1  6.03e-02  0.5549941328  1.633726e-01 1.068
1  6.31e-02  0.5549152772  1.633726e-01 1.068
1  6.61e-02  0.5548323072  1.633726e-01 1.068
1  6.92e-02  0.5547455558  1.633726e-01 1.068
1  7.24e-02  0.5546543914  1.633726e-01 1.068
1  7.59e-02  0.5545591448  1.633726e-01 1.068
1  7.94e-02  0.5544591669  1.633726e-01 1.068
1  8.32e-02  0.5543546031  1.633726e-01 1.068
1  8.71e-02  0.5542447342  1.633726e-01 1.068
1  9.12e-02  0.5541298567  1.633726e-01 1.068
1  9.55e-02  0.5540096718  1.633726e-01 1.068
1  1.00e-01  0.5538831526  1.633726e-01 1.068
1  1.05e-01  0.5537507861  1.633726e-01 1.068
1  1.10e-01  0.5536125063  1.633726e-01 1.068
1  1.15e-01  0.5534671884  1.633726e-01 1.068
1  1.20e-01  0.553314711  1.633726e-01 1.068
1  1.26e-01  0.5531548975  1.633726e-01 1.068
1  1.32e-01  0.5529873657  1.633726e-01 1.068
1  1.38e-01  0.5528122613  1.633726e-01 1.068
1  1.45e-01  0.552628265  1.633726e-01 1.068
1  1.51e-01  0.5524354894  1.633726e-01 1.068
1  1.58e-01  0.5522330045  1.633726e-01 1.068
1  1.66e-01  0.5520215704  1.633726e-01 1.068
1  1.74e-01  0.5517988003  1.633726e-01 1.068
1  1.82e-01  0.5515661803  1.633726e-01 1.068
1  1.91e-01  0.5513216443  1.633726e-01 1.068
1  2.00e-01  0.5510646448  1.633726e-01 1.068
1  2.09e-01  0.550796256  1.633726e-01 1.068
1  2.19e-01  0.5505138067  1.633726e-01 1.068
1  2.29e-01  0.5502184438  1.633726e-01 1.068
1  2.40e-01  0.549907523  1.633726e-01 1.068
1  2.51e-01  0.5495824823  1.633726e-01 1.068
1  2.63e-01  0.5492400007  1.633726e-01 1.068
1  2.75e-01  0.548881276  1.633726e-01 1.068
1  2.88e-01  0.5485058384  1.633726e-01 1.068
1  3.02e-01  0.5481109676  1.633726e-01 1.068
1  3.16e-01  0.5476951445  1.633726e-01 1.068
1  3.31e-01  0.5472611702  1.633726e-01 1.068
1  3.47e-01  0.5468034364  1.633726e-01 1.068
1  3.63e-01  0.546324086  1.633726e-01 1.068
1  3.80e-01  0.5458194476  1.633726e-01 1.068
1  3.98e-01  0.5452916218  1.633726e-01 1.068
1  4.17e-01  0.5447357715  1.633726e-01 1.068
1  4.37e-01  0.544151399  1.633726e-01 1.068
1  4.57e-01  0.5435388344  1.633726e-01 1.068
1  4.79e-01  0.5428949961  1.633726e-01 1.068
1  5.01e-01  0.5422166614  1.633726e-01 1.068
1  5.25e-01  0.5415057541  1.633726e-01 1.068
1  5.50e-01  0.5407583059  1.633726e-01 1.068
1  5.75e-01  0.5399696221  1.633726e-01 1.068
1  6.03e-01  0.539145034  1.633726e-01 1.068
1  6.31e-01  0.5382752966  1.633726e-01 1.068
1  6.61e-01  0.5373591165  1.633726e-01 1.068
1  6.92e-01  0.5363971808  1.633726e-01 1.068
1  7.24e-01  0.535387811  1.633726e-01 1.068
1  7.59e-01  0.5343242187  1.633726e-01 1.068
1  7.94e-01  0.5332014301  1.633726e-01 1.068
1  8.32e-01  0.5320229917  1.633726e-01 1.068
1  8.71e-01  0.5307816017  1.633726e-01 1.068
1  9.12e-01  0.5294786958  1.633726e-01 1.068
1  9.55e-01  0.5281008822  1.633726e-01 1.068
1  1.00e+00  0.5266537111  1.633726e-01 1.068
1  1.05e+00  0.5251325067  1.633726e-01 1.068
1  1.10e+00  0.5235278683  1.633726e-01 1.068
1  1.15e+00  0.5218362192  1.633726e-01 1.068
1  1.20e+00  0.5200583337  1.633726e-01 1.068
1  1.26e+00  0.5181812594  1.633726e-01 1.068
1  1.32e+00  0.5162086063  1.633726e-01 1.068
1  1.38e+00  0.5141357384  1.633726e-01 1.068
1  1.45e+00  0.5119462246  1.633726e-01 1.068
1  1.51e+00  0.5096403177  1.633726e-01 1.068
1  1.58e+00  0.5072177845  1.633726e-01 1.068
1  1.66e+00  0.5046641888  1.633726e-01 1.068
1  1.74e+00  0.5019875044  1.633726e-01 1.068
1  1.82e+00  0.4991630041  1.633726e-01 1.068
1  1.91e+00  0.4961996477  1.633726e-01 1.068
1  2.00e+00  0.4930814672  1.633726e-01 1.068
1  2.09e+00  0.4898149098  1.633726e-01 1.068
1  2.19e+00  0.4863851834  1.633726e-01 1.068
1  2.29e+00  0.4827811351  1.633726e-01 1.068
1  2.40e+00  0.4790260115  1.633726e-01 1.068
1  2.51e+00  0.4750867834  1.633726e-01 1.068
1  2.63e+00  0.4709702226  1.633726e-01 1.068
1  2.75e+00  0.4666830499  1.633726e-01 1.068
1  2.88e+00  0.4622338119  1.633726e-01 1.068
1  3.02e+00  0.4575975967  1.633726e-01 1.068
1  3.16e+00  0.452798168  1.633726e-01 1.068
1  3.31e+00  0.447829842  1.633726e-01 1.068
1  3.47e+00  0.4426934787  1.633726e-01 1.068
1  3.63e+00  0.4374279071  1.633726e-01 1.068
1  3.80e+00  0.4320398962  1.633726e-01 1.068
1  3.98e+00  0.4265177541  1.633726e-01 1.068
1  4.17e+00  0.4209016261  1.633726e-01 1.068
1  4.37e+00  0.4152081136  1.633726e-01 1.068
1  4.57e+00  0.4094450931  1.633726e-01 1.068
1  4.79e+00  0.4036839576  1.633726e-01 1.068
1  5.01e+00  0.3978936399  1.633726e-01 1.068
1  5.25e+00  0.3921224883  1.633726e-01 1.068
1  5.50e+00  0.3864262073  1.633726e-01 1.068
1  5.75e+00  0.3807851968  1.633726e-01 1.068
1  6.03e+00  0.3752688741  1.633726e-01 1.068
1  6.31e+00  0.3698967271  1.633726e-01 1.068
1  6.61e+00  0.3646497686  1.633726e-01 1.068
1  6.92e+00  0.3595985048  1.633726e-01 1.068
1  7.24e+00  0.354733617  1.633726e-01 1.068
1  7.59e+00  0.3500706357  1.633726e-01 1.068
1  7.94e+00  0.3456619182  1.633726e-01 1.068
1  8.32e+00  0.3414588322  1.633726e-01 1.068
1  8.71e+00  0.3374772316  1.633726e-01 1.068
1  9.12e+00  0.3337436778  1.633726e-01 1.068
1  9.55e+00  0.3302376614  1.633726e-01 1.068
1  1.00e+01  0.3269819732  1.633726e-01 1.068
1  1.05e+01  0.3239256234  1.633726e-01 1.068
1  1.10e+01  0.3211156535  1.633726e-01 1.068
1  1.15e+01  0.318535489  1.633726e-01 1.068
1  1.20e+01  0.3160609456  1.633726e-01 1.068
1  1.26e+01  0.3138346936  1.633726e-01 1.068
1  1.32e+01  0.3117526497  1.633726e-01 1.068
1  1.38e+01  0.3098703026  1.633726e-01 1.068
1  1.45e+01  0.3081384594  1.633726e-01 1.068
1  1.51e+01  0.3065305512  1.633726e-01 1.068
1  1.58e+01  0.3050541751  1.633726e-01 1.068
1  1.66e+01  0.3037197742  1.633726e-01 1.068
1  1.74e+01  0.3024797798  1.633726e-01 1.068
1  1.82e+01  0.3013172859  1.633726e-01 1.068
1  1.91e+01  0.3002876372  1.633726e-01 1.068
1  2.00e+01  0.299297339  1.633726e-01 1.068
1  2.09e+01  0.2984125966  1.633726e-01 1.068
1  2.19e+01  0.2975955527  1.633726e-01 1.068
1  2.29e+01  0.2968248337  1.633726e-01 1.068
1  2.40e+01  0.2961044315  1.633726e-01 1.068
1  2.51e+01  0.2954556124  1.633726e-01 1.068
1  2.63e+01  0.2948147185  1.633726e-01 1.068
1  2.75e+01  0.2942425478  1.633726e-01 1.068
1  2.88e+01  0.2936778324  1.633726e-01 1.068
1  3.02e+01  0.2931353944  1.633726e-01 1.068
1  3.16e+01  0.2926223019  1.633726e-01 1.068
1  3.31e+01  0.2921343778  1.633726e-01 1.068
1  3.47e+01  0.2916522847  1.633726e-01 1.068
1  3.63e+01  0.2911854067  1.633726e-01 1.068
1  3.80e+01  0.2907367741  1.633726e-01 1.068
1  3.98e+01  0.290283788  1.633726e-01 1.068
1  4.17e+01  0.2898184949  1.633726e-01 1.068
1  4.37e+01  0.2893482947  1.633726e-01 1.068
1  4.57e+01  0.2888624321  1.633726e-01 1.068
1  4.79e+01  0.2883442715  1.633726e-01 1.068
1  5.01e+01  0.2878437472  1.633726e-01 1.068
1  5.25e+01  0.2873047575  1.633726e-01 1.068
1  5.50e+01  0.2867108975  1.633726e-01 1.068
1  5.75e+01  0.2861200029  1.633726e-01 1.068
1  6.03e+01  0.2854607032  1.633726e-01 1.068
1  6.31e+01  0.2847235893  1.633726e-01 1.068
1  6.61e+01  0.2839510075  1.633726e-01 1.068
1  6.92e+01  0.2831082489  1.633726e-01 1.068
1  7.24e+01  0.2821606601  1.633726e-01 1.068
1  7.59e+01  0.2811319844  1.633726e-01 1.068
1  7.94e+01  0.2799616869  1.633726e-01 1.068
1  8.32e+01  0.2786327984  1.633726e-01 1.068
1  8.71e+01  0.2771518078  1.633726e-01 1.068
1  9.12e+01  0.2754374345  1.633726e-01 1.068
1  9.55e+01  0.2734680491  1.633726e-01 1.068
1  1.00e+02  0.2711883623  1.633726e-01 1.068
1  1.05e+02  0.268539151  1.633726e-01 1.068
1  1.10e+02  0.2654452282  1.633726e-01 1.068
1  1.15e+02  0.2617366603  1.633726e-01 1.068
1  1.20e+02  0.2573375989  1.633726e-01 1.068
1  1.26e+02  0.2520628635  1.633726e-01 1.068
1  1.32e+02  0.2457163537  1.633726e-01 1.068
1  1.38e+02  0.2380240743  1.633726e-01 1.068
1  1.45e+02  0.228729445  1.633726e-01 1.068
1  1.51e+02  0.2175429247  1.633726e-01 1.068
1  1.58e+02  0.2042994361  1.633726e-01 1.068
1  1.66e+02  0.1889400175  1.633726e-01 1.068
1  1.74e+02  0.1717062308  1.633726e-01 1.068
1  1.82e+02  0.1532328934  1.633726e-01 1.068
1  1.91e+02  0.1344860396  1.633726e-01 1.068
1  2.00e+02  0.1165530523  1.633726e-01 1.068
1  2.09e+02  0.1003052237  1.633726e-01 1.068
1  2.19e+02  0.08629806536  1.633726e-01 1.068
1  2.29e+02  0.07465102513  1.633726e-01 1.068
1  2.40e+02  0.06522741761  1.633726e-01 1.068
1  2.51e+02  0.05772014391  1.633726e-01 1.068
1  2.63e+02  0.05178518936  1.633726e-01 1.068
1  2.75e+02  0.04709779397  1.633726e-01 1.068
1  2.88e+02  0.04339342821  1.633726e-01 1.068
1  3.02e+02  0.04044680456  1.633726e-01 1.068
1  3.16e+02  0.03810147351  1.633726e-01 1.068
1  3.31e+02  0.03621344209  1.633726e-01 1.068
1  3.47e+02  0.03468640751  1.633726e-01 1.068
1  3.63e+02  0.03344008659  1.633726e-01 1.068
1  3.80e+02  0.03241997349  1.633726e-01 1.068
1  3.98e+02  0.03157617817  1.633726e-01 1.068
1  4.17e+02  0.03087374674  1.633726e-01 1.068
1  4.37e+02  0.03028779376  1.633726e-01 1.068
1  4.57e+02  0.02979463512  1.633726e-01 1.068
1  4.79e+02  0.02938099711  1.633726e-01 1.068
1  5.01e+02  0.0290287539  1.633726e-01 1.068
1  5.25e+02  0.02872970005  1.633726e-01 1.068
1  5.50e+02  0.02847208683  1.633726e-01 1.068
1  5.75e+02  0.02825315608  1.633726e-01 1.068
1  6.03e+02  0.02806343352  1.633726e-01 1.068
1  6.31e+02  0.0279000661  1.633726e-01 1.068
1  6.61e+02  0.02775854874  1.633726e-01 1.068
1  6.92e+02  0.0276331212  1.633726e-01 1.068
1  7.24e+02  0.0275263114  1.633726e-01 1.068
1  7.59e+02  0.02743121499  1.633726e-01 1.068
1  7.94e+02  0.02734923223  1.633726e-01 1.068
1  8.32e+02  0.02727564786  1.633726e-01 1.068
1  8.71e+02  0.02721251229  1.633726e-01 1.068
1  9.12e+02  0.02715606572  1.633726e-01 1.068
1  9.55e+02  0.02710713225  1.633726e-01 1.068
1  1.00e+03  0.02706266095  1.633726e-01 1.068
1  1.05e+03  0.0270249414  1.633726e-01 1.068
1  1.10e+03  0.02698915449  1.633726e-01 1.068
1  1.15e+03  0.02695735402  1.633726e-01 1.068
1  1.20e+03  0.0269310426  1.633726e-01 1.068
1  1.26e+03  0.02690651574  1.633726e-01 1.068
1  1.32e+03  0.02688408695  1.633726e-01 1.068
1  1.38e+03  0.02686489627  1.633726e-01 1.068
1  1.45e+03  0.02684741884  1.633726e-01 1.068
1  1.51e+03  0.02683176153  1.633726e-01 1.068
1  1.58e+03  0.02681874913  1.633726e-01 1.068
1  1.66e+03  0.02680680159  1.633726e-01 1.068
1  1.74e+03  0.02679405138  1.633726e-01 1.068
1  1.82e+03  0.0267843928  1.633726e-01 1.068
1  1.91e+03  0.02677486034  1.633726e-01 1.068
1  2.00e+03  0.02676735581  1.633726e-01 1.068
1  2.09e+03  0.02675965166  1.633726e-01 1.068
1  2.19e+03  0.02675383642  1.633726e-01 1.068
1  2.29e+03  0.02674677946  1.633726e-01 1.068
1  2.40e+03  0.02674139276  1.633726e-01 1.068
1  2.51e+03  0.02673738622  1.633726e-01 1.068
1  2.63e+03  0.02673215398  1.633726e-01 1.068
1  2.75e+03  0.02672870248  1.633726e-01 1.068
1  2.88e+03  0.0267260059  1.633726e-01 1.068
1  3.02e+03  0.0267223038  1.633726e-01 1.068
1  3.16e+03  0.02671975695  1.633726e-01 1.068
1  3.31e+03  0.02671687418  1.633726e-01 1.068
1  3.47e+03  0.02671393114  1.633726e-01 1.068
1  3.63e+03  0.02671298251  1.633726e-01 1.068
1  3.80e+03  0.02671129085  1.633726e-01 1.068
1  3.98e+03  0.02670845794  1.633726e-01 1.068
1  4.17e+03  0.02670481333  1.633726e-01 1.068
1  4.37e+03  0.02670240593  1.633726e-01 1.068
1  4.57e+03  0.02670410361  1.633726e-01 1.068
1  4.79e+03  0.02669893318  1.633726e-01 1.068
1  5.01e+03  0.02670191128  1.633726e-01 1.068
1  5.25e+03  0.0267047596  1.633726e-01 1.068
1  5.50e+03  0.02670417034  1.633726e-01 1.068
1  5.75e+03  0.02669374631  1.633726e-01 1.068
1  6.03e+03  0.02670766638  1.633726e-01 1.068
1  6.31e+03  0.02670331363  1.633726e-01 1.068
1  6.61e+03  0.02670296495  1.633726e-01 1.068
1  6.92e+03  0.02670788976  1.633726e-01 1.068
1  7.24e+03  0.02672726958  1.633726e-01 1.068
1  7.59e+03  0.02670601467  1.633726e-01 1.068
1  7.94e+03  0.02676959433  1.633726e-01 1.068
1  8.32e+03  0.02678729105  1.633726e-01 1.068
1  8.71e+03  0.02676960543  1.633726e-01 1.068
1  9.12e+03  0.02682298267  1.633726e-01 1.068
1  9.55e+03  0.02694558048  1.633726e-01 1.068
1  1.00e+04  0.02707859007  1.633726e-01 1.068
1  1.05e+04  0.02720548708  1.633726e-01 1.068
1  1.10e+04  0.02738637798  1.633726e-01 1.068
1  1.15e+04  0.02756952277  1.633726e-01 1.068
1  1.20e+04  0.02789162248  1.633726e-01 1.068
1  1.26e+04  0.02825989597  1.633726e-01 1.068
1  1.32e+04  0.02868085265  1.633726e-01 1.068
1  1.38e+04  0.02918045477  1.633726e-01 1.068
1  1.45e+04  0.0297437356  1.633726e-01 1.068
1  1.51e+04  0.03051425841  1.633726e-01 1.068
1  1.58e+04  0.03163657724  1.633726e-01 1.068
1  1.66e+04  0.03295635993  1.633726e-01 1.068
1  1.74e+04  0.03418052571  1.633726e-01 1.068
1  1.82e+04  0.0354638141  1.633726e-01 1.068
1  1.91e+04  0.03756751952  1.633726e-01 1.068
1  2.00e+04  0.04008662152  1.633726e-01 1.068
1  2.09e+04  0.04200514516  1.633726e-01 1.068
1  2.19e+04  0.04479713339  1.633726e-01 1.068
1  2.29e+04  0.04806661443  1.633726e-01 1.068
1  2.40e+04  0.05120838917  1.633726e-01 1.068
1  2.51e+04  0.05500745088  1.633726e-01 1.068
1  2.63e+04  0.05917420216  1.633726e-01 1.068
1  2.75e+04  0.06338580498  1.633726e-01 1.068
1  2.88e+04  0.06848301354  1.633726e-01 1.068
1  3.02e+04  0.07337391425  1.633726e-01 1.068
1  3.16e+04  0.07894832152  1.633726e-01 1.068
1  3.31e+04  0.08524883015  1.633726e-01 1.068
1  3.47e+04  0.09042208883  1.633726e-01 1.068
1  3.63e+04  0.09833709147  1.633726e-01 1.068
1  3.80e+04  0.1045297756  1.633726e-01 1.068
1  3.98e+04  0.1107514902  1.633726e-01 1.068
1  4.17e+04  0.1203364722  1.633726e-01 1.068
1  4.37e+04  0.1272303032  1.633726e-01 1.068
1  4.57e+04  0.13341755  1.633726e-01 1.068
1  4.79e+04  0.1434954829  1.633726e-01 1.068
1  5.01e+04  0.153187331  1.633726e-01 1.068
1  5.25e+04  0.1600083184  1.633726e-01 1.068
1  5.50e+04  0.1674380702  1.633726e-01 1.068
1  5.75e+04  0.17734982  1.633726e-01 1.068
1  6.03e+04  0.1881254203  1.633726e-01 1.068
1  6.31e+04  0.1977929167  1.633726e-01 1.068
1  6.61e+04  0.2057151731  1.633726e-01 1.068
1  6.92e+04  0.212936226  1.633726e-01 1.068
1  7.24e+04  0.2213922947  1.633726e-01 1.068
1  7.59e+04  0.2320186816  1.633726e-01 1.068
1  7.94e+04  0.2437193544  1.633726e-01 1.068
1  8.32e+04  0.2545109793  1.633726e-01 1.068
1  8.71e+04  0.2633245366  1.633726e-01 1.068
1  9.12e+04  0.2705599818  1.633726e-01 1.068
1  9.55e+04  0.2773698011  1.633726e-01 1.068
1  1.00e+05  0.2847450521  1.633726e-01 1.068
1  1.05e+05  0.2931234104  1.633726e-01 1.068
1  1.10e+05  0.3024793461  1.633726e-01 1.068
1  1.15e+05  0.3125320061  1.633726e-01 1.068
1  1.20e+05  0.322870259  1.633726e-01 1.068
1  1.26e+05  0.3330265266  1.633726e-01 1.068
1  1.32e+05  0.3425682246  1.633726e-01 1.068
1  1.38e+05  0.3511979725  1.633726e-01 1.068
1  1.45e+05  0.3588125979  1.633726e-01 1.068
1  1.51e+05  0.3654953628  1.633726e-01 1.068
1  1.58e+05  0.3714562728  1.633726e-01 1.068
1  1.66e+05  0.3769546664  1.633726e-01 1.068
1  1.74e+05  0.3822339999  1.633726e-01 1.068
1  1.82e+05  0.3874835464  1.633726e-01 1.068
1  1.91e+05  0.3928270254  1.633726e-01 1.068
1  2.00e+05  0.3983295494  1.633726e-01 1.068
1  2.09e+05  0.4040123925  1.633726e-01 1.068
1  2.19e+05  0.4098677415  1.633726e-01 1.068
1  2.29e+05  0.415869732  1.633726e-01 1.068
1  2.40e+05  0.4219814146  1.633726e-01 1.068
1  2.51e+05  0.4281589539  1.633726e-01 1.068
1  2.63e+05  0.4343545592  1.633726e-01 1.068
1  2.75e+05  0.4405190917  1.633726e-01 1.068
1  2.88e+05  0.4466046343  1.633726e-01 1.068
1  3.02e+05  0.4525668768  1.633726e-01 1.068
1  3.16e+05  0.4583670399  1.633726e-01 1.068
1  3.31e+05  0.4639731303  1.633726e-01 1.068
1  3.47e+05  0.4693604698  1.633726e-01 1.068
1  3.63e+05  0.4745115825  1.633726e-01 1.068
1  3.80e+05  0.4794156018  1.633726e-01 1.068
1  3.98e+05  0.4840673889  1.633726e-01 1.068
1  4.17e+05  0.4884665281  1.633726e-01 1.068
1  4.37e+05  0.4926163282  1.633726e-01 1.068
1  4.57e+05  0.4965229107  1.633726e-01 1.068
1  4.79e+05  0.5001944255  1.633726e-01 1.068
1  5.01e+05  0.5036404077  1.633726e-01 1.068
1  5.25e+05  0.5068712669  1.633726e-01 1.068
1  5.50e+05  0.509897894  1.633726e-01 1.068
1  5.75e+05  0.5127313655  1.633726e-01 1.068
1  6.03e+05  0.515382724  1.633726e-01 1.068
1  6.31e+05  0.5178628198  1.633726e-01 1.068
1  6.61e+05  0.5201821979  1.633726e-01 1.068
1  6.92e+05  0.5223510201  1.633726e-01 1.068
1  7.24e+05  0.5243790122  1.633726e-01 1.068
1  7.59e+05  0.526275432  1.633726e-01 1.068
1  7.94e+05  0.5280490516  1.633726e-01 1.068
1  8.32e+05  0.5297081503  1.633726e-01 1.068
1  8.71e+05  0.5312605176  1.633726e-01 1.068
1  9.12e+05  0.532713461  1.633726e-01 1.068
1  9.55e+05  0.5340738196  1.633726e-01 1.068
1  1.00e+06  0.5353479811  1.633726e-01 1.068
1  1.05e+06  0.5365419013  1.633726e-01 1.068
1  1.10e+06  0.5376611244  1.633726e-01 1.068
1  1.15e+06  0.5387108061  1.633726e-01 1.068
1  1.20e+06  0.5396957351  1.633726e-01 1.068
1  1.26e+06  0.5406203562  1.633726e-01 1.068
1  1.32e+06  0.5414887923  1.633726e-01 1.068
1  1.38e+06  0.5423048655  1.633726e-01 1.068
1  1.45e+06  0.5430721186  1.633726e-01 1.068
1  1.51e+06  0.5437938343  1.633726e-01 1.068
1  1.58e+06  0.5444730547  1.633726e-01 1.068
1  1.66e+06  0.5451125984  1.633726e-01 1.068
1  1.74e+06  0.5457150776  1.633726e-01 1.068
1  1.82e+06  0.5462829146  1.633726e-01 1.068
1  1.91e+06  0.5468183557  1.633726e-01 1.068
1  2.00e+06  0.5473234813  1.633726e-01 1.068
1  2.09e+06  0.5478002237  1.633726e-01 1.068
1  2.19e+06  0.5482503767  1.633726e-01 1.068
1  2.29e+06  0.5486756064  1.633726e-01 1.068
1  2.40e+06  0.5490774616  1.633726e-01 1.068
1  2.51e+06  0.5494573817  1.633726e-01 1.068
1  2.63e+06  0.5498167061  1.633726e-01 1.068
1  2.75e+06  0.5501566813  1.633726e-01 1.068
1  2.88e+06  0.5504784689  1.633726e-01 1.068
1  3.02e+06  0.550783151  1.633726e-01 1.068
1  3.16e+06  0.5510717369  1.633726e-01 1.068
1  3.31e+06  0.5513451685  1.633726e-01 1.068
1  3.47e+06  0.5516043254  1.633726e-01 1.068
1  3.63e+06  0.5518500293  1.633726e-01 1.068
1  3.80e+06  0.5520830485  1.633726e-01 1.068
1  3.98e+06  0.5523041017  1.633726e-01 1.068
1  4.17e+06  0.5525138618  1.633726e-01 1.068
1  4.37e+06  0.5527129591  1.633726e-01 1.068
1  4.57e+06  0.5529019843  1.633726e-01 1.068
1  4.79e+06  0.5530814913  1.633726e-01 1.068
1  5.01e+06  0.5532520002  1.633726e-01 1.068
1  5.25e+06  0.5534139988  1.633726e-01 1.068
1  5.50e+06  0.5535679458  1.633726e-01 1.068
1  5.75e+06  0.5537142722  1.633726e-01 1.068
1  6.03e+06  0.5538533834  1.633726e-01 1.068
1  6.31e+06  0.5539856609  1.633726e-01 1.068
1  6.61e+06  0.5541114636  1.633726e-01 1.068
1  6.92e+06  0.55423113  1.633726e-01 1.068
1  7.24e+06  0.5543449789  1.633726e-01 1.068
1  7.59e+06  0.5544533108  1.633726e-01 1.068
1  7.94e+06  0.5545564094  1.633726e-01 1.068
1  8.32e+06  0.5546545421  1.633726e-01 1.068
1  8.71e+06  0.5547479618  1.633726e-01 1.068
1  9.12e+06  0.554836907  1.633726e-01 1.068
1  9.55e+06  0.5549216032  1.633726e-01 1.068
1  1.00e+07  0.5550022638  1.633726e-01 1.068
