1  1.00e-03  0.5586546597  1.529706e-01 1.0
1  1.05e-03  0.5586534554  1.529706e-01 1.0
1  1.10e-03  0.5586520073  1.529706e-01 1.0
1  1.15e-03  0.5586507024  1.529706e-01 1.0
1  1.20e-03  0.558649133  1.529706e-01 1.0
1  1.26e-03  0.558647618  1.529706e-01 1.0
1  1.32e-03  0.5586459071  1.529706e-01 1.0
1  1.38e-03  0.5586441386  1.529706e-01 1.0
1  1.45e-03  0.558642332  1.529706e-01 1.0
1  1.51e-03  0.5586405792  1.529706e-01 1.0
1  1.58e-03  0.5586384955  1.529706e-01 1.0
1  1.66e-03  0.558636488  1.529706e-01 1.0
1  1.74e-03  0.5586343376  1.529706e-01 1.0
1  1.82e-03  0.5586320511  1.529706e-01 1.0
1  1.91e-03  0.5586297037  1.529706e-01 1.0
1  2.00e-03  0.5586271951  1.529706e-01 1.0
1  2.09e-03  0.5586245488  1.529706e-01 1.0
1  2.19e-03  0.5586218402  1.529706e-01 1.0
1  2.29e-03  0.5586190392  1.529706e-01 1.0
1  2.40e-03  0.558616074  1.529706e-01 1.0
1  2.51e-03  0.558612889  1.529706e-01 1.0
1  2.63e-03  0.5586096444  1.529706e-01 1.0
1  2.75e-03  0.5586062202  1.529706e-01 1.0
1  2.88e-03  0.5586026431  1.529706e-01 1.0
1  3.02e-03  0.5585988734  1.529706e-01 1.0
1  3.16e-03  0.5585949785  1.529706e-01 1.0
1  3.31e-03  0.5585908057  1.529706e-01 1.0
1  3.47e-03  0.5585865156  1.529706e-01 1.0
1  3.63e-03  0.5585820014  1.529706e-01 1.0
1  3.80e-03  0.5585772886  1.529706e-01 1.0
1  3.98e-03  0.5585723225  1.529706e-01 1.0
1  4.17e-03  0.5585671247  1.529706e-01 1.0
1  4.37e-03  0.5585617161  1.529706e-01 1.0
1  4.57e-03  0.5585560256  1.529706e-01 1.0
1  4.79e-03  0.558550058  1.529706e-01 1.0
1  5.01e-03  0.5585438445  1.529706e-01 1.0
1  5.25e-03  0.5585373039  1.529706e-01 1.0
1  5.50e-03  0.5585304491  1.529706e-01 1.0
1  5.75e-03  0.5585232852  1.529706e-01 1.0
1  6.03e-03  0.5585158066  1.529706e-01 1.0
1  6.31e-03  0.5585079461  1.529706e-01 1.0
1  6.61e-03  0.5584997254  1.529706e-01 1.0
1  6.92e-03  0.558491099  1.529706e-01 1.0
1  7.24e-03  0.5584820815  1.529706e-01 1.0
1  7.59e-03  0.5584726601  1.529706e-01 1.0
1  7.94e-03  0.5584627451  1.529706e-01 1.0
1  8.32e-03  0.5584524111  1.529706e-01 1.0
1  8.71e-03  0.5584415701  1.529706e-01 1.0
1  9.12e-03  0.5584302034  1.529706e-01 1.0
1  9.55e-03  0.5584182939  1.529706e-01 1.0
1  1.00e-02  0.558405856  1.529706e-01 1.0
1  1.05e-02  0.5583927814  1.529706e-01 1.0
1  1.10e-02  0.558379153  1.529706e-01 1.0
1  1.15e-02  0.5583648098  1.529706e-01 1.0
1  1.20e-02  0.5583498249  1.529706e-01 1.0
1  1.26e-02  0.5583341563  1.529706e-01 1.0
1  1.32e-02  0.5583177318  1.529706e-01 1.0
1  1.38e-02  0.5583005048  1.529706e-01 1.0
1  1.45e-02  0.5582825068  1.529706e-01 1.0
1  1.51e-02  0.5582636476  1.529706e-01 1.0
1  1.58e-02  0.5582438763  1.529706e-01 1.0
1  1.66e-02  0.558223143  1.529706e-01 1.0
1  1.74e-02  0.5582014848  1.529706e-01 1.0
1  1.82e-02  0.5581787961  1.529706e-01 1.0
1  1.91e-02  0.5581549523  1.529706e-01 1.0
1  2.00e-02  0.5581300736  1.529706e-01 1.0
1  2.09e-02  0.5581040123  1.529706e-01 1.0
1  2.19e-02  0.5580767308  1.529706e-01 1.0
1  2.29e-02  0.5580480935  1.529706e-01 1.0
1  2.40e-02  0.5580181294  1.529706e-01 1.0
1  2.51e-02  0.557986713  1.529706e-01 1.0
1  2.63e-02  0.5579538116  1.529706e-01 1.0
1  2.75e-02  0.5579193734  1.529706e-01 1.0
1  2.88e-02  0.5578833984  1.529706e-01 1.0
1  3.02e-02  0.5578455908  1.529706e-01 1.0
1  3.16e-02  0.5578061122  1.529706e-01 1.0
1  3.31e-02  0.5577646721  1.529706e-01 1.0
1  3.47e-02  0.5577212602  1.529706e-01 1.0
1  3.63e-02  0.5576758312  1.529706e-01 1.0
1  3.80e-02  0.557628158  1.529706e-01 1.0
1  3.98e-02  0.5575782688  1.529706e-01 1.0
1  4.17e-02  0.5575259316  1.529706e-01 1.0
1  4.37e-02  0.5574713662  1.529706e-01 1.0
1  4.57e-02  0.5574140037  1.529706e-01 1.0
1  4.79e-02  0.5573538245  1.529706e-01 1.0
1  5.01e-02  0.5572908924  1.529706e-01 1.0
1  5.25e-02  0.5572249975  1.529706e-01 1.0
1  5.50e-02  0.5571561018  1.529706e-01 1.0
1  5.75e-02  0.5570838129  1.529706e-01 1.0
1  6.03e-02  0.557008037  1.529706e-01 1.0
1  6.31e-02  0.5569284305  1.529706e-01 1.0
1  6.61e-02  0.5568452687  1.529706e-01 1.0
1  6.92e-02  0.5567581213  1.529706e-01 1.0
1  7.24e-02  0.5566670063  1.529706e-01 1.0
1  7.59e-02  0.556571258  1.529706e-01 1.0
1  7.94e-02  0.5564709558  1.529706e-01 1.0
1  8.32e-02  0.5563658082  1.529706e-01 1.0
1  8.71e-02  0.5562559148  1.529706e-01 1.0
1  9.12e-02  0.5561406389  1.529706e-01 1.0
1  9.55e-02  0.5560194249  1.529706e-01 1.0
1  1.00e-01  0.555892938  1.529706e-01 1.0
1  1.05e-01  0.5557603785  1.529706e-01 1.0
1  1.10e-01  0.555620783  1.529706e-01 1.0
1  1.15e-01  0.5554749255  1.529706e-01 1.0
1  1.20e-01  0.555322146  1.529706e-01 1.0
1  1.26e-01  0.5551620506  1.529706e-01 1.0
1  1.32e-01  0.5549943357  1.529706e-01 1.0
1  1.38e-01  0.5548178173  1.529706e-01 1.0
1  1.45e-01  0.5546332625  1.529706e-01 1.0
1  1.51e-01  0.554439951  1.529706e-01 1.0
1  1.58e-01  0.55423707  1.529706e-01 1.0
1  1.66e-01  0.5540238296  1.529706e-01 1.0
1  1.74e-01  0.5538010882  1.529706e-01 1.0
1  1.82e-01  0.5535667362  1.529706e-01 1.0
1  1.91e-01  0.5533217064  1.529706e-01 1.0
1  2.00e-01  0.5530648485  1.529706e-01 1.0
1  2.09e-01  0.5527945959  1.529706e-01 1.0
1  2.19e-01  0.5525118094  1.529706e-01 1.0
1  2.29e-01  0.5522143475  1.529706e-01 1.0
1  2.40e-01  0.5519032424  1.529706e-01 1.0
1  2.51e-01  0.5515754081  1.529706e-01 1.0
1  2.63e-01  0.5512334246  1.529706e-01 1.0
1  2.75e-01  0.550873552  1.529706e-01 1.0
1  2.88e-01  0.5504950362  1.529706e-01 1.0
1  3.02e-01  0.5500981317  1.529706e-01 1.0
1  3.16e-01  0.5496830903  1.529706e-01 1.0
1  3.31e-01  0.5492450448  1.529706e-01 1.0
1  3.47e-01  0.5487876582  1.529706e-01 1.0
1  3.63e-01  0.5483057654  1.529706e-01 1.0
1  3.80e-01  0.5478006193  1.529706e-01 1.0
1  3.98e-01  0.5472678708  1.529706e-01 1.0
1  4.17e-01  0.5467100664  1.529706e-01 1.0
1  4.37e-01  0.5461245163  1.529706e-01 1.0
1  4.57e-01  0.5455093274  1.529706e-01 1.0
1  4.79e-01  0.5448616069  1.529706e-01 1.0
1  5.01e-01  0.5441834284  1.529706e-01 1.0
1  5.25e-01  0.5434683824  1.529706e-01 1.0
1  5.50e-01  0.5427166504  1.529706e-01 1.0
1  5.75e-01  0.5419288853  1.529706e-01 1.0
1  6.03e-01  0.5410976045  1.529706e-01 1.0
1  6.31e-01  0.54022368  1.529706e-01 1.0
1  6.61e-01  0.5393074709  1.529706e-01 1.0
1  6.92e-01  0.5383425421  1.529706e-01 1.0
1  7.24e-01  0.5373241754  1.529706e-01 1.0
1  7.59e-01  0.5362556373  1.529706e-01 1.0
1  7.94e-01  0.5351342428  1.529706e-01 1.0
1  8.32e-01  0.5339485836  1.529706e-01 1.0
1  8.71e-01  0.5327042564  1.529706e-01 1.0
1  9.12e-01  0.5313903173  1.529706e-01 1.0
1  9.55e-01  0.5300136108  1.529706e-01 1.0
1  1.00e+00  0.5285607316  1.529706e-01 1.0
1  1.05e+00  0.5270263161  1.529706e-01 1.0
1  1.10e+00  0.5254149082  1.529706e-01 1.0
1  1.15e+00  0.5237191037  1.529706e-01 1.0
1  1.20e+00  0.5219311301  1.529706e-01 1.0
1  1.26e+00  0.5200530354  1.529706e-01 1.0
1  1.32e+00  0.5180731294  1.529706e-01 1.0
1  1.38e+00  0.5159816302  1.529706e-01 1.0
1  1.45e+00  0.5137837804  1.529706e-01 1.0
1  1.51e+00  0.5114721605  1.529706e-01 1.0
1  1.58e+00  0.5090435383  1.529706e-01 1.0
1  1.66e+00  0.5064814858  1.529706e-01 1.0
1  1.74e+00  0.503782017  1.529706e-01 1.0
1  1.82e+00  0.5009468428  1.529706e-01 1.0
1  1.91e+00  0.4979698106  1.529706e-01 1.0
1  2.00e+00  0.4948495731  1.529706e-01 1.0
1  2.09e+00  0.491559231  1.529706e-01 1.0
1  2.19e+00  0.4881176565  1.529706e-01 1.0
1  2.29e+00  0.4845039742  1.529706e-01 1.0
1  2.40e+00  0.4807288219  1.529706e-01 1.0
1  2.51e+00  0.4767843853  1.529706e-01 1.0
1  2.63e+00  0.4726483195  1.529706e-01 1.0
1  2.75e+00  0.4683510576  1.529706e-01 1.0
1  2.88e+00  0.4638827218  1.529706e-01 1.0
1  3.02e+00  0.4592245515  1.529706e-01 1.0
1  3.16e+00  0.4544148272  1.529706e-01 1.0
1  3.31e+00  0.4494350936  1.529706e-01 1.0
1  3.47e+00  0.4442850929  1.529706e-01 1.0
1  3.63e+00  0.4390017702  1.529706e-01 1.0
1  3.80e+00  0.433604294  1.529706e-01 1.0
1  3.98e+00  0.4280734151  1.529706e-01 1.0
1  4.17e+00  0.4224332286  1.529706e-01 1.0
1  4.37e+00  0.4167425836  1.529706e-01 1.0
1  4.57e+00  0.4109740365  1.529706e-01 1.0
1  4.79e+00  0.4052081572  1.529706e-01 1.0
1  5.01e+00  0.3994131025  1.529706e-01 1.0
1  5.25e+00  0.3936474295  1.529706e-01 1.0
1  5.50e+00  0.3879555887  1.529706e-01 1.0
1  5.75e+00  0.3823152795  1.529706e-01 1.0
1  6.03e+00  0.3767983299  1.529706e-01 1.0
1  6.31e+00  0.3714320196  1.529706e-01 1.0
1  6.61e+00  0.366194261  1.529706e-01 1.0
1  6.92e+00  0.3611732933  1.529706e-01 1.0
1  7.24e+00  0.3563010598  1.529706e-01 1.0
1  7.59e+00  0.3516719974  1.529706e-01 1.0
1  7.94e+00  0.347252764  1.529706e-01 1.0
1  8.32e+00  0.3430771502  1.529706e-01 1.0
1  8.71e+00  0.3391356645  1.529706e-01 1.0
1  9.12e+00  0.3354009921  1.529706e-01 1.0
1  9.55e+00  0.3319291137  1.529706e-01 1.0
1  1.00e+01  0.3286789974  1.529706e-01 1.0
1  1.05e+01  0.3256541573  1.529706e-01 1.0
1  1.10e+01  0.3228353799  1.529706e-01 1.0
1  1.15e+01  0.3202292016  1.529706e-01 1.0
1  1.20e+01  0.317856231  1.529706e-01 1.0
1  1.26e+01  0.3155963198  1.529706e-01 1.0
1  1.32e+01  0.3135728911  1.529706e-01 1.0
1  1.38e+01  0.3117166702  1.529706e-01 1.0
1  1.45e+01  0.3099539021  1.529706e-01 1.0
1  1.51e+01  0.3083912123  1.529706e-01 1.0
1  1.58e+01  0.306939563  1.529706e-01 1.0
1  1.66e+01  0.3055807622  1.529706e-01 1.0
1  1.74e+01  0.3043601136  1.529706e-01 1.0
1  1.82e+01  0.3032503719  1.529706e-01 1.0
1  1.91e+01  0.3021983543  1.529706e-01 1.0
1  2.00e+01  0.3012418449  1.529706e-01 1.0
1  2.09e+01  0.3003854265  1.529706e-01 1.0
1  2.19e+01  0.2995548277  1.529706e-01 1.0
1  2.29e+01  0.2988244979  1.529706e-01 1.0
1  2.40e+01  0.2981223813  1.529706e-01 1.0
1  2.51e+01  0.2974753644  1.529706e-01 1.0
1  2.63e+01  0.2968635614  1.529706e-01 1.0
1  2.75e+01  0.296299808  1.529706e-01 1.0
1  2.88e+01  0.2957590156  1.529706e-01 1.0
1  3.02e+01  0.2952270602  1.529706e-01 1.0
1  3.16e+01  0.2947402797  1.529706e-01 1.0
1  3.31e+01  0.2942730304  1.529706e-01 1.0
1  3.47e+01  0.2938123154  1.529706e-01 1.0
1  3.63e+01  0.2933698879  1.529706e-01 1.0
1  3.80e+01  0.2929480131  1.529706e-01 1.0
1  3.98e+01  0.2925208314  1.529706e-01 1.0
1  4.17e+01  0.2920816874  1.529706e-01 1.0
1  4.37e+01  0.2916425403  1.529706e-01 1.0
1  4.57e+01  0.2911976292  1.529706e-01 1.0
1  4.79e+01  0.2907131804  1.529706e-01 1.0
1  5.01e+01  0.2902584384  1.529706e-01 1.0
1  5.25e+01  0.2897578637  1.529706e-01 1.0
1  5.50e+01  0.2892197913  1.529706e-01 1.0
1  5.75e+01  0.2886595474  1.529706e-01 1.0
1  6.03e+01  0.288056315  1.529706e-01 1.0
1  6.31e+01  0.2873992838  1.529706e-01 1.0
1  6.61e+01  0.2866980086  1.529706e-01 1.0
1  6.92e+01  0.285897427  1.529706e-01 1.0
1  7.24e+01  0.2850415302  1.529706e-01 1.0
1  7.59e+01  0.2840973245  1.529706e-01 1.0
1  7.94e+01  0.2830248492  1.529706e-01 1.0
1  8.32e+01  0.2818052352  1.529706e-01 1.0
1  8.71e+01  0.2804279475  1.529706e-01 1.0
1  9.12e+01  0.2788577752  1.529706e-01 1.0
1  9.55e+01  0.2770625519  1.529706e-01 1.0
1  1.00e+02  0.2749579333  1.529706e-01 1.0
1  1.05e+02  0.272485901  1.529706e-01 1.0
1  1.10e+02  0.2695437683  1.529706e-01 1.0
1  1.15e+02  0.2660834771  1.529706e-01 1.0
1  1.20e+02  0.2619114172  1.529706e-01 1.0
1  1.26e+02  0.2568443566  1.529706e-01 1.0
1  1.32e+02  0.2506622126  1.529706e-01 1.0
1  1.38e+02  0.2431297747  1.529706e-01 1.0
1  1.45e+02  0.233843511  1.529706e-01 1.0
1  1.51e+02  0.2225136784  1.529706e-01 1.0
1  1.58e+02  0.2088378095  1.529706e-01 1.0
1  1.66e+02  0.1926786207  1.529706e-01 1.0
1  1.74e+02  0.1742544102  1.529706e-01 1.0
1  1.82e+02  0.1542685058  1.529706e-01 1.0
1  1.91e+02  0.1338669268  1.529706e-01 1.0
1  2.00e+02  0.1143918674  1.529706e-01 1.0
1  2.09e+02  0.09696328564  1.529706e-01 1.0
1  2.19e+02  0.08213465925  1.529706e-01 1.0
1  2.29e+02  0.07005425658  1.529706e-01 1.0
1  2.40e+02  0.06045105266  1.529706e-01 1.0
1  2.51e+02  0.05292599006  1.529706e-01 1.0
1  2.63e+02  0.04706164727  1.529706e-01 1.0
1  2.75e+02  0.04250801436  1.529706e-01 1.0
1  2.88e+02  0.03893652323  1.529706e-01 1.0
1  3.02e+02  0.03613833932  1.529706e-01 1.0
1  3.16e+02  0.03391800267  1.529706e-01 1.0
1  3.31e+02  0.03214568869  1.529706e-01 1.0
1  3.47e+02  0.03071866144  1.529706e-01 1.0
1  3.63e+02  0.02956207521  1.529706e-01 1.0
1  3.80e+02  0.02861965866  1.529706e-01 1.0
1  3.98e+02  0.0278429956  1.529706e-01 1.0
1  4.17e+02  0.02719872538  1.529706e-01 1.0
1  4.37e+02  0.02666164714  1.529706e-01 1.0
1  4.57e+02  0.02621092322  1.529706e-01 1.0
1  4.79e+02  0.02583367997  1.529706e-01 1.0
1  5.01e+02  0.02551357221  1.529706e-01 1.0
1  5.25e+02  0.02524144956  1.529706e-01 1.0
1  5.50e+02  0.02501069103  1.529706e-01 1.0
1  5.75e+02  0.02481014238  1.529706e-01 1.0
1  6.03e+02  0.02463796313  1.529706e-01 1.0
1  6.31e+02  0.02448931409  1.529706e-01 1.0
1  6.61e+02  0.02436012561  1.529706e-01 1.0
1  6.92e+02  0.02424846958  1.529706e-01 1.0
1  7.24e+02  0.02415155487  1.529706e-01 1.0
1  7.59e+02  0.0240657677  1.529706e-01 1.0
1  7.94e+02  0.02399204795  1.529706e-01 1.0
1  8.32e+02  0.02392695857  1.529706e-01 1.0
1  8.71e+02  0.02386942021  1.529706e-01 1.0
1  9.12e+02  0.02381948034  1.529706e-01 1.0
1  9.55e+02  0.023773299  1.529706e-01 1.0
1  1.00e+03  0.02373510448  1.529706e-01 1.0
1  1.05e+03  0.02370000405  1.529706e-01 1.0
1  1.10e+03  0.0236677532  1.529706e-01 1.0
1  1.15e+03  0.02363942107  1.529706e-01 1.0
1  1.20e+03  0.02361546723  1.529706e-01 1.0
1  1.26e+03  0.02359384786  1.529706e-01 1.0
1  1.32e+03  0.02357369624  1.529706e-01 1.0
1  1.38e+03  0.02355740415  1.529706e-01 1.0
1  1.45e+03  0.02354147289  1.529706e-01 1.0
1  1.51e+03  0.02352692375  1.529706e-01 1.0
1  1.58e+03  0.02351429552  1.529706e-01 1.0
1  1.66e+03  0.02350277276  1.529706e-01 1.0
1  1.74e+03  0.02349398009  1.529706e-01 1.0
1  1.82e+03  0.02348352838  1.529706e-01 1.0
1  1.91e+03  0.02347608602  1.529706e-01 1.0
1  2.00e+03  0.02346836683  1.529706e-01 1.0
1  2.09e+03  0.02346173477  1.529706e-01 1.0
1  2.19e+03  0.02345574489  1.529706e-01 1.0
1  2.29e+03  0.02345043705  1.529706e-01 1.0
1  2.40e+03  0.02344549157  1.529706e-01 1.0
1  2.51e+03  0.02344234611  1.529706e-01 1.0
1  2.63e+03  0.02343767161  1.529706e-01 1.0
1  2.75e+03  0.02343449616  1.529706e-01 1.0
1  2.88e+03  0.02343108335  1.529706e-01 1.0
1  3.02e+03  0.02342928273  1.529706e-01 1.0
1  3.16e+03  0.02342621825  1.529706e-01 1.0
1  3.31e+03  0.02342417445  1.529706e-01 1.0
1  3.47e+03  0.02342256465  1.529706e-01 1.0
1  3.63e+03  0.02341911585  1.529706e-01 1.0
1  3.80e+03  0.0234186834  1.529706e-01 1.0
1  3.98e+03  0.02341679269  1.529706e-01 1.0
1  4.17e+03  0.02341741586  1.529706e-01 1.0
1  4.37e+03  0.02341750107  1.529706e-01 1.0
1  4.57e+03  0.0234146209  1.529706e-01 1.0
1  4.79e+03  0.02342032471  1.529706e-01 1.0
1  5.01e+03  0.02341860506  1.529706e-01 1.0
1  5.25e+03  0.02340709594  1.529706e-01 1.0
1  5.50e+03  0.02340127951  1.529706e-01 1.0
1  5.75e+03  0.02342858967  1.529706e-01 1.0
1  6.03e+03  0.02342710365  1.529706e-01 1.0
1  6.31e+03  0.0234104021  1.529706e-01 1.0
1  6.61e+03  0.02346468892  1.529706e-01 1.0
1  6.92e+03  0.0234250113  1.529706e-01 1.0
1  7.24e+03  0.02350128897  1.529706e-01 1.0
1  7.59e+03  0.02351457595  1.529706e-01 1.0
1  7.94e+03  0.02351108958  1.529706e-01 1.0
1  8.32e+03  0.02365486084  1.529706e-01 1.0
1  8.71e+03  0.02373627181  1.529706e-01 1.0
1  9.12e+03  0.02376895079  1.529706e-01 1.0
1  9.55e+03  0.02388869706  1.529706e-01 1.0
1  1.00e+04  0.02413017571  1.529706e-01 1.0
1  1.05e+04  0.02441790737  1.529706e-01 1.0
1  1.10e+04  0.02479964436  1.529706e-01 1.0
1  1.15e+04  0.02520169021  1.529706e-01 1.0
1  1.20e+04  0.02577257082  1.529706e-01 1.0
1  1.26e+04  0.02635428371  1.529706e-01 1.0
1  1.32e+04  0.02701556409  1.529706e-01 1.0
1  1.38e+04  0.02783888104  1.529706e-01 1.0
1  1.45e+04  0.02891257588  1.529706e-01 1.0
1  1.51e+04  0.03037204979  1.529706e-01 1.0
1  1.58e+04  0.0321234157  1.529706e-01 1.0
1  1.66e+04  0.03386810651  1.529706e-01 1.0
1  1.74e+04  0.03556071773  1.529706e-01 1.0
1  1.82e+04  0.03769666568  1.529706e-01 1.0
1  1.91e+04  0.04068735241  1.529706e-01 1.0
1  2.00e+04  0.04371394943  1.529706e-01 1.0
1  2.09e+04  0.04672732692  1.529706e-01 1.0
1  2.19e+04  0.05045631131  1.529706e-01 1.0
1  2.29e+04  0.05430774607  1.529706e-01 1.0
1  2.40e+04  0.0589153626  1.529706e-01 1.0
1  2.51e+04  0.06316195577  1.529706e-01 1.0
1  2.63e+04  0.06878985491  1.529706e-01 1.0
1  2.75e+04  0.07358175989  1.529706e-01 1.0
1  2.88e+04  0.08005334804  1.529706e-01 1.0
1  3.02e+04  0.08553876448  1.529706e-01 1.0
1  3.16e+04  0.09248684962  1.529706e-01 1.0
1  3.31e+04  0.09931675108  1.529706e-01 1.0
1  3.47e+04  0.1057517644  1.529706e-01 1.0
1  3.63e+04  0.1143433284  1.529706e-01 1.0
1  3.80e+04  0.1213633297  1.529706e-01 1.0
1  3.98e+04  0.1285294873  1.529706e-01 1.0
1  4.17e+04  0.1386906896  1.529706e-01 1.0
1  4.37e+04  0.1463362128  1.529706e-01 1.0
1  4.57e+04  0.1531385188  1.529706e-01 1.0
1  4.79e+04  0.1637977242  1.529706e-01 1.0
1  5.01e+04  0.1740619861  1.529706e-01 1.0
1  5.25e+04  0.1811909609  1.529706e-01 1.0
1  5.50e+04  0.1889928622  1.529706e-01 1.0
1  5.75e+04  0.199442365  1.529706e-01 1.0
1  6.03e+04  0.2104827392  1.529706e-01 1.0
1  6.31e+04  0.2201246988  1.529706e-01 1.0
1  6.61e+04  0.2281403289  1.529706e-01 1.0
1  6.92e+04  0.2356527535  1.529706e-01 1.0
1  7.24e+04  0.2443057504  1.529706e-01 1.0
1  7.59e+04  0.2548698727  1.529706e-01 1.0
1  7.94e+04  0.2663594506  1.529706e-01 1.0
1  8.32e+04  0.2769442069  1.529706e-01 1.0
1  8.71e+04  0.2856002038  1.529706e-01 1.0
1  9.12e+04  0.292705314  1.529706e-01 1.0
1  9.55e+04  0.2993898428  1.529706e-01 1.0
1  1.00e+05  0.3066264207  1.529706e-01 1.0
1  1.05e+05  0.3148173151  1.529706e-01 1.0
1  1.10e+05  0.3238918476  1.529706e-01 1.0
1  1.15e+05  0.3335457096  1.529706e-01 1.0
1  1.20e+05  0.3433856528  1.529706e-01 1.0
1  1.26e+05  0.3529938258  1.529706e-01 1.0
1  1.32e+05  0.3619932554  1.529706e-01 1.0
1  1.38e+05  0.3701262474  1.529706e-01 1.0
1  1.45e+05  0.3773055398  1.529706e-01 1.0
1  1.51e+05  0.3836103814  1.529706e-01 1.0
1  1.58e+05  0.3892355077  1.529706e-01 1.0
1  1.66e+05  0.3944216878  1.529706e-01 1.0
1  1.74e+05  0.3993954127  1.529706e-01 1.0
1  1.82e+05  0.4043325389  1.529706e-01 1.0
1  1.91e+05  0.40934705  1.529706e-01 1.0
1  2.00e+05  0.4144974685  1.529706e-01 1.0
1  2.09e+05  0.4198011081  1.529706e-01 1.0
1  2.19e+05  0.4252485194  1.529706e-01 1.0
1  2.29e+05  0.4308143454  1.529706e-01 1.0
1  2.40e+05  0.4364640755  1.529706e-01 1.0
1  2.51e+05  0.4421579077  1.529706e-01 1.0
1  2.63e+05  0.4478532189  1.529706e-01 1.0
1  2.75e+05  0.4535066519  1.529706e-01 1.0
1  2.88e+05  0.4590761867  1.529706e-01 1.0
1  3.02e+05  0.464523115  1.529706e-01 1.0
1  3.16e+05  0.4698136748  1.529706e-01 1.0
1  3.31e+05  0.4749201386  1.529706e-01 1.0
1  3.47e+05  0.4798212831  1.529706e-01 1.0
1  3.63e+05  0.4845022943  1.529706e-01 1.0
1  3.80e+05  0.488954244  1.529706e-01 1.0
1  3.98e+05  0.4931733015  1.529706e-01 1.0
1  4.17e+05  0.4971598318  1.529706e-01 1.0
1  4.37e+05  0.5009174956  1.529706e-01 1.0
1  4.57e+05  0.5044524263  1.529706e-01 1.0
1  4.79e+05  0.5077725223  1.529706e-01 1.0
1  5.01e+05  0.5108868675  1.529706e-01 1.0
1  5.25e+05  0.5138052728  1.529706e-01 1.0
1  5.50e+05  0.5165379249  1.529706e-01 1.0
1  5.75e+05  0.5190951237  1.529706e-01 1.0
1  6.03e+05  0.5214870901  1.529706e-01 1.0
1  6.31e+05  0.5237238283  1.529706e-01 1.0
1  6.61e+05  0.5258150296  1.529706e-01 1.0
1  6.92e+05  0.5277700068  1.529706e-01 1.0
1  7.24e+05  0.5295976523  1.529706e-01 1.0
1  7.59e+05  0.5313064129  1.529706e-01 1.0
1  7.94e+05  0.5329042777  1.529706e-01 1.0
1  8.32e+05  0.5343987756  1.529706e-01 1.0
1  8.71e+05  0.5357969799  1.529706e-01 1.0
1  9.12e+05  0.5371055188  1.529706e-01 1.0
1  9.55e+05  0.5383305888  1.529706e-01 1.0
1  1.00e+06  0.5394779722  1.529706e-01 1.0
1  1.05e+06  0.5405530558  1.529706e-01 1.0
1  1.10e+06  0.5415608507  1.529706e-01 1.0
1  1.15e+06  0.5425060136  1.529706e-01 1.0
1  1.20e+06  0.5433928676  1.529706e-01 1.0
1  1.26e+06  0.5442254231  1.529706e-01 1.0
1  1.32e+06  0.5450073984  1.529706e-01 1.0
1  1.38e+06  0.5457422392  1.529706e-01 1.0
1  1.45e+06  0.5464331382  1.529706e-01 1.0
1  1.51e+06  0.5470830529  1.529706e-01 1.0
1  1.58e+06  0.5476947231  1.529706e-01 1.0
1  1.66e+06  0.5482706869  1.529706e-01 1.0
1  1.74e+06  0.5488132958  1.529706e-01 1.0
1  1.82e+06  0.5493247297  1.529706e-01 1.0
1  1.91e+06  0.5498070113  1.529706e-01 1.0
1  2.00e+06  0.5502620114  1.529706e-01 1.0
1  2.09e+06  0.5506914683  1.529706e-01 1.0
1  2.19e+06  0.5510969965  1.529706e-01 1.0
1  2.29e+06  0.5514800944  1.529706e-01 1.0
1  2.40e+06  0.5518421549  1.529706e-01 1.0
1  2.51e+06  0.5521844724  1.529706e-01 1.0
1  2.63e+06  0.5525082521  1.529706e-01 1.0
1  2.75e+06  0.5528146148  1.529706e-01 1.0
1  2.88e+06  0.553104605  1.529706e-01 1.0
1  3.02e+06  0.5533791961  1.529706e-01 1.0
1  3.16e+06  0.5536392959  1.529706e-01 1.0
1  3.31e+06  0.5538857514  1.529706e-01 1.0
1  3.47e+06  0.5541193536  1.529706e-01 1.0
1  3.63e+06  0.5543408417  1.529706e-01 1.0
1  3.80e+06  0.5545509067  1.529706e-01 1.0
1  3.98e+06  0.5547501951  1.529706e-01 1.0
1  4.17e+06  0.5549393122  1.529706e-01 1.0
1  4.37e+06  0.5551188251  1.529706e-01 1.0
1  4.57e+06  0.5552892651  1.529706e-01 1.0
1  4.79e+06  0.5554511308  1.529706e-01 1.0
1  5.01e+06  0.5556048897  1.529706e-01 1.0
1  5.25e+06  0.5557509812  1.529706e-01 1.0
1  5.50e+06  0.5558898179  1.529706e-01 1.0
1  5.75e+06  0.5560217877  1.529706e-01 1.0
1  6.03e+06  0.5561472555  1.529706e-01 1.0
1  6.31e+06  0.5562665646  1.529706e-01 1.0
1  6.61e+06  0.5563800383  1.529706e-01 1.0
1  6.92e+06  0.5564879812  1.529706e-01 1.0
1  7.24e+06  0.5565906802  1.529706e-01 1.0
1  7.59e+06  0.5566884061  1.529706e-01 1.0
1  7.94e+06  0.5567814142  1.529706e-01 1.0
1  8.32e+06  0.5568699455  1.529706e-01 1.0
1  8.71e+06  0.5569542275  1.529706e-01 1.0
1  9.12e+06  0.5570344751  1.529706e-01 1.0
1  9.55e+06  0.5571108917  1.529706e-01 1.0
1  1.00e+07  0.5571836691  1.529706e-01 1.0
