1  1.00e-03  0.5562675344  1.652082e-01 1.08
1  1.05e-03  0.5562663276  1.652082e-01 1.08
1  1.10e-03  0.5562648955  1.652082e-01 1.08
1  1.15e-03  0.5562636022  1.652082e-01 1.08
1  1.20e-03  0.5562620275  1.652082e-01 1.08
1  1.26e-03  0.5562605289  1.652082e-01 1.08
1  1.32e-03  0.5562588232  1.652082e-01 1.08
1  1.38e-03  0.5562570587  1.652082e-01 1.08
1  1.45e-03  0.5562552708  1.652082e-01 1.08
1  1.51e-03  0.5562535133  1.652082e-01 1.08
1  1.58e-03  0.5562514415  1.652082e-01 1.08
1  1.66e-03  0.556249453  1.652082e-01 1.08
1  1.74e-03  0.5562473156  1.652082e-01 1.08
1  1.82e-03  0.5562450372  1.652082e-01 1.08
1  1.91e-03  0.5562426783  1.652082e-01 1.08
1  2.00e-03  0.5562401804  1.652082e-01 1.08
1  2.09e-03  0.5562375493  1.652082e-01 1.08
1  2.19e-03  0.5562348695  1.652082e-01 1.08
1  2.29e-03  0.556232069  1.652082e-01 1.08
1  2.40e-03  0.5562291309  1.652082e-01 1.08
1  2.51e-03  0.5562259608  1.652082e-01 1.08
1  2.63e-03  0.5562227285  1.652082e-01 1.08
1  2.75e-03  0.5562193032  1.652082e-01 1.08
1  2.88e-03  0.5562157436  1.652082e-01 1.08
1  3.02e-03  0.5562119837  1.652082e-01 1.08
1  3.16e-03  0.556208102  1.652082e-01 1.08
1  3.31e-03  0.5562039736  1.652082e-01 1.08
1  3.47e-03  0.5561996789  1.652082e-01 1.08
1  3.63e-03  0.556195193  1.652082e-01 1.08
1  3.80e-03  0.5561904972  1.652082e-01 1.08
1  3.98e-03  0.5561855443  1.652082e-01 1.08
1  4.17e-03  0.5561803968  1.652082e-01 1.08
1  4.37e-03  0.5561749974  1.652082e-01 1.08
1  4.57e-03  0.5561693211  1.652082e-01 1.08
1  4.79e-03  0.5561633909  1.652082e-01 1.08
1  5.01e-03  0.5561571765  1.652082e-01 1.08
1  5.25e-03  0.5561506838  1.652082e-01 1.08
1  5.50e-03  0.5561438796  1.652082e-01 1.08
1  5.75e-03  0.5561367487  1.652082e-01 1.08
1  6.03e-03  0.5561292751  1.652082e-01 1.08
1  6.31e-03  0.5561214538  1.652082e-01 1.08
1  6.61e-03  0.5561132555  1.652082e-01 1.08
1  6.92e-03  0.5561047023  1.652082e-01 1.08
1  7.24e-03  0.5560957193  1.652082e-01 1.08
1  7.59e-03  0.5560862873  1.652082e-01 1.08
1  7.94e-03  0.5560764635  1.652082e-01 1.08
1  8.32e-03  0.5560661274  1.652082e-01 1.08
1  8.71e-03  0.5560553206  1.652082e-01 1.08
1  9.12e-03  0.556044022  1.652082e-01 1.08
1  9.55e-03  0.5560321878  1.652082e-01 1.08
1  1.00e-02  0.5560197612  1.652082e-01 1.08
1  1.05e-02  0.5560067998  1.652082e-01 1.08
1  1.10e-02  0.5559931644  1.652082e-01 1.08
1  1.15e-02  0.5559789531  1.652082e-01 1.08
1  1.20e-02  0.5559640315  1.652082e-01 1.08
1  1.26e-02  0.555948381  1.652082e-01 1.08
1  1.32e-02  0.555932015  1.652082e-01 1.08
1  1.38e-02  0.5559149001  1.652082e-01 1.08
1  1.45e-02  0.5558969254  1.652082e-01 1.08
1  1.51e-02  0.5558781101  1.652082e-01 1.08
1  1.58e-02  0.5558584361  1.652082e-01 1.08
1  1.66e-02  0.5558378536  1.652082e-01 1.08
1  1.74e-02  0.5558162392  1.652082e-01 1.08
1  1.82e-02  0.5557936193  1.652082e-01 1.08
1  1.91e-02  0.5557699959  1.652082e-01 1.08
1  2.00e-02  0.555745176  1.652082e-01 1.08
1  2.09e-02  0.5557191735  1.652082e-01 1.08
1  2.19e-02  0.5556919442  1.652082e-01 1.08
1  2.29e-02  0.5556634751  1.652082e-01 1.08
1  2.40e-02  0.5556336418  1.652082e-01 1.08
1  2.51e-02  0.5556024125  1.652082e-01 1.08
1  2.63e-02  0.5555697133  1.652082e-01 1.08
1  2.75e-02  0.5555354489  1.652082e-01 1.08
1  2.88e-02  0.5554994654  1.652082e-01 1.08
1  3.02e-02  0.5554618825  1.652082e-01 1.08
1  3.16e-02  0.5554224208  1.652082e-01 1.08
1  3.31e-02  0.5553811625  1.652082e-01 1.08
1  3.47e-02  0.5553379555  1.652082e-01 1.08
1  3.63e-02  0.5552926647  1.652082e-01 1.08
1  3.80e-02  0.5552452978  1.652082e-01 1.08
1  3.98e-02  0.5551956597  1.652082e-01 1.08
1  4.17e-02  0.5551437162  1.652082e-01 1.08
1  4.37e-02  0.5550890527  1.652082e-01 1.08
1  4.57e-02  0.5550319959  1.652082e-01 1.08
1  4.79e-02  0.5549723161  1.652082e-01 1.08
1  5.01e-02  0.5549096969  1.652082e-01 1.08
1  5.25e-02  0.5548440635  1.652082e-01 1.08
1  5.50e-02  0.5547751701  1.652082e-01 1.08
1  5.75e-02  0.5547030971  1.652082e-01 1.08
1  6.03e-02  0.5546276353  1.652082e-01 1.08
1  6.31e-02  0.5545487795  1.652082e-01 1.08
1  6.61e-02  0.5544659439  1.652082e-01 1.08
1  6.92e-02  0.5543791481  1.652082e-01 1.08
1  7.24e-02  0.5542880269  1.652082e-01 1.08
1  7.59e-02  0.5541928264  1.652082e-01 1.08
1  7.94e-02  0.5540930742  1.652082e-01 1.08
1  8.32e-02  0.5539885681  1.652082e-01 1.08
1  8.71e-02  0.5538787797  1.652082e-01 1.08
1  9.12e-02  0.5537638237  1.652082e-01 1.08
1  9.55e-02  0.5536437892  1.652082e-01 1.08
1  1.00e-01  0.5535174629  1.652082e-01 1.08
1  1.05e-01  0.5533850357  1.652082e-01 1.08
1  1.10e-01  0.553246923  1.652082e-01 1.08
1  1.15e-01  0.5531017084  1.652082e-01 1.08
1  1.20e-01  0.5529494116  1.652082e-01 1.08
1  1.26e-01  0.5527897171  1.652082e-01 1.08
1  1.32e-01  0.552622202  1.652082e-01 1.08
1  1.38e-01  0.5524473093  1.652082e-01 1.08
1  1.45e-01  0.5522634549  1.652082e-01 1.08
1  1.51e-01  0.5520705132  1.652082e-01 1.08
1  1.58e-01  0.551868447  1.652082e-01 1.08
1  1.66e-01  0.5516570657  1.652082e-01 1.08
1  1.74e-01  0.5514345727  1.652082e-01 1.08
1  1.82e-01  0.5512020132  1.652082e-01 1.08
1  1.91e-01  0.5509573896  1.652082e-01 1.08
1  2.00e-01  0.5507007098  1.652082e-01 1.08
1  2.09e-01  0.5504323312  1.652082e-01 1.08
1  2.19e-01  0.5501501249  1.652082e-01 1.08
1  2.29e-01  0.5498549083  1.652082e-01 1.08
1  2.40e-01  0.5495442233  1.652082e-01 1.08
1  2.51e-01  0.5492196758  1.652082e-01 1.08
1  2.63e-01  0.5488771712  1.652082e-01 1.08
1  2.75e-01  0.548518737  1.652082e-01 1.08
1  2.88e-01  0.5481434583  1.652082e-01 1.08
1  3.02e-01  0.5477491488  1.652082e-01 1.08
1  3.16e-01  0.5473337034  1.652082e-01 1.08
1  3.31e-01  0.5468999897  1.652082e-01 1.08
1  3.47e-01  0.5464421731  1.652082e-01 1.08
1  3.63e-01  0.5459631034  1.652082e-01 1.08
1  3.80e-01  0.5454590363  1.652082e-01 1.08
1  3.98e-01  0.5449319388  1.652082e-01 1.08
1  4.17e-01  0.5443765578  1.652082e-01 1.08
1  4.37e-01  0.5437927339  1.652082e-01 1.08
1  4.57e-01  0.5431797496  1.652082e-01 1.08
1  4.79e-01  0.5425366563  1.652082e-01 1.08
1  5.01e-01  0.5418584966  1.652082e-01 1.08
1  5.25e-01  0.5411480598  1.652082e-01 1.08
1  5.50e-01  0.540401342  1.652082e-01 1.08
1  5.75e-01  0.5396135566  1.652082e-01 1.08
1  6.03e-01  0.5387890708  1.652082e-01 1.08
1  6.31e-01  0.5379208887  1.652082e-01 1.08
1  6.61e-01  0.5370053314  1.652082e-01 1.08
1  6.92e-01  0.536043831  1.652082e-01 1.08
1  7.24e-01  0.5350355681  1.652082e-01 1.08
1  7.59e-01  0.5339722617  1.652082e-01 1.08
1  7.94e-01  0.5328499059  1.652082e-01 1.08
1  8.32e-01  0.5316734591  1.652082e-01 1.08
1  8.71e-01  0.5304326683  1.652082e-01 1.08
1  9.12e-01  0.5291309591  1.652082e-01 1.08
1  9.55e-01  0.5277535982  1.652082e-01 1.08
1  1.00e+00  0.5263072493  1.652082e-01 1.08
1  1.05e+00  0.5247882405  1.652082e-01 1.08
1  1.10e+00  0.5231848771  1.652082e-01 1.08
1  1.15e+00  0.5214946628  1.652082e-01 1.08
1  1.20e+00  0.5197181381  1.652082e-01 1.08
1  1.26e+00  0.5178418286  1.652082e-01 1.08
1  1.32e+00  0.5158698219  1.652082e-01 1.08
1  1.38e+00  0.513799387  1.652082e-01 1.08
1  1.45e+00  0.5116113943  1.652082e-01 1.08
1  1.51e+00  0.509308259  1.652082e-01 1.08
1  1.58e+00  0.5068852982  1.652082e-01 1.08
1  1.66e+00  0.5043343032  1.652082e-01 1.08
1  1.74e+00  0.5016604617  1.652082e-01 1.08
1  1.82e+00  0.4988390377  1.652082e-01 1.08
1  1.91e+00  0.4958775037  1.652082e-01 1.08
1  2.00e+00  0.4927595622  1.652082e-01 1.08
1  2.09e+00  0.4894971878  1.652082e-01 1.08
1  2.19e+00  0.4860693014  1.652082e-01 1.08
1  2.29e+00  0.4824691223  1.652082e-01 1.08
1  2.40e+00  0.4787158588  1.652082e-01 1.08
1  2.51e+00  0.4747777552  1.652082e-01 1.08
1  2.63e+00  0.4706662783  1.652082e-01 1.08
1  2.75e+00  0.4663808585  1.652082e-01 1.08
1  2.88e+00  0.4619336264  1.652082e-01 1.08
1  3.02e+00  0.4573020588  1.652082e-01 1.08
1  3.16e+00  0.4525041914  1.652082e-01 1.08
1  3.31e+00  0.4475380958  1.652082e-01 1.08
1  3.47e+00  0.4424050276  1.652082e-01 1.08
1  3.63e+00  0.4371425777  1.652082e-01 1.08
1  3.80e+00  0.4317558735  1.652082e-01 1.08
1  3.98e+00  0.4262354874  1.652082e-01 1.08
1  4.17e+00  0.4206110678  1.652082e-01 1.08
1  4.37e+00  0.4149298361  1.652082e-01 1.08
1  4.57e+00  0.4091679024  1.652082e-01 1.08
1  4.79e+00  0.4034076995  1.652082e-01 1.08
1  5.01e+00  0.397618325  1.652082e-01 1.08
1  5.25e+00  0.3918463545  1.652082e-01 1.08
1  5.50e+00  0.3861489225  1.652082e-01 1.08
1  5.75e+00  0.3805086299  1.652082e-01 1.08
1  6.03e+00  0.3749924847  1.652082e-01 1.08
1  6.31e+00  0.3696176668  1.652082e-01 1.08
1  6.61e+00  0.364370853  1.652082e-01 1.08
1  6.92e+00  0.3593121213  1.652082e-01 1.08
1  7.24e+00  0.3544509234  1.652082e-01 1.08
1  7.59e+00  0.349783906  1.652082e-01 1.08
1  7.94e+00  0.3453714371  1.652082e-01 1.08
1  8.32e+00  0.3411609113  1.652082e-01 1.08
1  8.71e+00  0.3371748171  1.652082e-01 1.08
1  9.12e+00  0.3334479808  1.652082e-01 1.08
1  9.55e+00  0.329938168  1.652082e-01 1.08
1  1.00e+01  0.3266680964  1.652082e-01 1.08
1  1.05e+01  0.3236207379  1.652082e-01 1.08
1  1.10e+01  0.3208379602  1.652082e-01 1.08
1  1.15e+01  0.3181626834  1.652082e-01 1.08
1  1.20e+01  0.3157679241  1.652082e-01 1.08
1  1.26e+01  0.3135163787  1.652082e-01 1.08
1  1.32e+01  0.3114291757  1.652082e-01 1.08
1  1.38e+01  0.3095493011  1.652082e-01 1.08
1  1.45e+01  0.3077967625  1.652082e-01 1.08
1  1.51e+01  0.3062033696  1.652082e-01 1.08
1  1.58e+01  0.3047254836  1.652082e-01 1.08
1  1.66e+01  0.3033706165  1.652082e-01 1.08
1  1.74e+01  0.3021306038  1.652082e-01 1.08
1  1.82e+01  0.3009811576  1.652082e-01 1.08
1  1.91e+01  0.2999297084  1.652082e-01 1.08
1  2.00e+01  0.2989427494  1.652082e-01 1.08
1  2.09e+01  0.2980688575  1.652082e-01 1.08
1  2.19e+01  0.2972258537  1.652082e-01 1.08
1  2.29e+01  0.2964733797  1.652082e-01 1.08
1  2.40e+01  0.2957531057  1.652082e-01 1.08
1  2.51e+01  0.2950850366  1.652082e-01 1.08
1  2.63e+01  0.2944576118  1.652082e-01 1.08
1  2.75e+01  0.2938666592  1.652082e-01 1.08
1  2.88e+01  0.2933099337  1.652082e-01 1.08
1  3.02e+01  0.2927497902  1.652082e-01 1.08
1  3.16e+01  0.2922518655  1.652082e-01 1.08
1  3.31e+01  0.2917610962  1.652082e-01 1.08
1  3.47e+01  0.2912728659  1.652082e-01 1.08
1  3.63e+01  0.2907893552  1.652082e-01 1.08
1  3.80e+01  0.2903231458  1.652082e-01 1.08
1  3.98e+01  0.2898689368  1.652082e-01 1.08
1  4.17e+01  0.2894064058  1.652082e-01 1.08
1  4.37e+01  0.288928134  1.652082e-01 1.08
1  4.57e+01  0.288425892  1.652082e-01 1.08
1  4.79e+01  0.2879280586  1.652082e-01 1.08
1  5.01e+01  0.2873945436  1.652082e-01 1.08
1  5.25e+01  0.2868470071  1.652082e-01 1.08
1  5.50e+01  0.2862594315  1.652082e-01 1.08
1  5.75e+01  0.2856501025  1.652082e-01 1.08
1  6.03e+01  0.2849806007  1.652082e-01 1.08
1  6.31e+01  0.2842518602  1.652082e-01 1.08
1  6.61e+01  0.2834583321  1.652082e-01 1.08
1  6.92e+01  0.2826168288  1.652082e-01 1.08
1  7.24e+01  0.2816598239  1.652082e-01 1.08
1  7.59e+01  0.280582304  1.652082e-01 1.08
1  7.94e+01  0.2793944165  1.652082e-01 1.08
1  8.32e+01  0.2780773946  1.652082e-01 1.08
1  8.71e+01  0.2765552058  1.652082e-01 1.08
1  9.12e+01  0.2748335252  1.652082e-01 1.08
1  9.55e+01  0.2728233058  1.652082e-01 1.08
1  1.00e+02  0.2705370934  1.652082e-01 1.08
1  1.05e+02  0.2678499664  1.652082e-01 1.08
1  1.10e+02  0.2647014888  1.652082e-01 1.08
1  1.15e+02  0.2609803243  1.652082e-01 1.08
1  1.20e+02  0.2565610023  1.652082e-01 1.08
1  1.26e+02  0.2512469459  1.652082e-01 1.08
1  1.32e+02  0.2448469835  1.652082e-01 1.08
1  1.38e+02  0.2371568531  1.652082e-01 1.08
1  1.45e+02  0.2278438064  1.652082e-01 1.08
1  1.51e+02  0.2167250526  1.652082e-01 1.08
1  1.58e+02  0.2035560167  1.652082e-01 1.08
1  1.66e+02  0.1883200216  1.652082e-01 1.08
1  1.74e+02  0.171284869  1.652082e-01 1.08
1  1.82e+02  0.1530744496  1.652082e-01 1.08
1  1.91e+02  0.134618947  1.652082e-01 1.08
1  2.00e+02  0.1169208871  1.652082e-01 1.08
1  2.09e+02  0.1008753463  1.652082e-01 1.08
1  2.19e+02  0.08700839724  1.652082e-01 1.08
1  2.29e+02  0.07545800044  1.652082e-01 1.08
1  2.40e+02  0.06607146341  1.652082e-01 1.08
1  2.51e+02  0.0585707858  1.652082e-01 1.08
1  2.63e+02  0.05261851618  1.652082e-01 1.08
1  2.75e+02  0.04791431187  1.652082e-01 1.08
1  2.88e+02  0.04419276399  1.652082e-01 1.08
1  3.02e+02  0.04122785271  1.652082e-01 1.08
1  3.16e+02  0.03885457347  1.652082e-01 1.08
1  3.31e+02  0.0369453186  1.652082e-01 1.08
1  3.47e+02  0.035402854  1.652082e-01 1.08
1  3.63e+02  0.03414070515  1.652082e-01 1.08
1  3.80e+02  0.03310714522  1.652082e-01 1.08
1  3.98e+02  0.03225167979  1.652082e-01 1.08
1  4.17e+02  0.03154272965  1.652082e-01 1.08
1  4.37e+02  0.03094796374  1.652082e-01 1.08
1  4.57e+02  0.03045141807  1.652082e-01 1.08
1  4.79e+02  0.03002959704  1.652082e-01 1.08
1  5.01e+02  0.02967400923  1.652082e-01 1.08
1  5.25e+02  0.0293685161  1.652082e-01 1.08
1  5.50e+02  0.02910926444  1.652082e-01 1.08
1  5.75e+02  0.02888359079  1.652082e-01 1.08
1  6.03e+02  0.02868979357  1.652082e-01 1.08
1  6.31e+02  0.02852269078  1.652082e-01 1.08
1  6.61e+02  0.0283791088  1.652082e-01 1.08
1  6.92e+02  0.02825519384  1.652082e-01 1.08
1  7.24e+02  0.02814313652  1.652082e-01 1.08
1  7.59e+02  0.02804948419  1.652082e-01 1.08
1  7.94e+02  0.02796333952  1.652082e-01 1.08
1  8.32e+02  0.02789140048  1.652082e-01 1.08
1  8.71e+02  0.02782577701  1.652082e-01 1.08
1  9.12e+02  0.0277682877  1.652082e-01 1.08
1  9.55e+02  0.02771761289  1.652082e-01 1.08
1  1.00e+03  0.02767223443  1.652082e-01 1.08
1  1.05e+03  0.02763248694  1.652082e-01 1.08
1  1.10e+03  0.02759834745  1.652082e-01 1.08
1  1.15e+03  0.02756635933  1.652082e-01 1.08
1  1.20e+03  0.02753791711  1.652082e-01 1.08
1  1.26e+03  0.02751330617  1.652082e-01 1.08
1  1.32e+03  0.02749133303  1.652082e-01 1.08
1  1.38e+03  0.02747248548  1.652082e-01 1.08
1  1.45e+03  0.02745438271  1.652082e-01 1.08
1  1.51e+03  0.02743748626  1.652082e-01 1.08
1  1.58e+03  0.02742435945  1.652082e-01 1.08
1  1.66e+03  0.02741172862  1.652082e-01 1.08
1  1.74e+03  0.02740039292  1.652082e-01 1.08
1  1.82e+03  0.02738961359  1.652082e-01 1.08
1  1.91e+03  0.02738059099  1.652082e-01 1.08
1  2.00e+03  0.02737206706  1.652082e-01 1.08
1  2.09e+03  0.0273651829  1.652082e-01 1.08
1  2.19e+03  0.02735851214  1.652082e-01 1.08
1  2.29e+03  0.02735104796  1.652082e-01 1.08
1  2.40e+03  0.02734576651  1.652082e-01 1.08
1  2.51e+03  0.0273415087  1.652082e-01 1.08
1  2.63e+03  0.02733676902  1.652082e-01 1.08
1  2.75e+03  0.0273331353  1.652082e-01 1.08
1  2.88e+03  0.02732894983  1.652082e-01 1.08
1  3.02e+03  0.02732631501  1.652082e-01 1.08
1  3.16e+03  0.02732372974  1.652082e-01 1.08
1  3.31e+03  0.02731995115  1.652082e-01 1.08
1  3.47e+03  0.0273180155  1.652082e-01 1.08
1  3.63e+03  0.02731592124  1.652082e-01 1.08
1  3.80e+03  0.02731391249  1.652082e-01 1.08
1  3.98e+03  0.02731210821  1.652082e-01 1.08
1  4.17e+03  0.02730982529  1.652082e-01 1.08
1  4.37e+03  0.02730579806  1.652082e-01 1.08
1  4.57e+03  0.02730803179  1.652082e-01 1.08
1  4.79e+03  0.02730355913  1.652082e-01 1.08
1  5.01e+03  0.02730404736  1.652082e-01 1.08
1  5.25e+03  0.0273059331  1.652082e-01 1.08
1  5.50e+03  0.0273093211  1.652082e-01 1.08
1  5.75e+03  0.0272992627  1.652082e-01 1.08
1  6.03e+03  0.02730450507  1.652082e-01 1.08
1  6.31e+03  0.02730839065  1.652082e-01 1.08
1  6.61e+03  0.0273009622  1.652082e-01 1.08
1  6.92e+03  0.02731311411  1.652082e-01 1.08
1  7.24e+03  0.02732107499  1.652082e-01 1.08
1  7.59e+03  0.02730765104  1.652082e-01 1.08
1  7.94e+03  0.02736181525  1.652082e-01 1.08
1  8.32e+03  0.02736198953  1.652082e-01 1.08
1  8.71e+03  0.0273507782  1.652082e-01 1.08
1  9.12e+03  0.02740942006  1.652082e-01 1.08
1  9.55e+03  0.02751719063  1.652082e-01 1.08
1  1.00e+04  0.02763528038  1.652082e-01 1.08
1  1.05e+04  0.02773955608  1.652082e-01 1.08
1  1.10e+04  0.02789489121  1.652082e-01 1.08
1  1.15e+04  0.02805239897  1.652082e-01 1.08
1  1.20e+04  0.02834039433  1.652082e-01 1.08
1  1.26e+04  0.02867945291  1.652082e-01 1.08
1  1.32e+04  0.02907161682  1.652082e-01 1.08
1  1.38e+04  0.02953989492  1.652082e-01 1.08
1  1.45e+04  0.03005067144  1.652082e-01 1.08
1  1.51e+04  0.03072703078  1.652082e-01 1.08
1  1.58e+04  0.03173938903  1.652082e-01 1.08
1  1.66e+04  0.03298168974  1.652082e-01 1.08
1  1.74e+04  0.0341519445  1.652082e-01 1.08
1  1.82e+04  0.0353274239  1.652082e-01 1.08
1  1.91e+04  0.03727272207  1.652082e-01 1.08
1  2.00e+04  0.03970556268  1.652082e-01 1.08
1  2.09e+04  0.04148326211  1.652082e-01 1.08
1  2.19e+04  0.04409758971  1.652082e-01 1.08
1  2.29e+04  0.0472878383  1.652082e-01 1.08
1  2.40e+04  0.05019136693  1.652082e-01 1.08
1  2.51e+04  0.05390637026  1.652082e-01 1.08
1  2.63e+04  0.05784417411  1.652082e-01 1.08
1  2.75e+04  0.06194182044  1.652082e-01 1.08
1  2.88e+04  0.06681949044  1.652082e-01 1.08
1  3.02e+04  0.07159385142  1.652082e-01 1.08
1  3.16e+04  0.07694024063  1.652082e-01 1.08
1  3.31e+04  0.08313695491  1.652082e-01 1.08
1  3.47e+04  0.08809123699  1.652082e-01 1.08
1  3.63e+04  0.09588265872  1.652082e-01 1.08
1  3.80e+04  0.1019159468  1.652082e-01 1.08
1  3.98e+04  0.1079773899  1.652082e-01 1.08
1  4.17e+04  0.1174390015  1.652082e-01 1.08
1  4.37e+04  0.1241918242  1.652082e-01 1.08
1  4.57e+04  0.1302707547  1.652082e-01 1.08
1  4.79e+04  0.140222319  1.652082e-01 1.08
1  5.01e+04  0.1497973954  1.652082e-01 1.08
1  5.25e+04  0.1565610849  1.652082e-01 1.08
1  5.50e+04  0.1639101803  1.652082e-01 1.08
1  5.75e+04  0.1737057744  1.652082e-01 1.08
1  6.03e+04  0.1844202386  1.652082e-01 1.08
1  6.31e+04  0.1940800021  1.652082e-01 1.08
1  6.61e+04  0.2019712782  1.652082e-01 1.08
1  6.92e+04  0.2091271788  1.652082e-01 1.08
1  7.24e+04  0.2175356698  1.652082e-01 1.08
1  7.59e+04  0.2281575286  1.652082e-01 1.08
1  7.94e+04  0.2398775068  1.652082e-01 1.08
1  8.32e+04  0.2506896955  1.652082e-01 1.08
1  8.71e+04  0.2595197657  1.652082e-01 1.08
1  9.12e+04  0.2667698884  1.652082e-01 1.08
1  9.55e+04  0.2735931261  1.652082e-01 1.08
1  1.00e+05  0.2809820774  1.652082e-01 1.08
1  1.05e+05  0.2893812484  1.652082e-01 1.08
1  1.10e+05  0.298774554  1.652082e-01 1.08
1  1.15e+05  0.3088862811  1.652082e-01 1.08
1  1.20e+05  0.3193023718  1.652082e-01 1.08
1  1.26e+05  0.3295463391  1.652082e-01 1.08
1  1.32e+05  0.3391756815  1.652082e-01 1.08
1  1.38e+05  0.3478860241  1.652082e-01 1.08
1  1.45e+05  0.3555713981  1.652082e-01 1.08
1  1.51e+05  0.3623156811  1.652082e-01 1.08
1  1.58e+05  0.3683313652  1.652082e-01 1.08
1  1.66e+05  0.3738808074  1.652082e-01 1.08
1  1.74e+05  0.3792102327  1.652082e-01 1.08
1  1.82e+05  0.3845111454  1.652082e-01 1.08
1  1.91e+05  0.3899089474  1.652082e-01 1.08
1  2.00e+05  0.3954699553  1.652082e-01 1.08
1  2.09e+05  0.4012162223  1.652082e-01 1.08
1  2.19e+05  0.407140308  1.652082e-01 1.08
1  2.29e+05  0.4132163234  1.652082e-01 1.08
1  2.40e+05  0.4194069256  1.652082e-01 1.08
1  2.51e+05  0.4256675784  1.652082e-01 1.08
1  2.63e+05  0.4319495704  1.652082e-01 1.08
1  2.75e+05  0.4382027225  1.652082e-01 1.08
1  2.88e+05  0.4443780505  1.652082e-01 1.08
1  3.02e+05  0.4504302283  1.652082e-01 1.08
1  3.16e+05  0.456319564  1.652082e-01 1.08
1  3.31e+05  0.4620132855  1.652082e-01 1.08
1  3.47e+05  0.4674860803  1.652082e-01 1.08
1  3.63e+05  0.4727199788  1.652082e-01 1.08
1  3.80e+05  0.4777037504  1.652082e-01 1.08
1  3.98e+05  0.4824320038  1.652082e-01 1.08
1  4.17e+05  0.4869041656  1.652082e-01 1.08
1  4.37e+05  0.4911234638  1.652082e-01 1.08
1  4.57e+05  0.4950960009  1.652082e-01 1.08
1  4.79e+05  0.498829956  1.652082e-01 1.08
1  5.01e+05  0.5023349303  1.652082e-01 1.08
1  5.25e+05  0.5056214274  1.652082e-01 1.08
1  5.50e+05  0.5087004527  1.652082e-01 1.08
1  5.75e+05  0.5115832111  1.652082e-01 1.08
1  6.03e+05  0.5142808833  1.652082e-01 1.08
1  6.31e+05  0.5168044633  1.652082e-01 1.08
1  6.61e+05  0.5191646422  1.652082e-01 1.08
1  6.92e+05  0.5213717277  1.652082e-01 1.08
1  7.24e+05  0.5234355901  1.652082e-01 1.08
1  7.59e+05  0.5253656282  1.652082e-01 1.08
1  7.94e+05  0.5271707503  1.652082e-01 1.08
1  8.32e+05  0.5288593674  1.652082e-01 1.08
1  8.71e+05  0.5304393943  1.652082e-01 1.08
1  9.12e+05  0.531918258  1.652082e-01 1.08
1  9.55e+05  0.533302911  1.652082e-01 1.08
1  1.00e+06  0.5345998478  1.652082e-01 1.08
1  1.05e+06  0.5358151245  1.652082e-01 1.08
1  1.10e+06  0.53695438  1.652082e-01 1.08
1  1.15e+06  0.5380228582  1.652082e-01 1.08
1  1.20e+06  0.5390254304  1.652082e-01 1.08
1  1.26e+06  0.5399666188  1.652082e-01 1.08
1  1.32e+06  0.5408506179  1.652082e-01 1.08
1  1.38e+06  0.541681317  1.652082e-01 1.08
1  1.45e+06  0.5424623212  1.652082e-01 1.08
1  1.51e+06  0.5431969712  1.652082e-01 1.08
1  1.58e+06  0.5438883629  1.652082e-01 1.08
1  1.66e+06  0.544539365  1.652082e-01 1.08
1  1.74e+06  0.5451526364  1.652082e-01 1.08
1  1.82e+06  0.5457306425  1.652082e-01 1.08
1  1.91e+06  0.5462756701  1.652082e-01 1.08
1  2.00e+06  0.546789836  1.652082e-01 1.08
1  2.09e+06  0.5472751081  1.652082e-01 1.08
1  2.19e+06  0.5477333123  1.652082e-01 1.08
1  2.29e+06  0.5481661448  1.652082e-01 1.08
1  2.40e+06  0.5485751817  1.652082e-01 1.08
1  2.51e+06  0.548961889  1.652082e-01 1.08
1  2.63e+06  0.5493276299  1.652082e-01 1.08
1  2.75e+06  0.5496736737  1.652082e-01 1.08
1  2.88e+06  0.5500012027  1.652082e-01 1.08
1  3.02e+06  0.5503113188  1.652082e-01 1.08
1  3.16e+06  0.5506050495  1.652082e-01 1.08
1  3.31e+06  0.5508833536  1.652082e-01 1.08
1  3.47e+06  0.5511471267  1.652082e-01 1.08
1  3.63e+06  0.5513972054  1.652082e-01 1.08
1  3.80e+06  0.5516343717  1.652082e-01 1.08
1  3.98e+06  0.5518593575  1.652082e-01 1.08
1  4.17e+06  0.5520728479  1.652082e-01 1.08
1  4.37e+06  0.5522754844  1.652082e-01 1.08
1  4.57e+06  0.5524678685  1.652082e-01 1.08
1  4.79e+06  0.552650564  1.652082e-01 1.08
1  5.01e+06  0.5528241004  1.652082e-01 1.08
1  5.25e+06  0.5529889745  1.652082e-01 1.08
1  5.50e+06  0.5531456531  1.652082e-01 1.08
1  5.75e+06  0.5532945749  1.652082e-01 1.08
1  6.03e+06  0.5534361528  1.652082e-01 1.08
1  6.31e+06  0.5535707749  1.652082e-01 1.08
1  6.61e+06  0.553698807  1.652082e-01 1.08
1  6.92e+06  0.5538205932  1.652082e-01 1.08
1  7.24e+06  0.5539364583  1.652082e-01 1.08
1  7.59e+06  0.5540467082  1.652082e-01 1.08
1  7.94e+06  0.5541516315  1.652082e-01 1.08
1  8.32e+06  0.5542515007  1.652082e-01 1.08
1  8.71e+06  0.554346573  1.652082e-01 1.08
1  9.12e+06  0.5544370912  1.652082e-01 1.08
1  9.55e+06  0.5545232851  1.652082e-01 1.08
1  1.00e+07  0.5546053715  1.652082e-01 1.08
