1  1.00e-03  0.556780127  5.571974e-01 1.004
1  1.06e-03  0.5567784984  5.571974e-01 1.004
1  1.12e-03  0.5567768009  5.571974e-01 1.004
1  1.19e-03  0.5567750641  5.571974e-01 1.004
1  1.26e-03  0.5567731458  5.571974e-01 1.004
1  1.33e-03  0.5567710818  5.571974e-01 1.004
1  1.41e-03  0.5567689365  5.571974e-01 1.004
1  1.50e-03  0.5567666296  5.571974e-01 1.004
1  1.58e-03  0.5567640897  5.571974e-01 1.004
1  1.68e-03  0.5567615911  5.571974e-01 1.004
1  1.78e-03  0.5567588125  5.571974e-01 1.004
1  1.88e-03  0.5567559  5.571974e-01 1.004
1  2.00e-03  0.5567528764  5.571974e-01 1.004
1  2.11e-03  0.5567496142  5.571974e-01 1.004
1  2.24e-03  0.5567461858  5.571974e-01 1.004
1  2.37e-03  0.556742618  5.571974e-01 1.004
1  2.51e-03  0.5567386996  5.571974e-01 1.004
1  2.66e-03  0.5567346461  5.571974e-01 1.004
1  2.82e-03  0.5567303037  5.571974e-01 1.004
1  2.99e-03  0.5567257399  5.571974e-01 1.004
1  3.16e-03  0.55672092  5.571974e-01 1.004
1  3.35e-03  0.5567157667  5.571974e-01 1.004
1  3.55e-03  0.5567103431  5.571974e-01 1.004
1  3.76e-03  0.5567045486  5.571974e-01 1.004
1  3.98e-03  0.5566984528  5.571974e-01 1.004
1  4.22e-03  0.5566920002  5.571974e-01 1.004
1  4.47e-03  0.5566851473  5.571974e-01 1.004
1  4.73e-03  0.556677873  5.571974e-01 1.004
1  5.01e-03  0.5566701956  5.571974e-01 1.004
1  5.31e-03  0.5566620526  5.571974e-01 1.004
1  5.62e-03  0.5566534252  5.571974e-01 1.004
1  5.96e-03  0.5566442881  5.571974e-01 1.004
1  6.31e-03  0.5566345962  5.571974e-01 1.004
1  6.68e-03  0.5566243416  5.571974e-01 1.004
1  7.08e-03  0.5566134969  5.571974e-01 1.004
1  7.50e-03  0.5566019731  5.571974e-01 1.004
1  7.94e-03  0.5565897815  5.571974e-01 1.004
1  8.41e-03  0.5565768486  5.571974e-01 1.004
1  8.91e-03  0.556563191  5.571974e-01 1.004
1  9.44e-03  0.5565486889  5.571974e-01 1.004
1  1.00e-02  0.5565333089  5.571974e-01 1.004
1  1.06e-02  0.5565170796  5.571974e-01 1.004
1  1.12e-02  0.5564998037  5.571974e-01 1.004
1  1.19e-02  0.5564815402  5.571974e-01 1.004
1  1.26e-02  0.5564621984  5.571974e-01 1.004
1  1.33e-02  0.5564417526  5.571974e-01 1.004
1  1.41e-02  0.5564200478  5.571974e-01 1.004
1  1.50e-02  0.5563970301  5.571974e-01 1.004
1  1.58e-02  0.556372661  5.571974e-01 1.004
1  1.68e-02  0.5563468302  5.571974e-01 1.004
1  1.78e-02  0.5563194997  5.571974e-01 1.004
1  1.88e-02  0.5562905205  5.571974e-01 1.004
1  2.00e-02  0.5562598477  5.571974e-01 1.004
1  2.11e-02  0.5562272945  5.571974e-01 1.004
1  2.24e-02  0.5561927747  5.571974e-01 1.004
1  2.37e-02  0.5561563301  5.571974e-01 1.004
1  2.51e-02  0.5561175784  5.571974e-01 1.004
1  2.66e-02  0.5560766276  5.571974e-01 1.004
1  2.82e-02  0.556033229  5.571974e-01 1.004
1  2.99e-02  0.5559871213  5.571974e-01 1.004
1  3.16e-02  0.5559383951  5.571974e-01 1.004
1  3.35e-02  0.5558866919  5.571974e-01 1.004
1  3.55e-02  0.5558320039  5.571974e-01 1.004
1  3.76e-02  0.5557738983  5.571974e-01 1.004
1  3.98e-02  0.555712565  5.571974e-01 1.004
1  4.22e-02  0.555647385  5.571974e-01 1.004
1  4.47e-02  0.5555782036  5.571974e-01 1.004
1  4.73e-02  0.5555051704  5.571974e-01 1.004
1  5.01e-02  0.5554276469  5.571974e-01 1.004
1  5.31e-02  0.5553453837  5.571974e-01 1.004
1  5.62e-02  0.5552581722  5.571974e-01 1.004
1  5.96e-02  0.5551660868  5.571974e-01 1.004
1  6.31e-02  0.5550680999  5.571974e-01 1.004
1  6.68e-02  0.5549644778  5.571974e-01 1.004
1  7.08e-02  0.5548543209  5.571974e-01 1.004
1  7.50e-02  0.5547379666  5.571974e-01 1.004
1  7.94e-02  0.5546144828  5.571974e-01 1.004
1  8.41e-02  0.5544834318  5.571974e-01 1.004
1  8.91e-02  0.5543446321  5.571974e-01 1.004
1  9.44e-02  0.5541970779  5.571974e-01 1.004
1  1.00e-01  0.5540412723  5.571974e-01 1.004
1  1.06e-01  0.5538753201  5.571974e-01 1.004
1  1.12e-01  0.5537000918  5.571974e-01 1.004
1  1.19e-01  0.5535135524  5.571974e-01 1.004
1  1.26e-01  0.5533165691  5.571974e-01 1.004
1  1.33e-01  0.5531071042  5.571974e-01 1.004
1  1.41e-01  0.5528846791  5.571974e-01 1.004
1  1.50e-01  0.5526488047  5.571974e-01 1.004
1  1.58e-01  0.5523992607  5.571974e-01 1.004
1  1.68e-01  0.552133401  5.571974e-01 1.004
1  1.78e-01  0.5518524857  5.571974e-01 1.004
1  1.88e-01  0.5515537618  5.571974e-01 1.004
1  2.00e-01  0.5512363821  5.571974e-01 1.004
1  2.11e-01  0.5509004618  5.571974e-01 1.004
1  2.24e-01  0.5505432722  5.571974e-01 1.004
1  2.37e-01  0.5501640619  5.571974e-01 1.004
1  2.51e-01  0.5497611651  5.571974e-01 1.004
1  2.66e-01  0.5493333124  5.571974e-01 1.004
1  2.82e-01  0.5488787045  5.571974e-01 1.004
1  2.99e-01  0.5483961639  5.571974e-01 1.004
1  3.16e-01  0.5478845608  5.571974e-01 1.004
1  3.35e-01  0.5473400375  5.571974e-01 1.004
1  3.55e-01  0.5467608062  5.571974e-01 1.004
1  3.76e-01  0.5461459272  5.571974e-01 1.004
1  3.98e-01  0.5454925727  5.571974e-01 1.004
1  4.22e-01  0.5447972841  5.571974e-01 1.004
1  4.47e-01  0.5440584531  5.571974e-01 1.004
1  4.73e-01  0.5432722068  5.571974e-01 1.004
1  5.01e-01  0.5424337035  5.571974e-01 1.004
1  5.31e-01  0.5415452915  5.571974e-01 1.004
1  5.62e-01  0.5405960858  5.571974e-01 1.004
1  5.96e-01  0.5395877669  5.571974e-01 1.004
1  6.31e-01  0.5385157099  5.571974e-01 1.004
1  6.68e-01  0.537372851  5.571974e-01 1.004
1  7.08e-01  0.5361524819  5.571974e-01 1.004
1  7.50e-01  0.5348574026  5.571974e-01 1.004
1  7.94e-01  0.5334729413  5.571974e-01 1.004
1  8.41e-01  0.5320016134  5.571974e-01 1.004
1  8.91e-01  0.5304276216  5.571974e-01 1.004
1  9.44e-01  0.5287529993  5.571974e-01 1.004
1  1.00e+00  0.5269693382  5.571974e-01 1.004
1  1.06e+00  0.5250661482  5.571974e-01 1.004
1  1.12e+00  0.5230354899  5.571974e-01 1.004
1  1.19e+00  0.5208652874  5.571974e-01 1.004
1  1.26e+00  0.5185598624  5.571974e-01 1.004
1  1.33e+00  0.5160913101  5.571974e-01 1.004
1  1.41e+00  0.5134653696  5.571974e-01 1.004
1  1.50e+00  0.510661811  5.571974e-01 1.004
1  1.58e+00  0.5076779649  5.571974e-01 1.004
1  1.68e+00  0.504497612  5.571974e-01 1.004
1  1.78e+00  0.5011059156  5.571974e-01 1.004
1  1.88e+00  0.4975014201  5.571974e-01 1.004
1  2.00e+00  0.4936712601  5.571974e-01 1.004
1  2.11e+00  0.4895958543  5.571974e-01 1.004
1  2.24e+00  0.4852852195  5.571974e-01 1.004
1  2.37e+00  0.4807108846  5.571974e-01 1.004
1  2.51e+00  0.4758689247  5.571974e-01 1.004
1  2.66e+00  0.4707646292  5.571974e-01 1.004
1  2.82e+00  0.465388334  5.571974e-01 1.004
1  2.99e+00  0.4597634858  5.571974e-01 1.004
1  3.16e+00  0.4538569732  5.571974e-01 1.004
1  3.35e+00  0.4477090206  5.571974e-01 1.004
1  3.55e+00  0.4413371813  5.571974e-01 1.004
1  3.76e+00  0.4347600772  5.571974e-01 1.004
1  3.98e+00  0.4279936358  5.571974e-01 1.004
1  4.22e+00  0.4210845691  5.571974e-01 1.004
1  4.47e+00  0.4140529217  5.571974e-01 1.004
1  4.73e+00  0.4069797708  5.571974e-01 1.004
1  5.01e+00  0.3998900543  5.571974e-01 1.004
1  5.31e+00  0.3928274009  5.571974e-01 1.004
1  5.62e+00  0.3858622603  5.571974e-01 1.004
1  5.96e+00  0.3790670752  5.571974e-01 1.004
1  6.31e+00  0.3724576957  5.571974e-01 1.004
1  6.68e+00  0.3660766005  5.571974e-01 1.004
1  7.08e+00  0.3599850861  5.571974e-01 1.004
1  7.50e+00  0.3541955185  5.571974e-01 1.004
1  7.94e+00  0.3487622952  5.571974e-01 1.004
1  8.41e+00  0.3436589348  5.571974e-01 1.004
1  8.91e+00  0.3389047114  5.571974e-01 1.004
1  9.44e+00  0.3345409421  5.571974e-01 1.004
1  1.00e+01  0.3305063211  5.571974e-01 1.004
1  1.06e+01  0.3268273108  5.571974e-01 1.004
1  1.12e+01  0.3234780237  5.571974e-01 1.004
1  1.19e+01  0.3204467654  5.571974e-01 1.004
1  1.26e+01  0.3176567391  5.571974e-01 1.004
1  1.33e+01  0.3151592183  5.571974e-01 1.004
1  1.41e+01  0.3129230329  5.571974e-01 1.004
1  1.50e+01  0.31090621  5.571974e-01 1.004
1  1.58e+01  0.3090993207  5.571974e-01 1.004
1  1.68e+01  0.3074764972  5.571974e-01 1.004
1  1.78e+01  0.3060081328  5.571974e-01 1.004
1  1.88e+01  0.3046970582  5.571974e-01 1.004
1  2.00e+01  0.3034812457  5.571974e-01 1.004
1  2.11e+01  0.3024276329  5.571974e-01 1.004
1  2.24e+01  0.3014403775  5.571974e-01 1.004
1  2.37e+01  0.3005702958  5.571974e-01 1.004
1  2.51e+01  0.2997554745  5.571974e-01 1.004
1  2.66e+01  0.2990015812  5.571974e-01 1.004
1  2.82e+01  0.2983084862  5.571974e-01 1.004
1  2.99e+01  0.2976444826  5.571974e-01 1.004
1  3.16e+01  0.2970473528  5.571974e-01 1.004
1  3.35e+01  0.2964703858  5.571974e-01 1.004
1  3.55e+01  0.2959055389  5.571974e-01 1.004
1  3.76e+01  0.2953560461  5.571974e-01 1.004
1  3.98e+01  0.2948113634  5.571974e-01 1.004
1  4.22e+01  0.2942671373  5.571974e-01 1.004
1  4.47e+01  0.2937197992  5.571974e-01 1.004
1  4.73e+01  0.293141549  5.571974e-01 1.004
1  5.01e+01  0.2925320307  5.571974e-01 1.004
1  5.31e+01  0.2918972051  5.571974e-01 1.004
1  5.62e+01  0.2912173804  5.571974e-01 1.004
1  5.96e+01  0.2904796935  5.571974e-01 1.004
1  6.31e+01  0.2896742359  5.571974e-01 1.004
1  6.68e+01  0.2887867912  5.571974e-01 1.004
1  7.08e+01  0.2877448527  5.571974e-01 1.004
1  7.50e+01  0.2866000555  5.571974e-01 1.004
1  7.94e+01  0.2852630622  5.571974e-01 1.004
1  8.41e+01  0.2837194468  5.571974e-01 1.004
1  8.91e+01  0.2818888053  5.571974e-01 1.004
1  9.44e+01  0.2797404278  5.571974e-01 1.004
1  1.00e+02  0.2771159776  5.571974e-01 1.004
1  1.06e+02  0.2739520626  5.571974e-01 1.004
1  1.12e+02  0.2700158298  5.571974e-01 1.004
1  1.19e+02  0.265086383  5.571974e-01 1.004
1  1.26e+02  0.2588468375  5.571974e-01 1.004
1  1.33e+02  0.2508690343  5.571974e-01 1.004
1  1.41e+02  0.2405809198  5.571974e-01 1.004
1  1.50e+02  0.2272996005  5.571974e-01 1.004
1  1.58e+02  0.2104102413  5.571974e-01 1.004
1  1.68e+02  0.1896504255  5.571974e-01 1.004
1  1.78e+02  0.1655711062  5.571974e-01 1.004
1  1.88e+02  0.1399051917  5.571974e-01 1.004
1  2.00e+02  0.1151574482  5.571974e-01 1.004
1  2.11e+02  0.09357452576  5.571974e-01 1.004
1  2.24e+02  0.07619627441  5.571974e-01 1.004
1  2.37e+02  0.06295922287  5.571974e-01 1.004
1  2.51e+02  0.05317301453  5.571974e-01 1.004
1  2.66e+02  0.04600120536  5.571974e-01 1.004
1  2.82e+02  0.04075273711  5.571974e-01 1.004
1  2.99e+02  0.0368858921  5.571974e-01 1.004
1  3.16e+02  0.03400329206  5.571974e-01 1.004
1  3.35e+02  0.03182970965  5.571974e-01 1.004
1  3.55e+02  0.030164511  5.571974e-01 1.004
1  3.76e+02  0.02888241955  5.571974e-01 1.004
1  3.98e+02  0.02787964555  5.571974e-01 1.004
1  4.22e+02  0.02708478407  5.571974e-01 1.004
1  4.47e+02  0.02645218161  5.571974e-01 1.004
1  4.73e+02  0.02594533522  5.571974e-01 1.004
1  5.01e+02  0.02553059032  5.571974e-01 1.004
1  5.31e+02  0.02519531818  5.571974e-01 1.004
1  5.62e+02  0.02491919086  5.571974e-01 1.004
1  5.96e+02  0.02468848917  5.571974e-01 1.004
1  6.31e+02  0.02449792517  5.571974e-01 1.004
1  6.68e+02  0.02434012894  5.571974e-01 1.004
1  7.08e+02  0.02420617498  5.571974e-01 1.004
1  7.50e+02  0.02409230481  5.571974e-01 1.004
1  7.94e+02  0.02399689473  5.571974e-01 1.004
1  8.41e+02  0.02391591966  5.571974e-01 1.004
1  8.91e+02  0.02384688168  5.571974e-01 1.004
1  9.44e+02  0.02378675479  5.571974e-01 1.004
1  1.00e+03  0.0237378595  5.571974e-01 1.004
1  1.06e+03  0.02369288098  5.571974e-01 1.004
1  1.12e+03  0.0236553141  5.571974e-01 1.004
1  1.19e+03  0.02362405079  5.571974e-01 1.004
1  1.26e+03  0.02359554432  5.571974e-01 1.004
1  1.33e+03  0.02357078546  5.571974e-01 1.004
1  1.41e+03  0.02355023933  5.571974e-01 1.004
1  1.50e+03  0.02353076019  5.571974e-01 1.004
1  1.58e+03  0.02351533489  5.571974e-01 1.004
1  1.68e+03  0.02350232899  5.571974e-01 1.004
1  1.78e+03  0.02348945887  5.571974e-01 1.004
1  1.88e+03  0.02347861359  5.571974e-01 1.004
1  2.00e+03  0.02346891657  5.571974e-01 1.004
1  2.11e+03  0.02346089453  5.571974e-01 1.004
1  2.24e+03  0.0234534498  5.571974e-01 1.004
1  2.37e+03  0.02344808551  5.571974e-01 1.004
1  2.51e+03  0.02344268489  5.571974e-01 1.004
1  2.66e+03  0.02343667053  5.571974e-01 1.004
1  2.82e+03  0.02343246212  5.571974e-01 1.004
1  2.99e+03  0.02342958986  5.571974e-01 1.004
1  3.16e+03  0.02342639222  5.571974e-01 1.004
1  3.35e+03  0.02342234843  5.571974e-01 1.004
1  3.55e+03  0.02342146592  5.571974e-01 1.004
1  3.76e+03  0.02342013444  5.571974e-01 1.004
1  3.98e+03  0.0234169199  5.571974e-01 1.004
1  4.22e+03  0.02341156633  5.571974e-01 1.004
1  4.47e+03  0.02341500938  5.571974e-01 1.004
1  4.73e+03  0.02340738694  5.571974e-01 1.004
1  5.01e+03  0.02341883586  5.571974e-01 1.004
1  5.31e+03  0.02341854445  5.571974e-01 1.004
1  5.62e+03  0.02340795796  5.571974e-01 1.004
1  5.96e+03  0.02340438528  5.571974e-01 1.004
1  6.31e+03  0.02341025028  5.571974e-01 1.004
1  6.68e+03  0.023433536  5.571974e-01 1.004
1  7.08e+03  0.02348658572  5.571974e-01 1.004
1  7.50e+03  0.0235370816  5.571974e-01 1.004
1  7.94e+03  0.02351208163  5.571974e-01 1.004
1  8.41e+03  0.02365149609  5.571974e-01 1.004
1  8.91e+03  0.02375830225  5.571974e-01 1.004
1  9.44e+03  0.02391965494  5.571974e-01 1.004
1  1.00e+04  0.0241345913  5.571974e-01 1.004
1  1.06e+04  0.02461706373  5.571974e-01 1.004
1  1.12e+04  0.02489795882  5.571974e-01 1.004
1  1.19e+04  0.02543451739  5.571974e-01 1.004
1  1.26e+04  0.02636167907  5.571974e-01 1.004
1  1.33e+04  0.02747748764  5.571974e-01 1.004
1  1.41e+04  0.02868236631  5.571974e-01 1.004
1  1.50e+04  0.03014281054  5.571974e-01 1.004
1  1.58e+04  0.03212779976  5.571974e-01 1.004
1  1.68e+04  0.03442534572  5.571974e-01 1.004
1  1.78e+04  0.03709378856  5.571974e-01 1.004
1  1.88e+04  0.04020759102  5.571974e-01 1.004
1  2.00e+04  0.04369882604  5.571974e-01 1.004
1  2.11e+04  0.04764289497  5.571974e-01 1.004
1  2.24e+04  0.05238596715  5.571974e-01 1.004
1  2.37e+04  0.05763304324  5.571974e-01 1.004
1  2.51e+04  0.0630990976  5.571974e-01 1.004
1  2.66e+04  0.06992169986  5.571974e-01 1.004
1  2.82e+04  0.07665612796  5.571974e-01 1.004
1  2.99e+04  0.08404112652  5.571974e-01 1.004
1  3.16e+04  0.09234095948  5.571974e-01 1.004
1  3.35e+04  0.1006162005  5.571974e-01 1.004
1  3.55e+04  0.1097305243  5.571974e-01 1.004
1  3.76e+04  0.1196092238  5.571974e-01 1.004
1  3.98e+04  0.1282672384  5.571974e-01 1.004
1  4.22e+04  0.1406918776  5.571974e-01 1.004
1  4.47e+04  0.1490291204  5.571974e-01 1.004
1  4.73e+04  0.1605342848  5.571974e-01 1.004
1  5.01e+04  0.1736401876  5.571974e-01 1.004
1  5.31e+04  0.1824529789  5.571974e-01 1.004
1  5.62e+04  0.19347983  5.571974e-01 1.004
1  5.96e+04  0.2072686777  5.571974e-01 1.004
1  6.31e+04  0.2195383597  5.571974e-01 1.004
1  6.68e+04  0.2293763636  5.571974e-01 1.004
1  7.08e+04  0.2390918305  5.571974e-01 1.004
1  7.50e+04  0.2513773786  5.571974e-01 1.004
1  7.94e+04  0.2656097342  5.571974e-01 1.004
1  8.41e+04  0.2784952012  5.571974e-01 1.004
1  8.91e+04  0.2884391275  5.571974e-01 1.004
1  9.44e+04  0.2968210417  5.571974e-01 1.004
1  1.00e+05  0.305719681  5.571974e-01 1.004
1  1.06e+05  0.3160696503  5.571974e-01 1.004
1  1.12e+05  0.327685453  5.571974e-01 1.004
1  1.19e+05  0.3399021152  5.571974e-01 1.004
1  1.26e+05  0.3519193873  5.571974e-01 1.004
1  1.33e+05  0.3629966864  5.571974e-01 1.004
1  1.41e+05  0.3726774482  5.571974e-01 1.004
1  1.50e+05  0.380917282  5.571974e-01 1.004
1  1.58e+05  0.3880172349  5.571974e-01 1.004
1  1.68e+05  0.3944332965  5.571974e-01 1.004
1  1.78e+05  0.4005921404  5.571974e-01 1.004
1  1.88e+05  0.406790587  5.571974e-01 1.004
1  2.00e+05  0.4131817756  5.571974e-01 1.004
1  2.11e+05  0.419809708  5.571974e-01 1.004
1  2.24e+05  0.4266524682  5.571974e-01 1.004
1  2.37e+05  0.4336535398  5.571974e-01 1.004
1  2.51e+05  0.4407390161  5.571974e-01 1.004
1  2.66e+05  0.4478266719  5.571974e-01 1.004
1  2.82e+05  0.4548325102  5.571974e-01 1.004
1  2.99e+05  0.4616770076  5.571974e-01 1.004
1  3.16e+05  0.4682907295  5.571974e-01 1.004
1  3.35e+05  0.4746182636  5.571974e-01 1.004
1  3.55e+05  0.4806198929  5.571974e-01 1.004
1  3.76e+05  0.4862711669  5.571974e-01 1.004
1  3.98e+05  0.4915610061  5.571974e-01 1.004
1  4.22e+05  0.4964890874  5.571974e-01 1.004
1  4.47e+05  0.5010631197  5.571974e-01 1.004
1  4.73e+05  0.5052963932  5.571974e-01 1.004
1  5.01e+05  0.5092057745  5.571974e-01 1.004
1  5.31e+05  0.512810175  5.571974e-01 1.004
1  5.62e+05  0.5161294393  5.571974e-01 1.004
1  5.96e+05  0.5191835695  5.571974e-01 1.004
1  6.31e+05  0.521992204  5.571974e-01 1.004
1  6.68e+05  0.524574277  5.571974e-01 1.004
1  7.08e+05  0.5269478074  5.571974e-01 1.004
1  7.50e+05  0.5291297757  5.571974e-01 1.004
1  7.94e+05  0.5311360625  5.571974e-01 1.004
1  8.41e+05  0.5329814303  5.571974e-01 1.004
1  8.91e+05  0.5346795348  5.571974e-01 1.004
1  9.44e+05  0.5362429566  5.571974e-01 1.004
1  1.00e+06  0.5376832474  5.571974e-01 1.004
1  1.06e+06  0.5390109851  5.571974e-01 1.004
1  1.12e+06  0.5402358348  5.571974e-01 1.004
1  1.19e+06  0.5413666116  5.571974e-01 1.004
1  1.26e+06  0.5424113445  5.571974e-01 1.004
1  1.33e+06  0.5433773397  5.571974e-01 1.004
1  1.41e+06  0.5442712405  5.571974e-01 1.004
1  1.50e+06  0.5450990853  5.571974e-01 1.004
1  1.58e+06  0.5458663618  5.571974e-01 1.004
1  1.68e+06  0.5465780575  5.571974e-01 1.004
1  1.78e+06  0.5472387062  5.571974e-01 1.004
1  1.88e+06  0.5478524335  5.571974e-01 1.004
1  2.00e+06  0.5484229886  5.571974e-01 1.004
1  2.11e+06  0.5489537856  5.571974e-01 1.004
1  2.24e+06  0.5494479372  5.571974e-01 1.004
1  2.37e+06  0.5499082806  5.571974e-01 1.004
1  2.51e+06  0.5503374055  5.571974e-01 1.004
1  2.66e+06  0.5507376774  5.571974e-01 1.004
1  2.82e+06  0.551111259  5.571974e-01 1.004
1  2.99e+06  0.5514601296  5.571974e-01 1.004
1  3.16e+06  0.5517861025  5.571974e-01 1.004
1  3.35e+06  0.5520908403  5.571974e-01 1.004
1  3.55e+06  0.5523758694  5.571974e-01 1.004
1  3.76e+06  0.5526425921  5.571974e-01 1.004
1  3.98e+06  0.5528922981  5.571974e-01 1.004
1  4.22e+06  0.5531261751  5.571974e-01 1.004
1  4.47e+06  0.5533453172  5.571974e-01 1.004
1  4.73e+06  0.553550734  5.571974e-01 1.004
1  5.01e+06  0.5537433576  5.571974e-01 1.004
1  5.31e+06  0.5539240491  5.571974e-01 1.004
1  5.62e+06  0.5540936054  5.571974e-01 1.004
1  5.96e+06  0.5542527639  5.571974e-01 1.004
1  6.31e+06  0.554402208  5.571974e-01 1.004
1  6.68e+06  0.5545425714  5.571974e-01 1.004
1  7.08e+06  0.5546744424  5.571974e-01 1.004
1  7.50e+06  0.5547983671  5.571974e-01 1.004
1  7.94e+06  0.5549148532  5.571974e-01 1.004
1  8.41e+06  0.5550243729  5.571974e-01 1.004
1  8.91e+06  0.555127366  5.571974e-01 1.004
1  9.44e+06  0.5552242416  5.571974e-01 1.004
1  1.00e+07  0.5553153815  5.571974e-01 1.004
