1  1.00e-03  0.5450031397  5.716268e-01 1.03
1  1.06e-03  0.5450016131  5.716268e-01 1.03
1  1.12e-03  0.5450000315  5.716268e-01 1.03
1  1.19e-03  0.5449983563  5.716268e-01 1.03
1  1.26e-03  0.5449965529  5.716268e-01 1.03
1  1.33e-03  0.5449946539  5.716268e-01 1.03
1  1.41e-03  0.5449926003  5.716268e-01 1.03
1  1.50e-03  0.5449904445  5.716268e-01 1.03
1  1.58e-03  0.5449880296  5.716268e-01 1.03
1  1.68e-03  0.5449857125  5.716268e-01 1.03
1  1.78e-03  0.5449830543  5.716268e-01 1.03
1  1.88e-03  0.5449803173  5.716268e-01 1.03
1  2.00e-03  0.544977459  5.716268e-01 1.03
1  2.11e-03  0.5449744016  5.716268e-01 1.03
1  2.24e-03  0.5449711686  5.716268e-01 1.03
1  2.37e-03  0.5449678024  5.716268e-01 1.03
1  2.51e-03  0.5449641146  5.716268e-01 1.03
1  2.66e-03  0.5449603119  5.716268e-01 1.03
1  2.82e-03  0.5449562033  5.716268e-01 1.03
1  2.99e-03  0.5449519029  5.716268e-01 1.03
1  3.16e-03  0.5449473669  5.716268e-01 1.03
1  3.35e-03  0.5449425224  5.716268e-01 1.03
1  3.55e-03  0.5449373978  5.716268e-01 1.03
1  3.76e-03  0.5449319433  5.716268e-01 1.03
1  3.98e-03  0.5449262102  5.716268e-01 1.03
1  4.22e-03  0.5449201182  5.716268e-01 1.03
1  4.47e-03  0.5449136705  5.716268e-01 1.03
1  4.73e-03  0.5449068119  5.716268e-01 1.03
1  5.01e-03  0.544899582  5.716268e-01 1.03
1  5.31e-03  0.5448919077  5.716268e-01 1.03
1  5.62e-03  0.544883786  5.716268e-01 1.03
1  5.96e-03  0.5448751785  5.716268e-01 1.03
1  6.31e-03  0.5448660476  5.716268e-01 1.03
1  6.68e-03  0.5448563873  5.716268e-01 1.03
1  7.08e-03  0.5448461718  5.716268e-01 1.03
1  7.50e-03  0.5448353205  5.716268e-01 1.03
1  7.94e-03  0.5448238255  5.716268e-01 1.03
1  8.41e-03  0.5448116499  5.716268e-01 1.03
1  8.91e-03  0.5447987757  5.716268e-01 1.03
1  9.44e-03  0.5447851143  5.716268e-01 1.03
1  1.00e-02  0.5447706334  5.716268e-01 1.03
1  1.06e-02  0.544755345  5.716268e-01 1.03
1  1.12e-02  0.5447390695  5.716268e-01 1.03
1  1.19e-02  0.5447218685  5.716268e-01 1.03
1  1.26e-02  0.544703647  5.716268e-01 1.03
1  1.33e-02  0.5446843851  5.716268e-01 1.03
1  1.41e-02  0.5446639472  5.716268e-01 1.03
1  1.50e-02  0.5446422566  5.716268e-01 1.03
1  1.58e-02  0.54461932  5.716268e-01 1.03
1  1.68e-02  0.5445949924  5.716268e-01 1.03
1  1.78e-02  0.5445692295  5.716268e-01 1.03
1  1.88e-02  0.544541956  5.716268e-01 1.03
1  2.00e-02  0.5445130583  5.716268e-01 1.03
1  2.11e-02  0.5444823851  5.716268e-01 1.03
1  2.24e-02  0.5444498915  5.716268e-01 1.03
1  2.37e-02  0.5444155759  5.716268e-01 1.03
1  2.51e-02  0.5443790611  5.716268e-01 1.03
1  2.66e-02  0.5443404877  5.716268e-01 1.03
1  2.82e-02  0.5442996489  5.716268e-01 1.03
1  2.99e-02  0.5442562105  5.716268e-01 1.03
1  3.16e-02  0.5442103531  5.716268e-01 1.03
1  3.35e-02  0.5441616349  5.716268e-01 1.03
1  3.55e-02  0.5441101753  5.716268e-01 1.03
1  3.76e-02  0.5440554407  5.716268e-01 1.03
1  3.98e-02  0.5439977029  5.716268e-01 1.03
1  4.22e-02  0.5439362997  5.716268e-01 1.03
1  4.47e-02  0.5438712004  5.716268e-01 1.03
1  4.73e-02  0.5438024065  5.716268e-01 1.03
1  5.01e-02  0.5437294294  5.716268e-01 1.03
1  5.31e-02  0.5436520631  5.716268e-01 1.03
1  5.62e-02  0.5435699446  5.716268e-01 1.03
1  5.96e-02  0.5434832591  5.716268e-01 1.03
1  6.31e-02  0.5433909868  5.716268e-01 1.03
1  6.68e-02  0.5432934661  5.716268e-01 1.03
1  7.08e-02  0.5431898923  5.716268e-01 1.03
1  7.50e-02  0.5430804016  5.716268e-01 1.03
1  7.94e-02  0.5429641736  5.716268e-01 1.03
1  8.41e-02  0.542840917  5.716268e-01 1.03
1  8.91e-02  0.5427102411  5.716268e-01 1.03
1  9.44e-02  0.5425715537  5.716268e-01 1.03
1  1.00e-01  0.54242495  5.716268e-01 1.03
1  1.06e-01  0.5422688958  5.716268e-01 1.03
1  1.12e-01  0.5421039473  5.716268e-01 1.03
1  1.19e-01  0.5419286426  5.716268e-01 1.03
1  1.26e-01  0.5417434572  5.716268e-01 1.03
1  1.33e-01  0.5415465785  5.716268e-01 1.03
1  1.41e-01  0.5413373075  5.716268e-01 1.03
1  1.50e-01  0.5411158957  5.716268e-01 1.03
1  1.58e-01  0.5408813451  5.716268e-01 1.03
1  1.68e-01  0.5406315059  5.716268e-01 1.03
1  1.78e-01  0.5403673607  5.716268e-01 1.03
1  1.88e-01  0.5400871501  5.716268e-01 1.03
1  2.00e-01  0.5397892186  5.716268e-01 1.03
1  2.11e-01  0.5394735241  5.716268e-01 1.03
1  2.24e-01  0.5391382532  5.716268e-01 1.03
1  2.37e-01  0.5387823796  5.716268e-01 1.03
1  2.51e-01  0.5384039891  5.716268e-01 1.03
1  2.66e-01  0.53800343  5.716268e-01 1.03
1  2.82e-01  0.5375771228  5.716268e-01 1.03
1  2.99e-01  0.5371244588  5.716268e-01 1.03
1  3.16e-01  0.5366452097  5.716268e-01 1.03
1  3.35e-01  0.53613507  5.716268e-01 1.03
1  3.55e-01  0.5355917332  5.716268e-01 1.03
1  3.76e-01  0.535017164  5.716268e-01 1.03
1  3.98e-01  0.5344042159  5.716268e-01 1.03
1  4.22e-01  0.5337536834  5.716268e-01 1.03
1  4.47e-01  0.5330635452  5.716268e-01 1.03
1  4.73e-01  0.5323280251  5.716268e-01 1.03
1  5.01e-01  0.5315465629  5.716268e-01 1.03
1  5.31e-01  0.5307146782  5.716268e-01 1.03
1  5.62e-01  0.5298315643  5.716268e-01 1.03
1  5.96e-01  0.5288895773  5.716268e-01 1.03
1  6.31e-01  0.5278888507  5.716268e-01 1.03
1  6.68e-01  0.5268247041  5.716268e-01 1.03
1  7.08e-01  0.5256902387  5.716268e-01 1.03
1  7.50e-01  0.5244849409  5.716268e-01 1.03
1  7.94e-01  0.5232013013  5.716268e-01 1.03
1  8.41e-01  0.521830933  5.716268e-01 1.03
1  8.91e-01  0.520373986  5.716268e-01 1.03
1  9.44e-01  0.5188246095  5.716268e-01 1.03
1  1.00e+00  0.517171201  5.716268e-01 1.03
1  1.06e+00  0.5154069159  5.716268e-01 1.03
1  1.12e+00  0.5135311666  5.716268e-01 1.03
1  1.19e+00  0.5115366205  5.716268e-01 1.03
1  1.26e+00  0.5094063471  5.716268e-01 1.03
1  1.33e+00  0.5071438917  5.716268e-01 1.03
1  1.41e+00  0.5047321898  5.716268e-01 1.03
1  1.50e+00  0.5021624809  5.716268e-01 1.03
1  1.58e+00  0.4994276046  5.716268e-01 1.03
1  1.68e+00  0.4965195836  5.716268e-01 1.03
1  1.78e+00  0.4934336944  5.716268e-01 1.03
1  1.88e+00  0.4901468299  5.716268e-01 1.03
1  2.00e+00  0.4866664763  5.716268e-01 1.03
1  2.11e+00  0.4829821729  5.716268e-01 1.03
1  2.24e+00  0.4790701143  5.716268e-01 1.03
1  2.37e+00  0.474943285  5.716268e-01 1.03
1  2.51e+00  0.4705910409  5.716268e-01 1.03
1  2.66e+00  0.4660112215  5.716268e-01 1.03
1  2.82e+00  0.4612085761  5.716268e-01 1.03
1  2.99e+00  0.4561702154  5.716268e-01 1.03
1  3.16e+00  0.4509238208  5.716268e-01 1.03
1  3.35e+00  0.4454747737  5.716268e-01 1.03
1  3.55e+00  0.4398287944  5.716268e-01 1.03
1  3.76e+00  0.4340028677  5.716268e-01 1.03
1  3.98e+00  0.4280317806  5.716268e-01 1.03
1  4.22e+00  0.4219561392  5.716268e-01 1.03
1  4.47e+00  0.4157956889  5.716268e-01 1.03
1  4.73e+00  0.4095870133  5.716268e-01 1.03
1  5.01e+00  0.4033799111  5.716268e-01 1.03
1  5.31e+00  0.3972331831  5.716268e-01 1.03
1  5.62e+00  0.391157221  5.716268e-01 1.03
1  5.96e+00  0.38521308  5.716268e-01 1.03
1  6.31e+00  0.3794375001  5.716268e-01 1.03
1  6.68e+00  0.3738580362  5.716268e-01 1.03
1  7.08e+00  0.3685381055  5.716268e-01 1.03
1  7.50e+00  0.3634762072  5.716268e-01 1.03
1  7.94e+00  0.3586827319  5.716268e-01 1.03
1  8.41e+00  0.3542016709  5.716268e-01 1.03
1  8.91e+00  0.3500329012  5.716268e-01 1.03
1  9.44e+00  0.3461613046  5.716268e-01 1.03
1  1.00e+01  0.3426030766  5.716268e-01 1.03
1  1.06e+01  0.3393232587  5.716268e-01 1.03
1  1.12e+01  0.3363318283  5.716268e-01 1.03
1  1.19e+01  0.3336438567  5.716268e-01 1.03
1  1.26e+01  0.3311178497  5.716268e-01 1.03
1  1.33e+01  0.3288984574  5.716268e-01 1.03
1  1.41e+01  0.3268760123  5.716268e-01 1.03
1  1.50e+01  0.3250705029  5.716268e-01 1.03
1  1.58e+01  0.323402309  5.716268e-01 1.03
1  1.68e+01  0.3219253328  5.716268e-01 1.03
1  1.78e+01  0.3205804667  5.716268e-01 1.03
1  1.88e+01  0.3193654891  5.716268e-01 1.03
1  2.00e+01  0.3182855646  5.716268e-01 1.03
1  2.11e+01  0.3172701341  5.716268e-01 1.03
1  2.24e+01  0.3163639081  5.716268e-01 1.03
1  2.37e+01  0.3155393239  5.716268e-01 1.03
1  2.51e+01  0.3147625551  5.716268e-01 1.03
1  2.66e+01  0.3140538818  5.716268e-01 1.03
1  2.82e+01  0.3134155782  5.716268e-01 1.03
1  2.99e+01  0.312773241  5.716268e-01 1.03
1  3.16e+01  0.3122045148  5.716268e-01 1.03
1  3.35e+01  0.3116195115  5.716268e-01 1.03
1  3.55e+01  0.3110623082  5.716268e-01 1.03
1  3.76e+01  0.3105261939  5.716268e-01 1.03
1  3.98e+01  0.3099863135  5.716268e-01 1.03
1  4.22e+01  0.3094315711  5.716268e-01 1.03
1  4.47e+01  0.3088795435  5.716268e-01 1.03
1  4.73e+01  0.3083071884  5.716268e-01 1.03
1  5.01e+01  0.3076937486  5.716268e-01 1.03
1  5.31e+01  0.3070268149  5.716268e-01 1.03
1  5.62e+01  0.3063235327  5.716268e-01 1.03
1  5.96e+01  0.3055691492  5.716268e-01 1.03
1  6.31e+01  0.3047275277  5.716268e-01 1.03
1  6.68e+01  0.3037603549  5.716268e-01 1.03
1  7.08e+01  0.3027108629  5.716268e-01 1.03
1  7.50e+01  0.3014985393  5.716268e-01 1.03
1  7.94e+01  0.3000855853  5.716268e-01 1.03
1  8.41e+01  0.2984591544  5.716268e-01 1.03
1  8.91e+01  0.2965336813  5.716268e-01 1.03
1  9.44e+01  0.2942491688  5.716268e-01 1.03
1  1.00e+02  0.291495563  5.716268e-01 1.03
1  1.06e+02  0.2881093248  5.716268e-01 1.03
1  1.12e+02  0.2839515948  5.716268e-01 1.03
1  1.19e+02  0.2787670448  5.716268e-01 1.03
1  1.26e+02  0.272153853  5.716268e-01 1.03
1  1.33e+02  0.2637027929  5.716268e-01 1.03
1  1.41e+02  0.2528013724  5.716268e-01 1.03
1  1.50e+02  0.2387301354  5.716268e-01 1.03
1  1.58e+02  0.2208601939  5.716268e-01 1.03
1  1.68e+02  0.1988926607  5.716268e-01 1.03
1  1.78e+02  0.1734156868  5.716268e-01 1.03
1  1.88e+02  0.1462698817  5.716268e-01 1.03
1  2.00e+02  0.1201475658  5.716268e-01 1.03
1  2.11e+02  0.09736977997  5.716268e-01 1.03
1  2.24e+02  0.07905714335  5.716268e-01 1.03
1  2.37e+02  0.0650991063  5.716268e-01 1.03
1  2.51e+02  0.05477927398  5.716268e-01 1.03
1  2.66e+02  0.04722267719  5.716268e-01 1.03
1  2.82e+02  0.04169814922  5.716268e-01 1.03
1  2.99e+02  0.03761762389  5.716268e-01 1.03
1  3.16e+02  0.03458127885  5.716268e-01 1.03
1  3.35e+02  0.0322896421  5.716268e-01 1.03
1  3.55e+02  0.03053608003  5.716268e-01 1.03
1  3.76e+02  0.02917946055  5.716268e-01 1.03
1  3.98e+02  0.0281230658  5.716268e-01 1.03
1  4.22e+02  0.02728736248  5.716268e-01 1.03
1  4.47e+02  0.0266194874  5.716268e-01 1.03
1  4.73e+02  0.02608399579  5.716268e-01 1.03
1  5.01e+02  0.02564912725  5.716268e-01 1.03
1  5.31e+02  0.02529235756  5.716268e-01 1.03
1  5.62e+02  0.02500156782  5.716268e-01 1.03
1  5.96e+02  0.02475852521  5.716268e-01 1.03
1  6.31e+02  0.02455814673  5.716268e-01 1.03
1  6.68e+02  0.0243895115  5.716268e-01 1.03
1  7.08e+02  0.02424841533  5.716268e-01 1.03
1  7.50e+02  0.0241297179  5.716268e-01 1.03
1  7.94e+02  0.02402863651  5.716268e-01 1.03
1  8.41e+02  0.02394507993  5.716268e-01 1.03
1  8.91e+02  0.02387114414  5.716268e-01 1.03
1  9.44e+02  0.02380833867  5.716268e-01 1.03
1  1.00e+03  0.0237555551  5.716268e-01 1.03
1  1.06e+03  0.02370866351  5.716268e-01 1.03
1  1.12e+03  0.02366901438  5.716268e-01 1.03
1  1.19e+03  0.02363579644  5.716268e-01 1.03
1  1.26e+03  0.0236069691  5.716268e-01 1.03
1  1.33e+03  0.02358003973  5.716268e-01 1.03
1  1.41e+03  0.02355861148  5.716268e-01 1.03
1  1.50e+03  0.02353806071  5.716268e-01 1.03
1  1.58e+03  0.02352213968  5.716268e-01 1.03
1  1.68e+03  0.02350816501  5.716268e-01 1.03
1  1.78e+03  0.02349393964  5.716268e-01 1.03
1  1.88e+03  0.02348335956  5.716268e-01 1.03
1  2.00e+03  0.02347249186  5.716268e-01 1.03
1  2.11e+03  0.02346415149  5.716268e-01 1.03
1  2.24e+03  0.02345633544  5.716268e-01 1.03
1  2.37e+03  0.0234506605  5.716268e-01 1.03
1  2.51e+03  0.0234447878  5.716268e-01 1.03
1  2.66e+03  0.02343875402  5.716268e-01 1.03
1  2.82e+03  0.02343427155  5.716268e-01 1.03
1  2.99e+03  0.02343134803  5.716268e-01 1.03
1  3.16e+03  0.02342757669  5.716268e-01 1.03
1  3.35e+03  0.02342351837  5.716268e-01 1.03
1  3.55e+03  0.02342251916  5.716268e-01 1.03
1  3.76e+03  0.02342104716  5.716268e-01 1.03
1  3.98e+03  0.02341768635  5.716268e-01 1.03
1  4.22e+03  0.02341242436  5.716268e-01 1.03
1  4.47e+03  0.02341538391  5.716268e-01 1.03
1  4.73e+03  0.02340799942  5.716268e-01 1.03
1  5.01e+03  0.02342033301  5.716268e-01 1.03
1  5.31e+03  0.02341836797  5.716268e-01 1.03
1  5.62e+03  0.0234069141  5.716268e-01 1.03
1  5.96e+03  0.02340342842  5.716268e-01 1.03
1  6.31e+03  0.02340925153  5.716268e-01 1.03
1  6.68e+03  0.02343216615  5.716268e-01 1.03
1  7.08e+03  0.02348810349  5.716268e-01 1.03
1  7.50e+03  0.02354591425  5.716268e-01 1.03
1  7.94e+03  0.02351920407  5.716268e-01 1.03
1  8.41e+03  0.02365694255  5.716268e-01 1.03
1  8.91e+03  0.02377821307  5.716268e-01 1.03
1  9.44e+03  0.02393346967  5.716268e-01 1.03
1  1.00e+04  0.02416571106  5.716268e-01 1.03
1  1.06e+04  0.02464964326  5.716268e-01 1.03
1  1.12e+04  0.02493152694  5.716268e-01 1.03
1  1.19e+04  0.02548862735  5.716268e-01 1.03
1  1.26e+04  0.02641823366  5.716268e-01 1.03
1  1.33e+04  0.02754304294  5.716268e-01 1.03
1  1.41e+04  0.02873174073  5.716268e-01 1.03
1  1.50e+04  0.03020274174  5.716268e-01 1.03
1  1.58e+04  0.03217763919  5.716268e-01 1.03
1  1.68e+04  0.03445196227  5.716268e-01 1.03
1  1.78e+04  0.03709784284  5.716268e-01 1.03
1  1.88e+04  0.04018714324  5.716268e-01 1.03
1  2.00e+04  0.04364520594  5.716268e-01 1.03
1  2.11e+04  0.04753882785  5.716268e-01 1.03
1  2.24e+04  0.05221990526  5.716268e-01 1.03
1  2.37e+04  0.05740387309  5.716268e-01 1.03
1  2.51e+04  0.06276723175  5.716268e-01 1.03
1  2.66e+04  0.06946592616  5.716268e-01 1.03
1  2.82e+04  0.07611510651  5.716268e-01 1.03
1  2.99e+04  0.08333218473  5.716268e-01 1.03
1  3.16e+04  0.09150801154  5.716268e-01 1.03
1  3.35e+04  0.09959287422  5.716268e-01 1.03
1  3.55e+04  0.1085633171  5.716268e-01 1.03
1  3.76e+04  0.1182010269  5.716268e-01 1.03
1  3.98e+04  0.1267180611  5.716268e-01 1.03
1  4.22e+04  0.1388690071  5.716268e-01 1.03
1  4.47e+04  0.1469988587  5.716268e-01 1.03
1  4.73e+04  0.1583167935  5.716268e-01 1.03
1  5.01e+04  0.1710961255  5.716268e-01 1.03
1  5.31e+04  0.1796904  5.716268e-01 1.03
1  5.62e+04  0.1905163436  5.716268e-01 1.03
1  5.96e+04  0.2040014263  5.716268e-01 1.03
1  6.31e+04  0.2159616951  5.716268e-01 1.03
1  6.68e+04  0.2255548488  5.716268e-01 1.03
1  7.08e+04  0.235060959  5.716268e-01 1.03
1  7.50e+04  0.247094026  5.716268e-01 1.03
1  7.94e+04  0.2610040968  5.716268e-01 1.03
1  8.41e+04  0.2735640776  5.716268e-01 1.03
1  8.91e+04  0.2832452703  5.716268e-01 1.03
1  9.44e+04  0.2914197488  5.716268e-01 1.03
1  1.00e+05  0.3001173734  5.716268e-01 1.03
1  1.06e+05  0.3102385197  5.716268e-01 1.03
1  1.12e+05  0.3215926502  5.716268e-01 1.03
1  1.19e+05  0.3335260543  5.716268e-01 1.03
1  1.26e+05  0.3452556694  5.716268e-01 1.03
1  1.33e+05  0.3560591652  5.716268e-01 1.03
1  1.41e+05  0.3654939477  5.716268e-01 1.03
1  1.50e+05  0.3735208339  5.716268e-01 1.03
1  1.58e+05  0.3804370871  5.716268e-01 1.03
1  1.68e+05  0.3866895113  5.716268e-01 1.03
1  1.78e+05  0.3926947072  5.716268e-01 1.03
1  1.88e+05  0.3987416201  5.716268e-01 1.03
1  2.00e+05  0.4049787208  5.716268e-01 1.03
1  2.11e+05  0.4114481034  5.716268e-01 1.03
1  2.24e+05  0.4181277601  5.716268e-01 1.03
1  2.37e+05  0.4249620946  5.716268e-01 1.03
1  2.51e+05  0.431878649  5.716268e-01 1.03
1  2.66e+05  0.4387969244  5.716268e-01 1.03
1  2.82e+05  0.4456347658  5.716268e-01 1.03
1  2.99e+05  0.452314462  5.716268e-01 1.03
1  3.16e+05  0.4587682212  5.716268e-01 1.03
1  3.35e+05  0.4649419965  5.716268e-01 1.03
1  3.55e+05  0.4707970987  5.716268e-01 1.03
1  3.76e+05  0.4763097586  5.716268e-01 1.03
1  3.98e+05  0.4814692622  5.716268e-01 1.03
1  4.22e+05  0.4862753879  5.716268e-01 1.03
1  4.47e+05  0.4907357436  5.716268e-01 1.03
1  4.73e+05  0.494863372  5.716268e-01 1.03
1  5.01e+05  0.4986747948  5.716268e-01 1.03
1  5.31e+05  0.5021885186  5.716268e-01 1.03
1  5.62e+05  0.5054239513  5.716268e-01 1.03
1  5.96e+05  0.5084006472  5.716268e-01 1.03
1  6.31e+05  0.511137799  5.716268e-01 1.03
1  6.68e+05  0.5136539068  5.716268e-01 1.03
1  7.08e+05  0.5159665729  5.716268e-01 1.03
1  7.50e+05  0.5180923824  5.716268e-01 1.03
1  7.94e+05  0.5200468439  5.716268e-01 1.03
1  8.41e+05  0.5218443719  5.716268e-01 1.03
1  8.91e+05  0.5234982987  5.716268e-01 1.03
1  9.44e+05  0.5250209054  5.716268e-01 1.03
1  1.00e+06  0.5264234675  5.716268e-01 1.03
1  1.06e+06  0.5277163088  5.716268e-01 1.03
1  1.12e+06  0.5289088612  5.716268e-01 1.03
1  1.19e+06  0.5300097261  5.716268e-01 1.03
1  1.26e+06  0.5310267375  5.716268e-01 1.03
1  1.33e+06  0.531967023  5.716268e-01 1.03
1  1.41e+06  0.5328370629  5.716268e-01 1.03
1  1.50e+06  0.5336427471  5.716268e-01 1.03
1  1.58e+06  0.5343894277  5.716268e-01 1.03
1  1.68e+06  0.5350819683  5.716268e-01 1.03
1  1.78e+06  0.5357247899  5.716268e-01 1.03
1  1.88e+06  0.536321915  5.716268e-01 1.03
1  2.00e+06  0.5368769983  5.716268e-01 1.03
1  2.11e+06  0.5373933689  5.716268e-01 1.03
1  2.24e+06  0.53787406  5.716268e-01 1.03
1  2.37e+06  0.538321837  5.716268e-01 1.03
1  2.51e+06  0.5387392236  5.716268e-01 1.03
1  2.66e+06  0.539128525  5.716268e-01 1.03
1  2.82e+06  0.5394918482  5.716268e-01 1.03
1  2.99e+06  0.5398311218  5.716268e-01 1.03
1  3.16e+06  0.540148112  5.716268e-01 1.03
1  3.35e+06  0.5404444384  5.716268e-01 1.03
1  3.55e+06  0.5407215878  5.716268e-01 1.03
1  3.76e+06  0.5409809257  5.716268e-01 1.03
1  3.98e+06  0.5412237081  5.716268e-01 1.03
1  4.22e+06  0.5414510915  5.716268e-01 1.03
1  4.47e+06  0.5416641413  5.716268e-01 1.03
1  4.73e+06  0.5418638402  5.716268e-01 1.03
1  5.01e+06  0.5420510956  5.716268e-01 1.03
1  5.31e+06  0.5422267459  5.716268e-01 1.03
1  5.62e+06  0.5423915665  5.716268e-01 1.03
1  5.96e+06  0.5425462751  5.716268e-01 1.03
1  6.31e+06  0.542691537  5.716268e-01 1.03
1  6.68e+06  0.5428279688  5.716268e-01 1.03
1  7.08e+06  0.5429561426  5.716268e-01 1.03
1  7.50e+06  0.5430765901  5.716268e-01 1.03
1  7.94e+06  0.5431898052  5.716268e-01 1.03
1  8.41e+06  0.5432962473  5.716268e-01 1.03
1  8.91e+06  0.543396344  5.716268e-01 1.03
1  9.44e+06  0.5434904935  5.716268e-01 1.03
1  1.00e+07  0.543579067  5.716268e-01 1.03
