1  1.00e-03  0.5521652705  5.627472e-01 1.014
1  1.06e-03  0.5521636819  5.627472e-01 1.014
1  1.12e-03  0.552162023  5.627472e-01 1.014
1  1.19e-03  0.5521603121  5.627472e-01 1.014
1  1.26e-03  0.552158433  5.627472e-01 1.014
1  1.33e-03  0.5521564357  5.627472e-01 1.014
1  1.41e-03  0.5521543201  5.627472e-01 1.014
1  1.50e-03  0.5521520746  5.627472e-01 1.014
1  1.58e-03  0.552149577  5.627472e-01 1.014
1  1.68e-03  0.5521471472  5.627472e-01 1.014
1  1.78e-03  0.5521444048  5.627472e-01 1.014
1  1.88e-03  0.5521415565  5.627472e-01 1.014
1  2.00e-03  0.5521386019  5.627472e-01 1.014
1  2.11e-03  0.5521354108  5.627472e-01 1.014
1  2.24e-03  0.5521320513  5.627472e-01 1.014
1  2.37e-03  0.5521285601  5.627472e-01 1.014
1  2.51e-03  0.5521247227  5.627472e-01 1.014
1  2.66e-03  0.5521207711  5.627472e-01 1.014
1  2.82e-03  0.5521165112  5.627472e-01 1.014
1  2.99e-03  0.552112035  5.627472e-01 1.014
1  3.16e-03  0.5521073352  5.627472e-01 1.014
1  3.35e-03  0.5521022785  5.627472e-01 1.014
1  3.55e-03  0.5520969724  5.627472e-01 1.014
1  3.76e-03  0.5520913108  5.627472e-01 1.014
1  3.98e-03  0.5520853469  5.627472e-01 1.014
1  4.22e-03  0.5520790169  5.627472e-01 1.014
1  4.47e-03  0.5520723097  5.627472e-01 1.014
1  4.73e-03  0.552065199  5.627472e-01 1.014
1  5.01e-03  0.5520576936  5.627472e-01 1.014
1  5.31e-03  0.5520497096  5.627472e-01 1.014
1  5.62e-03  0.5520412765  5.627472e-01 1.014
1  5.96e-03  0.5520323333  5.627472e-01 1.014
1  6.31e-03  0.5520228418  5.627472e-01 1.014
1  6.68e-03  0.552012821  5.627472e-01 1.014
1  7.08e-03  0.5520021917  5.627472e-01 1.014
1  7.50e-03  0.5519909312  5.627472e-01 1.014
1  7.94e-03  0.5519789662  5.627472e-01 1.014
1  8.41e-03  0.5519663447  5.627472e-01 1.014
1  8.91e-03  0.5519529346  5.627472e-01 1.014
1  9.44e-03  0.5519387431  5.627472e-01 1.014
1  1.00e-02  0.5519237293  5.627472e-01 1.014
1  1.06e-02  0.5519078174  5.627472e-01 1.014
1  1.12e-02  0.5518909267  5.627472e-01 1.014
1  1.19e-02  0.5518730648  5.627472e-01 1.014
1  1.26e-02  0.5518541256  5.627472e-01 1.014
1  1.33e-02  0.5518340768  5.627472e-01 1.014
1  1.41e-02  0.551812854  5.627472e-01 1.014
1  1.50e-02  0.5517903043  5.627472e-01 1.014
1  1.58e-02  0.5517665151  5.627472e-01 1.014
1  1.68e-02  0.5517412485  5.627472e-01 1.014
1  1.78e-02  0.5517144229  5.627472e-01 1.014
1  1.88e-02  0.5516861342  5.627472e-01 1.014
1  2.00e-02  0.5516560683  5.627472e-01 1.014
1  2.11e-02  0.5516241823  5.627472e-01 1.014
1  2.24e-02  0.5515904937  5.627472e-01 1.014
1  2.37e-02  0.5515548068  5.627472e-01 1.014
1  2.51e-02  0.5515168621  5.627472e-01 1.014
1  2.66e-02  0.551476738  5.627472e-01 1.014
1  2.82e-02  0.5514343435  5.627472e-01 1.014
1  2.99e-02  0.5513892196  5.627472e-01 1.014
1  3.16e-02  0.5513415959  5.627472e-01 1.014
1  3.35e-02  0.5512909215  5.627472e-01 1.014
1  3.55e-02  0.5512374732  5.627472e-01 1.014
1  3.76e-02  0.5511806012  5.627472e-01 1.014
1  3.98e-02  0.5511205239  5.627472e-01 1.014
1  4.22e-02  0.5510566557  5.627472e-01 1.014
1  4.47e-02  0.5509891434  5.627472e-01 1.014
1  4.73e-02  0.5509174915  5.627472e-01 1.014
1  5.01e-02  0.5508416288  5.627472e-01 1.014
1  5.31e-02  0.5507613835  5.627472e-01 1.014
1  5.62e-02  0.5506760499  5.627472e-01 1.014
1  5.96e-02  0.5505857793  5.627472e-01 1.014
1  6.31e-02  0.5504898635  5.627472e-01 1.014
1  6.68e-02  0.550388428  5.627472e-01 1.014
1  7.08e-02  0.5502810166  5.627472e-01 1.014
1  7.50e-02  0.5501670664  5.627472e-01 1.014
1  7.94e-02  0.5500461284  5.627472e-01 1.014
1  8.41e-02  0.5499180703  5.627472e-01 1.014
1  8.91e-02  0.5497820254  5.627472e-01 1.014
1  9.44e-02  0.5496381511  5.627472e-01 1.014
1  1.00e-01  0.5494854356  5.627472e-01 1.014
1  1.06e-01  0.5493234192  5.627472e-01 1.014
1  1.12e-01  0.5491515021  5.627472e-01 1.014
1  1.19e-01  0.5489694943  5.627472e-01 1.014
1  1.26e-01  0.5487766078  5.627472e-01 1.014
1  1.33e-01  0.5485718515  5.627472e-01 1.014
1  1.41e-01  0.5483541224  5.627472e-01 1.014
1  1.50e-01  0.5481241195  5.627472e-01 1.014
1  1.58e-01  0.547879748  5.627472e-01 1.014
1  1.68e-01  0.5476200539  5.627472e-01 1.014
1  1.78e-01  0.5473446535  5.627472e-01 1.014
1  1.88e-01  0.5470532462  5.627472e-01 1.014
1  2.00e-01  0.5467433802  5.627472e-01 1.014
1  2.11e-01  0.5464142187  5.627472e-01 1.014
1  2.24e-01  0.5460651344  5.627472e-01 1.014
1  2.37e-01  0.5456945316  5.627472e-01 1.014
1  2.51e-01  0.5453004185  5.627472e-01 1.014
1  2.66e-01  0.544883607  5.627472e-01 1.014
1  2.82e-01  0.5444397099  5.627472e-01 1.014
1  2.99e-01  0.543967989  5.627472e-01 1.014
1  3.16e-01  0.5434681031  5.627472e-01 1.014
1  3.35e-01  0.5429362925  5.627472e-01 1.014
1  3.55e-01  0.5423698943  5.627472e-01 1.014
1  3.76e-01  0.5417707867  5.627472e-01 1.014
1  3.98e-01  0.5411309336  5.627472e-01 1.014
1  4.22e-01  0.5404522403  5.627472e-01 1.014
1  4.47e-01  0.5397318206  5.627472e-01 1.014
1  4.73e-01  0.5389638842  5.627472e-01 1.014
1  5.01e-01  0.5381487219  5.627472e-01 1.014
1  5.31e-01  0.5372789073  5.627472e-01 1.014
1  5.62e-01  0.5363567874  5.627472e-01 1.014
1  5.96e-01  0.5353719929  5.627472e-01 1.014
1  6.31e-01  0.5343249209  5.627472e-01 1.014
1  6.68e-01  0.5332114083  5.627472e-01 1.014
1  7.08e-01  0.5320246441  5.627472e-01 1.014
1  7.50e-01  0.5307618769  5.627472e-01 1.014
1  7.94e-01  0.5294172718  5.627472e-01 1.014
1  8.41e-01  0.527980608  5.627472e-01 1.014
1  8.91e-01  0.526452659  5.627472e-01 1.014
1  9.44e-01  0.5248264877  5.627472e-01 1.014
1  1.00e+00  0.5230901669  5.627472e-01 1.014
1  1.06e+00  0.5212360079  5.627472e-01 1.014
1  1.12e+00  0.519263311  5.627472e-01 1.014
1  1.19e+00  0.5171633335  5.627472e-01 1.014
1  1.26e+00  0.5149207195  5.627472e-01 1.014
1  1.33e+00  0.5125345403  5.627472e-01 1.014
1  1.41e+00  0.5099877562  5.627472e-01 1.014
1  1.50e+00  0.5072748248  5.627472e-01 1.014
1  1.58e+00  0.5043843385  5.627472e-01 1.014
1  1.68e+00  0.5013064994  5.627472e-01 1.014
1  1.78e+00  0.498032606  5.627472e-01 1.014
1  1.88e+00  0.4945487185  5.627472e-01 1.014
1  2.00e+00  0.4908510451  5.627472e-01 1.014
1  2.11e+00  0.4869252501  5.627472e-01 1.014
1  2.24e+00  0.4827570533  5.627472e-01 1.014
1  2.37e+00  0.4783536506  5.627472e-01 1.014
1  2.51e+00  0.4737094755  5.627472e-01 1.014
1  2.66e+00  0.4688079351  5.627472e-01 1.014
1  2.82e+00  0.4636573758  5.627472e-01 1.014
1  2.99e+00  0.4582423405  5.627472e-01 1.014
1  3.16e+00  0.4526069996  5.627472e-01 1.014
1  3.35e+00  0.4467304134  5.627472e-01 1.014
1  3.55e+00  0.4406309645  5.627472e-01 1.014
1  3.76e+00  0.4343356466  5.627472e-01 1.014
1  3.98e+00  0.4278838151  5.627472e-01 1.014
1  4.22e+00  0.421305871  5.627472e-01 1.014
1  4.47e+00  0.4146189088  5.627472e-01 1.014
1  4.73e+00  0.4078674126  5.627472e-01 1.014
1  5.01e+00  0.4011239576  5.627472e-01 1.014
1  5.31e+00  0.3944369032  5.627472e-01 1.014
1  5.62e+00  0.3878249696  5.627472e-01 1.014
1  5.96e+00  0.3813521585  5.627472e-01 1.014
1  6.31e+00  0.3750635116  5.627472e-01 1.014
1  6.68e+00  0.3689904368  5.627472e-01 1.014
1  7.08e+00  0.3631982383  5.627472e-01 1.014
1  7.50e+00  0.3576948917  5.627472e-01 1.014
1  7.94e+00  0.3525294838  5.627472e-01 1.014
1  8.41e+00  0.3476714348  5.627472e-01 1.014
1  8.91e+00  0.3431371722  5.627472e-01 1.014
1  9.44e+00  0.3389748691  5.627472e-01 1.014
1  1.00e+01  0.3351053904  5.627472e-01 1.014
1  1.06e+01  0.3315810731  5.627472e-01 1.014
1  1.12e+01  0.3283708759  5.627472e-01 1.014
1  1.19e+01  0.3254875115  5.627472e-01 1.014
1  1.26e+01  0.3228197296  5.627472e-01 1.014
1  1.33e+01  0.3204295461  5.627472e-01 1.014
1  1.41e+01  0.3182717531  5.627472e-01 1.014
1  1.50e+01  0.3163053142  5.627472e-01 1.014
1  1.58e+01  0.3145526219  5.627472e-01 1.014
1  1.68e+01  0.3129882018  5.627472e-01 1.014
1  1.78e+01  0.3115778246  5.627472e-01 1.014
1  1.88e+01  0.3103042146  5.627472e-01 1.014
1  2.00e+01  0.3091290179  5.627472e-01 1.014
1  2.11e+01  0.308102906  5.627472e-01 1.014
1  2.24e+01  0.3071337658  5.627472e-01 1.014
1  2.37e+01  0.3062662602  5.627472e-01 1.014
1  2.51e+01  0.3054723204  5.627472e-01 1.014
1  2.66e+01  0.3047415191  5.627472e-01 1.014
1  2.82e+01  0.3040777714  5.627472e-01 1.014
1  2.99e+01  0.3034339917  5.627472e-01 1.014
1  3.16e+01  0.3028169327  5.627472e-01 1.014
1  3.35e+01  0.302262934  5.627472e-01 1.014
1  3.55e+01  0.3016941613  5.627472e-01 1.014
1  3.76e+01  0.3011523555  5.627472e-01 1.014
1  3.98e+01  0.3005969681  5.627472e-01 1.014
1  4.22e+01  0.3000477965  5.627472e-01 1.014
1  4.47e+01  0.2995112871  5.627472e-01 1.014
1  4.73e+01  0.2989146447  5.627472e-01 1.014
1  5.01e+01  0.2983264953  5.627472e-01 1.014
1  5.31e+01  0.2976938406  5.627472e-01 1.014
1  5.62e+01  0.2970065305  5.627472e-01 1.014
1  5.96e+01  0.2962533871  5.627472e-01 1.014
1  6.31e+01  0.2954135625  5.627472e-01 1.014
1  6.68e+01  0.2944917099  5.627472e-01 1.014
1  7.08e+01  0.2934647279  5.627472e-01 1.014
1  7.50e+01  0.2922931947  5.627472e-01 1.014
1  7.94e+01  0.2909308288  5.627472e-01 1.014
1  8.41e+01  0.2893345917  5.627472e-01 1.014
1  8.91e+01  0.2874709777  5.627472e-01 1.014
1  9.44e+01  0.2852764977  5.627472e-01 1.014
1  1.00e+02  0.2825973987  5.627472e-01 1.014
1  1.06e+02  0.2793648804  5.627472e-01 1.014
1  1.12e+02  0.2753462586  5.627472e-01 1.014
1  1.19e+02  0.2702955691  5.627472e-01 1.014
1  1.26e+02  0.2639253701  5.627472e-01 1.014
1  1.33e+02  0.2557571206  5.627472e-01 1.014
1  1.41e+02  0.2452468005  5.627472e-01 1.014
1  1.50e+02  0.2316556361  5.627472e-01 1.014
1  1.58e+02  0.2144099597  5.627472e-01 1.014
1  1.68e+02  0.1931937406  5.627472e-01 1.014
1  1.78e+02  0.1685734161  5.627472e-01 1.014
1  1.88e+02  0.1423294269  5.627472e-01 1.014
1  2.00e+02  0.1170649499  5.627472e-01 1.014
1  2.11e+02  0.09502193845  5.627472e-01 1.014
1  2.24e+02  0.07729495299  5.627472e-01 1.014
1  2.37e+02  0.06378165985  5.627472e-01 1.014
1  2.51e+02  0.05377880025  5.627472e-01 1.014
1  2.66e+02  0.04647221556  5.627472e-01 1.014
1  2.82e+02  0.04111947047  5.627472e-01 1.014
1  2.99e+02  0.03716947353  5.627472e-01 1.014
1  3.16e+02  0.03422229664  5.627472e-01 1.014
1  3.35e+02  0.03200460089  5.627472e-01 1.014
1  3.55e+02  0.03030670138  5.627472e-01 1.014
1  3.76e+02  0.02899735863  5.627472e-01 1.014
1  3.98e+02  0.02796983656  5.627472e-01 1.014
1  4.22e+02  0.02716253592  5.627472e-01 1.014
1  4.47e+02  0.02651815116  5.627472e-01 1.014
1  4.73e+02  0.02599761093  5.627472e-01 1.014
1  5.01e+02  0.02557480825  5.627472e-01 1.014
1  5.31e+02  0.02523378767  5.627472e-01 1.014
1  5.62e+02  0.02494966861  5.627472e-01 1.014
1  5.96e+02  0.0247160369  5.627472e-01 1.014
1  6.31e+02  0.02452024223  5.627472e-01 1.014
1  6.68e+02  0.02435867539  5.627472e-01 1.014
1  7.08e+02  0.0242225466  5.627472e-01 1.014
1  7.50e+02  0.02410665933  5.627472e-01 1.014
1  7.94e+02  0.02400885467  5.627472e-01 1.014
1  8.41e+02  0.02392673131  5.627472e-01 1.014
1  8.91e+02  0.02385645114  5.627472e-01 1.014
1  9.44e+02  0.02379476055  5.627472e-01 1.014
1  1.00e+03  0.02374460973  5.627472e-01 1.014
1  1.06e+03  0.02369896541  5.627472e-01 1.014
1  1.12e+03  0.02366057153  5.627472e-01 1.014
1  1.19e+03  0.02362843696  5.627472e-01 1.014
1  1.26e+03  0.02359990097  5.627472e-01 1.014
1  1.33e+03  0.02357428374  5.627472e-01 1.014
1  1.41e+03  0.02355352417  5.627472e-01 1.014
1  1.50e+03  0.0235335393  5.627472e-01 1.014
1  1.58e+03  0.02351795786  5.627472e-01 1.014
1  1.68e+03  0.02350463514  5.627472e-01 1.014
1  1.78e+03  0.02349119402  5.627472e-01 1.014
1  1.88e+03  0.02348043108  5.627472e-01 1.014
1  2.00e+03  0.02347028614  5.627472e-01 1.014
1  2.11e+03  0.02346216392  5.627472e-01 1.014
1  2.24e+03  0.02345455815  5.627472e-01 1.014
1  2.37e+03  0.02344909357  5.627472e-01 1.014
1  2.51e+03  0.02344351198  5.627472e-01 1.014
1  2.66e+03  0.02343745563  5.627472e-01 1.014
1  2.82e+03  0.02343316034  5.627472e-01 1.014
1  2.99e+03  0.02343024505  5.627472e-01 1.014
1  3.16e+03  0.02342683527  5.627472e-01 1.014
1  3.35e+03  0.02342278168  5.627472e-01 1.014
1  3.55e+03  0.02342186824  5.627472e-01 1.014
1  3.76e+03  0.02342048834  5.627472e-01 1.014
1  3.98e+03  0.02341722612  5.627472e-01 1.014
1  4.22e+03  0.02341187852  5.627472e-01 1.014
1  4.47e+03  0.02341517055  5.627472e-01 1.014
1  4.73e+03  0.02340759764  5.627472e-01 1.014
1  5.01e+03  0.02341941171  5.627472e-01 1.014
1  5.31e+03  0.02341850959  5.627472e-01 1.014
1  5.62e+03  0.02340756937  5.627472e-01 1.014
1  5.96e+03  0.02340401416  5.627472e-01 1.014
1  6.31e+03  0.02340986746  5.627472e-01 1.014
1  6.68e+03  0.02343303283  5.627472e-01 1.014
1  7.08e+03  0.02348719171  5.627472e-01 1.014
1  7.50e+03  0.02354041045  5.627472e-01 1.014
1  7.94e+03  0.02351467958  5.627472e-01 1.014
1  8.41e+03  0.02365355669  5.627472e-01 1.014
1  8.91e+03  0.02376567141  5.627472e-01 1.014
1  9.44e+03  0.02392474631  5.627472e-01 1.014
1  1.00e+04  0.02414606419  5.627472e-01 1.014
1  1.06e+04  0.02462901446  5.627472e-01 1.014
1  1.12e+04  0.02491005102  5.627472e-01 1.014
1  1.19e+04  0.02545402665  5.627472e-01 1.014
1  1.26e+04  0.02638169707  5.627472e-01 1.014
1  1.33e+04  0.02750053462  5.627472e-01 1.014
1  1.41e+04  0.02869854346  5.627472e-01 1.014
1  1.50e+04  0.03016229696  5.627472e-01 1.014
1  1.58e+04  0.03214260247  5.627472e-01 1.014
1  1.68e+04  0.03443020984  5.627472e-01 1.014
1  1.78e+04  0.03708880717  5.627472e-01 1.014
1  1.88e+04  0.04019190069  5.627472e-01 1.014
1  2.00e+04  0.04366902484  5.627472e-01 1.014
1  2.11e+04  0.04759227309  5.627472e-01 1.014
1  2.24e+04  0.05230986367  5.627472e-01 1.014
1  2.37e+04  0.05753083155  5.627472e-01 1.014
1  2.51e+04  0.06295565624  5.627472e-01 1.014
1  2.66e+04  0.06972872607  5.627472e-01 1.014
1  2.82e+04  0.07642831598  5.627472e-01 1.014
1  2.99e+04  0.08374680025  5.627472e-01 1.014
1  3.16e+04  0.09199678113  5.627472e-01 1.014
1  3.35e+04  0.1001967618  5.627472e-01 1.014
1  3.55e+04  0.1092535783  5.627472e-01 1.014
1  3.76e+04  0.1190374228  5.627472e-01 1.014
1  3.98e+04  0.1276392382  5.627472e-01 1.014
1  4.22e+04  0.1399561376  5.627472e-01 1.014
1  4.47e+04  0.1482119162  5.627472e-01 1.014
1  4.73e+04  0.1596428161  5.627472e-01 1.014
1  5.01e+04  0.1726207337  5.627472e-01 1.014
1  5.31e+04  0.1813479801  5.627472e-01 1.014
1  5.62e+04  0.1922955921  5.627472e-01 1.014
1  5.96e+04  0.2059652498  5.627472e-01 1.014
1  6.31e+04  0.2181140224  5.627472e-01 1.014
1  6.68e+04  0.2278564036  5.627472e-01 1.014
1  7.08e+04  0.2374898959  5.627472e-01 1.014
1  7.50e+04  0.2496764603  5.627472e-01 1.014
1  7.94e+04  0.2637827159  5.627472e-01 1.014
1  8.41e+04  0.2765411816  5.627472e-01 1.014
1  8.91e+04  0.2863828288  5.627472e-01 1.014
1  9.44e+04  0.2946840155  5.627472e-01 1.014
1  1.00e+05  0.3035042767  5.627472e-01 1.014
1  1.06e+05  0.3137649001  5.627472e-01 1.014
1  1.12e+05  0.3252785173  5.627472e-01 1.014
1  1.19e+05  0.3373846249  5.627472e-01 1.014
1  1.26e+05  0.3492897242  5.627472e-01 1.014
1  1.33e+05  0.3602603705  5.627472e-01 1.014
1  1.41e+05  0.3698454388  5.627472e-01 1.014
1  1.50e+05  0.3780025362  5.627472e-01 1.014
1  1.58e+05  0.3850311913  5.627472e-01 1.014
1  1.68e+05  0.3913837739  5.627472e-01 1.014
1  1.78e+05  0.3974830054  5.627472e-01 1.014
1  1.88e+05  0.4036226257  5.627472e-01 1.014
1  2.00e+05  0.409953954  5.627472e-01 1.014
1  2.11e+05  0.4165202542  5.627472e-01 1.014
1  2.24e+05  0.4232995815  5.627472e-01 1.014
1  2.37e+05  0.4302357852  5.627472e-01 1.014
1  2.51e+05  0.43725553  5.627472e-01 1.014
1  2.66e+05  0.444277269  5.627472e-01 1.014
1  2.82e+05  0.4512177278  5.627472e-01 1.014
1  2.99e+05  0.4579980932  5.627472e-01 1.014
1  3.16e+05  0.4645495736  5.627472e-01 1.014
1  3.35e+05  0.4708172906  5.627472e-01 1.014
1  3.55e+05  0.4767619286  5.627472e-01 1.014
1  3.76e+05  0.4823593025  5.627472e-01 1.014
1  3.98e+05  0.4875984747  5.627472e-01 1.014
1  4.22e+05  0.4924791609  5.627472e-01 1.014
1  4.47e+05  0.4970090294  5.627472e-01 1.014
1  4.73e+05  0.5012012728  5.627472e-01 1.014
1  5.01e+05  0.505072622  5.627472e-01 1.014
1  5.31e+05  0.5086418296  5.627472e-01 1.014
1  5.62e+05  0.511928569  5.627472e-01 1.014
1  5.96e+05  0.5149526669  5.627472e-01 1.014
1  6.31e+05  0.5177335871  5.627472e-01 1.014
1  6.68e+05  0.5202900941  5.627472e-01 1.014
1  7.08e+05  0.5226400438  5.627472e-01 1.014
1  7.50e+05  0.5248002621  5.627472e-01 1.014
1  7.94e+05  0.5267864843  5.627472e-01 1.014
1  8.41e+05  0.5286133371  5.627472e-01 1.014
1  8.91e+05  0.5302943498  5.627472e-01 1.014
1  9.44e+05  0.5318419861  5.627472e-01 1.014
1  1.00e+06  0.5332676899  5.627472e-01 1.014
1  1.06e+06  0.5345819403  5.627472e-01 1.014
1  1.12e+06  0.5357943111  5.627472e-01 1.014
1  1.19e+06  0.5369135344  5.627472e-01 1.014
1  1.26e+06  0.5379475633  5.627472e-01 1.014
1  1.33e+06  0.5389036341  5.627472e-01 1.014
1  1.41e+06  0.5397883269  5.627472e-01 1.014
1  1.50e+06  0.5406076223  5.627472e-01 1.014
1  1.58e+06  0.5413669553  5.627472e-01 1.014
1  1.68e+06  0.5420712651  5.627472e-01 1.014
1  1.78e+06  0.5427250416  5.627472e-01 1.014
1  1.88e+06  0.5433323706  5.627472e-01 1.014
1  2.00e+06  0.5438969646  5.627472e-01 1.014
1  2.11e+06  0.5444222043  5.627472e-01 1.014
1  2.24e+06  0.5449111719  5.627472e-01 1.014
1  2.37e+06  0.5453666767  5.627472e-01 1.014
1  2.51e+06  0.5457912828  5.627472e-01 1.014
1  2.66e+06  0.5461873322  5.627472e-01 1.014
1  2.82e+06  0.5465569662  5.627472e-01 1.014
1  2.99e+06  0.5469021443  5.627472e-01 1.014
1  3.16e+06  0.5472246617  5.627472e-01 1.014
1  3.35e+06  0.5475261642  5.627472e-01 1.014
1  3.55e+06  0.5478081631  5.627472e-01 1.014
1  3.76e+06  0.5480720462  5.627472e-01 1.014
1  3.98e+06  0.5483190905  5.627472e-01 1.014
1  4.22e+06  0.5485504713  5.627472e-01 1.014
1  4.47e+06  0.5487672718  5.627472e-01 1.014
1  4.73e+06  0.5489704912  5.627472e-01 1.014
1  5.01e+06  0.549161052  5.627472e-01 1.014
1  5.31e+06  0.5493398065  5.627472e-01 1.014
1  5.62e+06  0.5495075434  5.627472e-01 1.014
1  5.96e+06  0.5496649925  5.627472e-01 1.014
1  6.31e+06  0.5498128302  5.627472e-01 1.014
1  6.68e+06  0.5499516836  5.627472e-01 1.014
1  7.08e+06  0.5500821347  5.627472e-01 1.014
1  7.50e+06  0.5502047241  5.627472e-01 1.014
1  7.94e+06  0.5503199542  5.627472e-01 1.014
1  8.41e+06  0.5504282923  5.627472e-01 1.014
1  8.91e+06  0.5505301733  5.627472e-01 1.014
1  9.44e+06  0.5506260024  5.627472e-01 1.014
1  1.00e+07  0.5507161571  5.627472e-01 1.014
