1  1.00e-03  0.546767312  5.694069e-01 1.026
1  1.06e-03  0.546765769  5.694069e-01 1.026
1  1.12e-03  0.5467641663  5.694069e-01 1.026
1  1.19e-03  0.54676248  5.694069e-01 1.026
1  1.26e-03  0.5467606575  5.694069e-01 1.026
1  1.33e-03  0.5467587374  5.694069e-01 1.026
1  1.41e-03  0.546756665  5.694069e-01 1.026
1  1.50e-03  0.5467544915  5.694069e-01 1.026
1  1.58e-03  0.5467520541  5.694069e-01 1.026
1  1.68e-03  0.5467497065  5.694069e-01 1.026
1  1.78e-03  0.5467470206  5.694069e-01 1.026
1  1.88e-03  0.546744254  5.694069e-01 1.026
1  2.00e-03  0.5467413801  5.694069e-01 1.026
1  2.11e-03  0.5467382805  5.694069e-01 1.026
1  2.24e-03  0.5467350126  5.694069e-01 1.026
1  2.37e-03  0.5467316156  5.694069e-01 1.026
1  2.51e-03  0.5467278913  5.694069e-01 1.026
1  2.66e-03  0.5467240544  5.694069e-01 1.026
1  2.82e-03  0.5467199094  5.694069e-01 1.026
1  2.99e-03  0.5467155511  5.694069e-01 1.026
1  3.16e-03  0.5467109871  5.694069e-01 1.026
1  3.35e-03  0.546706075  5.694069e-01 1.026
1  3.55e-03  0.546700904  5.694069e-01 1.026
1  3.76e-03  0.5466954112  5.694069e-01 1.026
1  3.98e-03  0.5466896104  5.694069e-01 1.026
1  4.22e-03  0.5466834468  5.694069e-01 1.026
1  4.47e-03  0.54667693  5.694069e-01 1.026
1  4.73e-03  0.5466700262  5.694069e-01 1.026
1  5.01e-03  0.5466627241  5.694069e-01 1.026
1  5.31e-03  0.5466549662  5.694069e-01 1.026
1  5.62e-03  0.5466467601  5.694069e-01 1.026
1  5.96e-03  0.5466380645  5.694069e-01 1.026
1  6.31e-03  0.5466288498  5.694069e-01 1.026
1  6.68e-03  0.5466191026  5.694069e-01 1.026
1  7.08e-03  0.5466087567  5.694069e-01 1.026
1  7.50e-03  0.54659782  5.694069e-01 1.026
1  7.94e-03  0.5465861872  5.694069e-01 1.026
1  8.41e-03  0.5465739219  5.694069e-01 1.026
1  8.91e-03  0.5465608732  5.694069e-01 1.026
1  9.44e-03  0.5465470799  5.694069e-01 1.026
1  1.00e-02  0.5465324978  5.694069e-01 1.026
1  1.06e-02  0.5465170007  5.694069e-01 1.026
1  1.12e-02  0.5465006088  5.694069e-01 1.026
1  1.19e-02  0.5464832463  5.694069e-01 1.026
1  1.26e-02  0.5464648342  5.694069e-01 1.026
1  1.33e-02  0.5464453127  5.694069e-01 1.026
1  1.41e-02  0.5464246761  5.694069e-01 1.026
1  1.50e-02  0.5464027689  5.694069e-01 1.026
1  1.58e-02  0.5463796376  5.694069e-01 1.026
1  1.68e-02  0.5463550833  5.694069e-01 1.026
1  1.78e-02  0.5463290001  5.694069e-01 1.026
1  1.88e-02  0.5463014952  5.694069e-01 1.026
1  2.00e-02  0.5462722512  5.694069e-01 1.026
1  2.11e-02  0.5462412777  5.694069e-01 1.026
1  2.24e-02  0.5462085634  5.694069e-01 1.026
1  2.37e-02  0.546173822  5.694069e-01 1.026
1  2.51e-02  0.5461369877  5.694069e-01 1.026
1  2.66e-02  0.5460979615  5.694069e-01 1.026
1  2.82e-02  0.5460567189  5.694069e-01 1.026
1  2.99e-02  0.5460129228  5.694069e-01 1.026
1  3.16e-02  0.5459665969  5.694069e-01 1.026
1  3.35e-02  0.5459173747  5.694069e-01 1.026
1  3.55e-02  0.5458653664  5.694069e-01 1.026
1  3.76e-02  0.5458101575  5.694069e-01 1.026
1  3.98e-02  0.5457516574  5.694069e-01 1.026
1  4.22e-02  0.5456896124  5.694069e-01 1.026
1  4.47e-02  0.5456240806  5.694069e-01 1.026
1  4.73e-02  0.5455543578  5.694069e-01 1.026
1  5.01e-02  0.5454806101  5.694069e-01 1.026
1  5.31e-02  0.5454026508  5.694069e-01 1.026
1  5.62e-02  0.5453198039  5.694069e-01 1.026
1  5.96e-02  0.5452319116  5.694069e-01 1.026
1  6.31e-02  0.545138814  5.694069e-01 1.026
1  6.68e-02  0.545040168  5.694069e-01 1.026
1  7.08e-02  0.5449359081  5.694069e-01 1.026
1  7.50e-02  0.5448250332  5.694069e-01 1.026
1  7.94e-02  0.5447074802  5.694069e-01 1.026
1  8.41e-02  0.5445830813  5.694069e-01 1.026
1  8.91e-02  0.5444508788  5.694069e-01 1.026
1  9.44e-02  0.5443112758  5.694069e-01 1.026
1  1.00e-01  0.5441626894  5.694069e-01 1.026
1  1.06e-01  0.544005584  5.694069e-01 1.026
1  1.12e-01  0.5438383898  5.694069e-01 1.026
1  1.19e-01  0.5436618194  5.694069e-01 1.026
1  1.26e-01  0.5434740767  5.694069e-01 1.026
1  1.33e-01  0.5432752042  5.694069e-01 1.026
1  1.41e-01  0.5430640392  5.694069e-01 1.026
1  1.50e-01  0.5428407066  5.694069e-01 1.026
1  1.58e-01  0.542603024  5.694069e-01 1.026
1  1.68e-01  0.5423513601  5.694069e-01 1.026
1  1.78e-01  0.5420836029  5.694069e-01 1.026
1  1.88e-01  0.5418005145  5.694069e-01 1.026
1  2.00e-01  0.5414999462  5.694069e-01 1.026
1  2.11e-01  0.5411800706  5.694069e-01 1.026
1  2.24e-01  0.5408412176  5.694069e-01 1.026
1  2.37e-01  0.540481522  5.694069e-01 1.026
1  2.51e-01  0.5400994827  5.694069e-01 1.026
1  2.66e-01  0.5396948586  5.694069e-01 1.026
1  2.82e-01  0.539264635  5.694069e-01 1.026
1  2.99e-01  0.5388073669  5.694069e-01 1.026
1  3.16e-01  0.5383214882  5.694069e-01 1.026
1  3.35e-01  0.537805721  5.694069e-01 1.026
1  3.55e-01  0.5372576321  5.694069e-01 1.026
1  3.76e-01  0.536675901  5.694069e-01 1.026
1  3.98e-01  0.5360561435  5.694069e-01 1.026
1  4.22e-01  0.5353985672  5.694069e-01 1.026
1  4.47e-01  0.5346994389  5.694069e-01 1.026
1  4.73e-01  0.5339558483  5.694069e-01 1.026
1  5.01e-01  0.5331673614  5.694069e-01 1.026
1  5.31e-01  0.5323248025  5.694069e-01 1.026
1  5.62e-01  0.5314324716  5.694069e-01 1.026
1  5.96e-01  0.5304806953  5.694069e-01 1.026
1  6.31e-01  0.5294666712  5.694069e-01 1.026
1  6.68e-01  0.5283885357  5.694069e-01 1.026
1  7.08e-01  0.5272438303  5.694069e-01 1.026
1  7.50e-01  0.5260200469  5.694069e-01 1.026
1  7.94e-01  0.5247210786  5.694069e-01 1.026
1  8.41e-01  0.5233344707  5.694069e-01 1.026
1  8.91e-01  0.5218626232  5.694069e-01 1.026
1  9.44e-01  0.5202901596  5.694069e-01 1.026
1  1.00e+00  0.5186140258  5.694069e-01 1.026
1  1.06e+00  0.5168315224  5.694069e-01 1.026
1  1.12e+00  0.5149313026  5.694069e-01 1.026
1  1.19e+00  0.5129093656  5.694069e-01 1.026
1  1.26e+00  0.5107476855  5.694069e-01 1.026
1  1.33e+00  0.5084524128  5.694069e-01 1.026
1  1.41e+00  0.5060035789  5.694069e-01 1.026
1  1.50e+00  0.5034002885  5.694069e-01 1.026
1  1.58e+00  0.50062481  5.694069e-01 1.026
1  1.68e+00  0.4976742582  5.694069e-01 1.026
1  1.78e+00  0.4945424761  5.694069e-01 1.026
1  1.88e+00  0.4912059889  5.694069e-01 1.026
1  2.00e+00  0.4876693824  5.694069e-01 1.026
1  2.11e+00  0.483926271  5.694069e-01 1.026
1  2.24e+00  0.4799582499  5.694069e-01 1.026
1  2.37e+00  0.4757622962  5.694069e-01 1.026
1  2.51e+00  0.4713279789  5.694069e-01 1.026
1  2.66e+00  0.4666670941  5.694069e-01 1.026
1  2.82e+00  0.4617733514  5.694069e-01 1.026
1  2.99e+00  0.4566570332  5.694069e-01 1.026
1  3.16e+00  0.4512989455  5.694069e-01 1.026
1  3.35e+00  0.445742102  5.694069e-01 1.026
1  3.55e+00  0.4399912035  5.694069e-01 1.026
1  3.76e+00  0.4340585942  5.694069e-01 1.026
1  3.98e+00  0.4279638991  5.694069e-01 1.026
1  4.22e+00  0.4217470871  5.694069e-01 1.026
1  4.47e+00  0.4154607615  5.694069e-01 1.026
1  4.73e+00  0.4091376  5.694069e-01 1.026
1  5.01e+00  0.4027917325  5.694069e-01 1.026
1  5.31e+00  0.3964930635  5.694069e-01 1.026
1  5.62e+00  0.3902980034  5.694069e-01 1.026
1  5.96e+00  0.384210206  5.694069e-01 1.026
1  6.31e+00  0.3783078505  5.694069e-01 1.026
1  6.68e+00  0.3726146943  5.694069e-01 1.026
1  7.08e+00  0.3671704778  5.694069e-01 1.026
1  7.50e+00  0.3619990988  5.694069e-01 1.026
1  7.94e+00  0.357141433  5.694069e-01 1.026
1  8.41e+00  0.3525560998  5.694069e-01 1.026
1  8.91e+00  0.3483059935  5.694069e-01 1.026
1  9.44e+00  0.3443530716  5.694069e-01 1.026
1  1.00e+01  0.3407195118  5.694069e-01 1.026
1  1.06e+01  0.337391897  5.694069e-01 1.026
1  1.12e+01  0.3343478835  5.694069e-01 1.026
1  1.19e+01  0.3315739113  5.694069e-01 1.026
1  1.26e+01  0.3290478587  5.694069e-01 1.026
1  1.33e+01  0.3267849096  5.694069e-01 1.026
1  1.41e+01  0.3247291021  5.694069e-01 1.026
1  1.50e+01  0.3228512669  5.694069e-01 1.026
1  1.58e+01  0.3211854565  5.694069e-01 1.026
1  1.68e+01  0.3196923574  5.694069e-01 1.026
1  1.78e+01  0.3183065492  5.694069e-01 1.026
1  1.88e+01  0.3170773514  5.694069e-01 1.026
1  2.00e+01  0.3159811563  5.694069e-01 1.026
1  2.11e+01  0.3149696643  5.694069e-01 1.026
1  2.24e+01  0.3140400489  5.694069e-01 1.026
1  2.37e+01  0.3132079064  5.694069e-01 1.026
1  2.51e+01  0.3124272585  5.694069e-01 1.026
1  2.66e+01  0.3117124883  5.694069e-01 1.026
1  2.82e+01  0.311070273  5.694069e-01 1.026
1  2.99e+01  0.3104204723  5.694069e-01 1.026
1  3.16e+01  0.3098500862  5.694069e-01 1.026
1  3.35e+01  0.3092566925  5.694069e-01 1.026
1  3.55e+01  0.3087109303  5.694069e-01 1.026
1  3.76e+01  0.3081599502  5.694069e-01 1.026
1  3.98e+01  0.3076413056  5.694069e-01 1.026
1  4.22e+01  0.3070860968  5.694069e-01 1.026
1  4.47e+01  0.3065363812  5.694069e-01 1.026
1  4.73e+01  0.3059321707  5.694069e-01 1.026
1  5.01e+01  0.305340595  5.694069e-01 1.026
1  5.31e+01  0.3046968271  5.694069e-01 1.026
1  5.62e+01  0.303989177  5.694069e-01 1.026
1  5.96e+01  0.303212936  5.694069e-01 1.026
1  6.31e+01  0.3023725856  5.694069e-01 1.026
1  6.68e+01  0.3014512417  5.694069e-01 1.026
1  7.08e+01  0.3003751568  5.694069e-01 1.026
1  7.50e+01  0.2991621452  5.694069e-01 1.026
1  7.94e+01  0.2977806338  5.694069e-01 1.026
1  8.41e+01  0.2961615903  5.694069e-01 1.026
1  8.91e+01  0.2942599565  5.694069e-01 1.026
1  9.44e+01  0.2919779832  5.694069e-01 1.026
1  1.00e+02  0.2892413931  5.694069e-01 1.026
1  1.06e+02  0.2859229548  5.694069e-01 1.026
1  1.12e+02  0.2817979603  5.694069e-01 1.026
1  1.19e+02  0.2766220131  5.694069e-01 1.026
1  1.26e+02  0.2700817295  5.694069e-01 1.026
1  1.33e+02  0.2616962664  5.694069e-01 1.026
1  1.41e+02  0.2508955414  5.694069e-01 1.026
1  1.50e+02  0.236952452  5.694069e-01 1.026
1  1.58e+02  0.2192523831  5.694069e-01 1.026
1  1.68e+02  0.1974573468  5.694069e-01 1.026
1  1.78e+02  0.1721880659  5.694069e-01 1.026
1  1.88e+02  0.145280187  5.694069e-01 1.026
1  2.00e+02  0.1193788898  5.694069e-01 1.026
1  2.11e+02  0.09677945023  5.694069e-01 1.026
1  2.24e+02  0.07860872271  5.694069e-01 1.026
1  2.37e+02  0.06476680253  5.694069e-01 1.026
1  2.51e+02  0.05453176828  5.694069e-01 1.026
1  2.66e+02  0.04703306249  5.694069e-01 1.026
1  2.82e+02  0.04155045384  5.694069e-01 1.026
1  2.99e+02  0.03750388766  5.694069e-01 1.026
1  3.16e+02  0.03449329866  5.694069e-01 1.026
1  3.35e+02  0.03221661381  5.694069e-01 1.026
1  3.55e+02  0.03048001809  5.694069e-01 1.026
1  3.76e+02  0.0291324368  5.694069e-01 1.026
1  3.98e+02  0.02808419098  5.694069e-01 1.026
1  4.22e+02  0.02725703777  5.694069e-01 1.026
1  4.47e+02  0.02659406651  5.694069e-01 1.026
1  4.73e+02  0.02606167237  5.694069e-01 1.026
1  5.01e+02  0.02563069993  5.694069e-01 1.026
1  5.31e+02  0.02527782072  5.694069e-01 1.026
1  5.62e+02  0.02498827151  5.694069e-01 1.026
1  5.96e+02  0.02474800247  5.694069e-01 1.026
1  6.31e+02  0.02454860701  5.694069e-01 1.026
1  6.68e+02  0.02438152971  5.694069e-01 1.026
1  7.08e+02  0.02424182005  5.694069e-01 1.026
1  7.50e+02  0.02412382378  5.694069e-01 1.026
1  7.94e+02  0.02402353794  5.694069e-01 1.026
1  8.41e+02  0.02394043708  5.694069e-01 1.026
1  8.91e+02  0.02386753993  5.694069e-01 1.026
1  9.44e+02  0.02380488055  5.694069e-01 1.026
1  1.00e+03  0.02375275532  5.694069e-01 1.026
1  1.06e+03  0.02370621622  5.694069e-01 1.026
1  1.12e+03  0.02366687735  5.694069e-01 1.026
1  1.19e+03  0.02363390099  5.694069e-01 1.026
1  1.26e+03  0.0236052139  5.694069e-01 1.026
1  1.33e+03  0.02357856966  5.694069e-01 1.026
1  1.41e+03  0.02355736591  5.694069e-01 1.026
1  1.50e+03  0.02353692784  5.694069e-01 1.026
1  1.58e+03  0.02352110275  5.694069e-01 1.026
1  1.68e+03  0.02350730408  5.694069e-01 1.026
1  1.78e+03  0.02349325234  5.694069e-01 1.026
1  1.88e+03  0.02348262925  5.694069e-01 1.026
1  2.00e+03  0.02347193633  5.694069e-01 1.026
1  2.11e+03  0.02346365906  5.694069e-01 1.026
1  2.24e+03  0.02345588959  5.694069e-01 1.026
1  2.37e+03  0.02345027453  5.694069e-01 1.026
1  2.51e+03  0.02344447295  5.694069e-01 1.026
1  2.66e+03  0.02343842493  5.694069e-01 1.026
1  2.82e+03  0.02343399404  5.694069e-01 1.026
1  2.99e+03  0.02343106725  5.694069e-01 1.026
1  3.16e+03  0.02342738695  5.694069e-01 1.026
1  3.35e+03  0.02342332911  5.694069e-01 1.026
1  3.55e+03  0.02342235546  5.694069e-01 1.026
1  3.76e+03  0.02342090819  5.694069e-01 1.026
1  3.98e+03  0.02341757422  5.694069e-01 1.026
1  4.22e+03  0.02341228247  5.694069e-01 1.026
1  4.47e+03  0.02341533556  5.694069e-01 1.026
1  4.73e+03  0.02340789122  5.694069e-01 1.026
1  5.01e+03  0.02342010241  5.694069e-01 1.026
1  5.31e+03  0.0234184134  5.694069e-01 1.026
1  5.62e+03  0.0234070814  5.694069e-01 1.026
1  5.96e+03  0.02340357325  5.694069e-01 1.026
1  6.31e+03  0.02340940533  5.694069e-01 1.026
1  6.68e+03  0.02343238923  5.694069e-01 1.026
1  7.08e+03  0.02348788234  5.694069e-01 1.026
1  7.50e+03  0.02354451804  5.694069e-01 1.026
1  7.94e+03  0.02351802903  5.694069e-01 1.026
1  8.41e+03  0.0236560862  5.694069e-01 1.026
1  8.91e+03  0.02377499064  5.694069e-01 1.026
1  9.44e+03  0.02393122347  5.694069e-01 1.026
1  1.00e+04  0.02416065046  5.694069e-01 1.026
1  1.06e+04  0.02464431526  5.694069e-01 1.026
1  1.12e+04  0.02492591506  5.694069e-01 1.026
1  1.19e+04  0.02547958854  5.694069e-01 1.026
1  1.26e+04  0.0264085827  5.694069e-01 1.026
1  1.33e+04  0.02753177159  5.694069e-01 1.026
1  1.41e+04  0.02872260356  5.694069e-01 1.026
1  1.50e+04  0.03019156765  5.694069e-01 1.026
1  1.58e+04  0.03216757605  5.694069e-01 1.026
1  1.68e+04  0.03444491688  5.694069e-01 1.026
1  1.78e+04  0.03709362419  5.694069e-01 1.026
1  1.88e+04  0.04018598405  5.694069e-01 1.026
1  2.00e+04  0.0436484021  5.694069e-01 1.026
1  2.11e+04  0.04754900107  5.694069e-01 1.026
1  2.24e+04  0.05223871131  5.694069e-01 1.026
1  2.37e+04  0.05743137125  5.694069e-01 1.026
1  2.51e+04  0.06280956835  5.694069e-01 1.026
1  2.66e+04  0.06952628592  5.694069e-01 1.026
1  2.82e+04  0.07618744303  5.694069e-01 1.026
1  2.99e+04  0.08342928264  5.694069e-01 1.026
1  3.16e+04  0.09162298847  5.694069e-01 1.026
1  3.35e+04  0.0997360062  5.694069e-01 1.026
1  3.55e+04  0.1087273773  5.694069e-01 1.026
1  3.76e+04  0.1184009559  5.694069e-01 1.026
1  3.98e+04  0.1269385774  5.694069e-01 1.026
1  4.22e+04  0.1391302509  5.694069e-01 1.026
1  4.47e+04  0.1472910612  5.694069e-01 1.026
1  4.73e+04  0.1586365412  5.694069e-01 1.026
1  5.01e+04  0.1714647862  5.694069e-01 1.026
1  5.31e+04  0.1800918387  5.694069e-01 1.026
1  5.62e+04  0.1909475902  5.694069e-01 1.026
1  5.96e+04  0.2044780881  5.694069e-01 1.026
1  6.31e+04  0.2164848925  5.694069e-01 1.026
1  6.68e+04  0.2261149023  5.694069e-01 1.026
1  7.08e+04  0.2356524059  5.694069e-01 1.026
1  7.50e+04  0.2477232644  5.694069e-01 1.026
1  7.94e+04  0.2616817158  5.694069e-01 1.026
1  8.41e+04  0.2742907541  5.694069e-01 1.026
1  8.91e+04  0.2840116768  5.694069e-01 1.026
1  9.44e+04  0.2922175355  5.694069e-01 1.026
1  1.00e+05  0.3009454852  5.694069e-01 1.026
1  1.06e+05  0.3111010831  5.694069e-01 1.026
1  1.12e+05  0.3224946043  5.694069e-01 1.026
1  1.19e+05  0.3344706827  5.694069e-01 1.026
1  1.26e+05  0.34624369  5.694069e-01 1.026
1  1.33e+05  0.3570885536  5.694069e-01 1.026
1  1.41e+05  0.3665605672  5.694069e-01 1.026
1  1.50e+05  0.3746197437  5.694069e-01 1.026
1  1.58e+05  0.3815638934  5.694069e-01 1.026
1  1.68e+05  0.3878411849  5.694069e-01 1.026
1  1.78e+05  0.3938697252  5.694069e-01 1.026
1  1.88e+05  0.3999396422  5.694069e-01 1.026
1  2.00e+05  0.4062001113  5.694069e-01 1.026
1  2.11e+05  0.4126935177  5.694069e-01 1.026
1  2.24e+05  0.4193978715  5.694069e-01 1.026
1  2.37e+05  0.4262574413  5.694069e-01 1.026
1  2.51e+05  0.4331995542  5.694069e-01 1.026
1  2.66e+05  0.4401434538  5.694069e-01 1.026
1  2.82e+05  0.4470067095  5.694069e-01 1.026
1  2.99e+05  0.4537113388  5.694069e-01 1.026
1  3.16e+05  0.4601893034  5.694069e-01 1.026
1  3.35e+05  0.466386351  5.694069e-01 1.026
1  3.55e+05  0.4722636379  5.694069e-01 1.026
1  3.76e+05  0.477797292  5.694069e-01 1.026
1  3.98e+05  0.4829765436  5.694069e-01 1.026
1  4.22e+05  0.4878011555  5.694069e-01 1.026
1  4.47e+05  0.4922787501  5.694069e-01 1.026
1  4.73e+05  0.4964224069  5.694069e-01 1.026
1  5.01e+05  0.5002486989  5.694069e-01 1.026
1  5.31e+05  0.5037761933  5.694069e-01 1.026
1  5.62e+05  0.5070243632  5.694069e-01 1.026
1  5.96e+05  0.5100128303  5.694069e-01 1.026
1  6.31e+05  0.5127608538  5.694069e-01 1.026
1  6.68e+05  0.5152869993  5.694069e-01 1.026
1  7.08e+05  0.5176089315  5.694069e-01 1.026
1  7.50e+05  0.5197432949  5.694069e-01 1.026
1  7.94e+05  0.5217056542  5.694069e-01 1.026
1  8.41e+05  0.5235104762  5.694069e-01 1.026
1  8.91e+05  0.5251711419  5.694069e-01 1.026
1  9.44e+05  0.5266999776  5.694069e-01 1.026
1  1.00e+06  0.5281083003  5.694069e-01 1.026
1  1.06e+06  0.5294064722  5.694069e-01 1.026
1  1.12e+06  0.5306039604  5.694069e-01 1.026
1  1.19e+06  0.5317093987  5.694069e-01 1.026
1  1.26e+06  0.5327306504  5.694069e-01 1.026
1  1.33e+06  0.53367487  5.694069e-01 1.026
1  1.41e+06  0.5345485627  5.694069e-01 1.026
1  1.50e+06  0.5353576407  5.694069e-01 1.026
1  1.58e+06  0.5361074767  5.694069e-01 1.026
1  1.68e+06  0.536802953  5.694069e-01 1.026
1  1.78e+06  0.5374485078  5.694069e-01 1.026
1  1.88e+06  0.5380481791  5.694069e-01 1.026
1  2.00e+06  0.538605636  5.694069e-01 1.026
1  2.11e+06  0.5391242207  5.694069e-01 1.026
1  2.24e+06  0.5396069781  5.694069e-01 1.026
1  2.37e+06  0.5400566848  5.694069e-01 1.026
1  2.51e+06  0.5404758745  5.694069e-01 1.026
1  2.66e+06  0.5408668614  5.694069e-01 1.026
1  2.82e+06  0.5412317612  5.694069e-01 1.026
1  2.99e+06  0.54157251  5.694069e-01 1.026
1  3.16e+06  0.5418908813  5.694069e-01 1.026
1  3.35e+06  0.5421885014  5.694069e-01 1.026
1  3.55e+06  0.5424668628  5.694069e-01 1.026
1  3.76e+06  0.5427273369  5.694069e-01 1.026
1  3.98e+06  0.5429711848  5.694069e-01 1.026
1  4.22e+06  0.5431995676  5.694069e-01 1.026
1  4.47e+06  0.5434135552  5.694069e-01 1.026
1  4.73e+06  0.5436141345  5.694069e-01 1.026
1  5.01e+06  0.5438022166  5.694069e-01 1.026
1  5.31e+06  0.5439786433  5.694069e-01 1.026
1  5.62e+06  0.5441441933  5.694069e-01 1.026
1  5.96e+06  0.5442995875  5.694069e-01 1.026
1  6.31e+06  0.5444454938  5.694069e-01 1.026
1  6.68e+06  0.5445825314  5.694069e-01 1.026
1  7.08e+06  0.544711275  5.694069e-01 1.026
1  7.50e+06  0.5448322584  5.694069e-01 1.026
1  7.94e+06  0.5449459777  5.694069e-01 1.026
1  8.41e+06  0.5450528943  5.694069e-01 1.026
1  8.91e+06  0.5451534375  5.694069e-01 1.026
1  9.44e+06  0.5452480073  5.694069e-01 1.026
1  1.00e+07  0.5453369766  5.694069e-01 1.026
