1  1.00e-03  0.5476560793  5.682969e-01 1.024
1  1.06e-03  0.5476545256  5.682969e-01 1.024
1  1.12e-03  0.5476529163  5.682969e-01 1.024
1  1.19e-03  0.547651222  5.682969e-01 1.024
1  1.26e-03  0.5476493929  5.682969e-01 1.024
1  1.33e-03  0.547647458  5.682969e-01 1.024
1  1.41e-03  0.5476453809  5.682969e-01 1.024
1  1.50e-03  0.5476431948  5.682969e-01 1.024
1  1.58e-03  0.5476407475  5.682969e-01 1.024
1  1.68e-03  0.5476383814  5.682969e-01 1.024
1  1.78e-03  0.5476356896  5.682969e-01 1.024
1  1.88e-03  0.5476329068  5.682969e-01 1.024
1  2.00e-03  0.5476300194  5.682969e-01 1.024
1  2.11e-03  0.5476269006  5.682969e-01 1.024
1  2.24e-03  0.5476236179  5.682969e-01 1.024
1  2.37e-03  0.5476202038  5.682969e-01 1.024
1  2.51e-03  0.5476164675  5.682969e-01 1.024
1  2.66e-03  0.5476126041  5.682969e-01 1.024
1  2.82e-03  0.547608448  5.682969e-01 1.024
1  2.99e-03  0.5476040633  5.682969e-01 1.024
1  3.16e-03  0.5475994763  5.682969e-01 1.024
1  3.35e-03  0.5475945426  5.682969e-01 1.024
1  3.55e-03  0.5475893398  5.682969e-01 1.024
1  3.76e-03  0.5475838275  5.682969e-01 1.024
1  3.98e-03  0.5475779895  5.682969e-01 1.024
1  4.22e-03  0.5475717967  5.682969e-01 1.024
1  4.47e-03  0.5475652482  5.682969e-01 1.024
1  4.73e-03  0.5475583231  5.682969e-01 1.024
1  5.01e-03  0.5475509735  5.682969e-01 1.024
1  5.31e-03  0.5475431919  5.682969e-01 1.024
1  5.62e-03  0.5475349266  5.682969e-01 1.024
1  5.96e-03  0.5475261877  5.682969e-01 1.024
1  6.31e-03  0.5475169484  5.682969e-01 1.024
1  6.68e-03  0.5475071399  5.682969e-01 1.024
1  7.08e-03  0.5474967347  5.682969e-01 1.024
1  7.50e-03  0.5474857481  5.682969e-01 1.024
1  7.94e-03  0.5474740782  5.682969e-01 1.024
1  8.41e-03  0.5474617397  5.682969e-01 1.024
1  8.91e-03  0.547448636  5.682969e-01 1.024
1  9.44e-03  0.5474347793  5.682969e-01 1.024
1  1.00e-02  0.5474201232  5.682969e-01 1.024
1  1.06e-02  0.547404527  5.682969e-01 1.024
1  1.12e-02  0.5473880865  5.682969e-01 1.024
1  1.19e-02  0.5473706338  5.682969e-01 1.024
1  1.26e-02  0.5473521655  5.682969e-01 1.024
1  1.33e-02  0.5473324999  5.682969e-01 1.024
1  1.41e-02  0.5473117441  5.682969e-01 1.024
1  1.50e-02  0.5472897634  5.682969e-01 1.024
1  1.58e-02  0.5472664788  5.682969e-01 1.024
1  1.68e-02  0.5472418077  5.682969e-01 1.024
1  1.78e-02  0.5472156351  5.682969e-01 1.024
1  1.88e-02  0.5471879482  5.682969e-01 1.024
1  2.00e-02  0.5471585648  5.682969e-01 1.024
1  2.11e-02  0.5471274879  5.682969e-01 1.024
1  2.24e-02  0.547094607  5.682969e-01 1.024
1  2.37e-02  0.5470596372  5.682969e-01 1.024
1  2.51e-02  0.5470227048  5.682969e-01 1.024
1  2.66e-02  0.5469834823  5.682969e-01 1.024
1  2.82e-02  0.5469419497  5.682969e-01 1.024
1  2.99e-02  0.5468980319  5.682969e-01 1.024
1  3.16e-02  0.5468513976  5.682969e-01 1.024
1  3.35e-02  0.5468020241  5.682969e-01 1.024
1  3.55e-02  0.5467496473  5.682969e-01 1.024
1  3.76e-02  0.5466942681  5.682969e-01 1.024
1  3.98e-02  0.5466353722  5.682969e-01 1.024
1  4.22e-02  0.5465731142  5.682969e-01 1.024
1  4.47e-02  0.5465072674  5.682969e-01 1.024
1  4.73e-02  0.5464372005  5.682969e-01 1.024
1  5.01e-02  0.5463630697  5.682969e-01 1.024
1  5.31e-02  0.5462846259  5.682969e-01 1.024
1  5.62e-02  0.5462014832  5.682969e-01 1.024
1  5.96e-02  0.5461130433  5.682969e-01 1.024
1  6.31e-02  0.5460196528  5.682969e-01 1.024
1  6.68e-02  0.5459204529  5.682969e-01 1.024
1  7.08e-02  0.5458156209  5.682969e-01 1.024
1  7.50e-02  0.5457040852  5.682969e-01 1.024
1  7.94e-02  0.5455859743  5.682969e-01 1.024
1  8.41e-02  0.545460909  5.682969e-01 1.024
1  8.91e-02  0.5453281733  5.682969e-01 1.024
1  9.44e-02  0.5451878387  5.682969e-01 1.024
1  1.00e-01  0.5450384189  5.682969e-01 1.024
1  1.06e-01  0.5448806976  5.682969e-01 1.024
1  1.12e-01  0.5447127355  5.682969e-01 1.024
1  1.19e-01  0.5445353056  5.682969e-01 1.024
1  1.26e-01  0.5443463207  5.682969e-01 1.024
1  1.33e-01  0.5441463974  5.682969e-01 1.024
1  1.41e-01  0.5439346008  5.682969e-01 1.024
1  1.50e-01  0.5437098357  5.682969e-01 1.024
1  1.58e-01  0.5434707604  5.682969e-01 1.024
1  1.68e-01  0.5432181922  5.682969e-01 1.024
1  1.78e-01  0.5429491066  5.682969e-01 1.024
1  1.88e-01  0.5426640832  5.682969e-01 1.024
1  2.00e-01  0.5423620116  5.682969e-01 1.024
1  2.11e-01  0.5420405855  5.682969e-01 1.024
1  2.24e-01  0.5416999506  5.682969e-01 1.024
1  2.37e-01  0.541338368  5.682969e-01 1.024
1  2.51e-01  0.540954887  5.682969e-01 1.024
1  2.66e-01  0.5405473834  5.682969e-01 1.024
1  2.82e-01  0.5401151309  5.682969e-01 1.024
1  2.99e-01  0.5396558252  5.682969e-01 1.024
1  3.16e-01  0.5391667103  5.682969e-01 1.024
1  3.35e-01  0.5386481704  5.682969e-01 1.024
1  3.55e-01  0.5380982506  5.682969e-01 1.024
1  3.76e-01  0.5375121982  5.682969e-01 1.024
1  3.98e-01  0.5368902806  5.682969e-01 1.024
1  4.22e-01  0.5362292186  5.682969e-01 1.024
1  4.47e-01  0.5355253609  5.682969e-01 1.024
1  4.73e-01  0.5347781797  5.682969e-01 1.024
1  5.01e-01  0.533984554  5.682969e-01 1.024
1  5.31e-01  0.5331385173  5.682969e-01 1.024
1  5.62e-01  0.5322397443  5.682969e-01 1.024
1  5.96e-01  0.5312837552  5.682969e-01 1.024
1  6.31e-01  0.5302644148  5.682969e-01 1.024
1  6.68e-01  0.5291795867  5.682969e-01 1.024
1  7.08e-01  0.5280281108  5.682969e-01 1.024
1  7.50e-01  0.5267968168  5.682969e-01 1.024
1  7.94e-01  0.5254888355  5.682969e-01 1.024
1  8.41e-01  0.5240959248  5.682969e-01 1.024
1  8.91e-01  0.5226142034  5.682969e-01 1.024
1  9.44e-01  0.5210305804  5.682969e-01 1.024
1  1.00e+00  0.5193447711  5.682969e-01 1.024
1  1.06e+00  0.5175532227  5.682969e-01 1.024
1  1.12e+00  0.5156408406  5.682969e-01 1.024
1  1.19e+00  0.5136028734  5.682969e-01 1.024
1  1.26e+00  0.5114292332  5.682969e-01 1.024
1  1.33e+00  0.5091154389  5.682969e-01 1.024
1  1.41e+00  0.5066507725  5.682969e-01 1.024
1  1.50e+00  0.5040280788  5.682969e-01 1.024
1  1.58e+00  0.5012342692  5.682969e-01 1.024
1  1.68e+00  0.4982631626  5.682969e-01 1.024
1  1.78e+00  0.495105366  5.682969e-01 1.024
1  1.88e+00  0.4917477867  5.682969e-01 1.024
1  2.00e+00  0.488183109  5.682969e-01 1.024
1  2.11e+00  0.4844066809  5.682969e-01 1.024
1  2.24e+00  0.4804112016  5.682969e-01 1.024
1  2.37e+00  0.4761809007  5.682969e-01 1.024
1  2.51e+00  0.4717094107  5.682969e-01 1.024
1  2.66e+00  0.4670081008  5.682969e-01 1.024
1  2.82e+00  0.4620679411  5.682969e-01 1.024
1  2.99e+00  0.4569079721  5.682969e-01 1.024
1  3.16e+00  0.4514997562  5.682969e-01 1.024
1  3.35e+00  0.4458858993  5.682969e-01 1.024
1  3.55e+00  0.4400785794  5.682969e-01 1.024
1  3.76e+00  0.4340923838  5.682969e-01 1.024
1  3.98e+00  0.427941139  5.682969e-01 1.024
1  4.22e+00  0.4216737921  5.682969e-01 1.024
1  4.47e+00  0.4153068925  5.682969e-01 1.024
1  4.73e+00  0.4089193859  5.682969e-01 1.024
1  5.01e+00  0.4025088866  5.682969e-01 1.024
1  5.31e+00  0.3961329032  5.682969e-01 1.024
1  5.62e+00  0.3898677088  5.682969e-01 1.024
1  5.96e+00  0.3837168572  5.682969e-01 1.024
1  6.31e+00  0.3777515822  5.682969e-01 1.024
1  6.68e+00  0.3720098378  5.682969e-01 1.024
1  7.08e+00  0.3665013844  5.682969e-01 1.024
1  7.50e+00  0.3612749953  5.682969e-01 1.024
1  7.94e+00  0.356358942  5.682969e-01 1.024
1  8.41e+00  0.3517456665  5.682969e-01 1.024
1  8.91e+00  0.347427177  5.682969e-01 1.024
1  9.44e+00  0.3434605012  5.682969e-01 1.024
1  1.00e+01  0.339766791  5.682969e-01 1.024
1  1.06e+01  0.3364044911  5.682969e-01 1.024
1  1.12e+01  0.3333316332  5.682969e-01 1.024
1  1.19e+01  0.3305098882  5.682969e-01 1.024
1  1.26e+01  0.327990749  5.682969e-01 1.024
1  1.33e+01  0.3256999984  5.682969e-01 1.024
1  1.41e+01  0.3236264821  5.682969e-01 1.024
1  1.50e+01  0.3217769321  5.682969e-01 1.024
1  1.58e+01  0.3200727759  5.682969e-01 1.024
1  1.68e+01  0.3185504603  5.682969e-01 1.024
1  1.78e+01  0.3171978245  5.682969e-01 1.024
1  1.88e+01  0.3159613678  5.682969e-01 1.024
1  2.00e+01  0.3148342717  5.682969e-01 1.024
1  2.11e+01  0.3138118645  5.682969e-01 1.024
1  2.24e+01  0.3129048551  5.682969e-01 1.024
1  2.37e+01  0.3120531846  5.682969e-01 1.024
1  2.51e+01  0.3112843755  5.682969e-01 1.024
1  2.66e+01  0.3105675961  5.682969e-01 1.024
1  2.82e+01  0.3098757859  5.682969e-01 1.024
1  2.99e+01  0.309272199  5.682969e-01 1.024
1  3.16e+01  0.308655695  5.682969e-01 1.024
1  3.35e+01  0.3081048526  5.682969e-01 1.024
1  3.55e+01  0.3075376271  5.682969e-01 1.024
1  3.76e+01  0.3070032784  5.682969e-01 1.024
1  3.98e+01  0.3064420771  5.682969e-01 1.024
1  4.22e+01  0.3058965166  5.682969e-01 1.024
1  4.47e+01  0.3053407334  5.682969e-01 1.024
1  4.73e+01  0.304776465  5.682969e-01 1.024
1  5.01e+01  0.3041666612  5.682969e-01 1.024
1  5.31e+01  0.3035052686  5.682969e-01 1.024
1  5.62e+01  0.3028025945  5.682969e-01 1.024
1  5.96e+01  0.3020473312  5.682969e-01 1.024
1  6.31e+01  0.3012246492  5.682969e-01 1.024
1  6.68e+01  0.3002719258  5.682969e-01 1.024
1  7.08e+01  0.2992322004  5.682969e-01 1.024
1  7.50e+01  0.2980226673  5.682969e-01 1.024
1  7.94e+01  0.2966445268  5.682969e-01 1.024
1  8.41e+01  0.2950089271  5.682969e-01 1.024
1  8.91e+01  0.2931124081  5.682969e-01 1.024
1  9.44e+01  0.2908660114  5.682969e-01 1.024
1  1.00e+02  0.2881336204  5.682969e-01 1.024
1  1.06e+02  0.284827253  5.682969e-01 1.024
1  1.12e+02  0.2807220479  5.682969e-01 1.024
1  1.19e+02  0.2755619717  5.682969e-01 1.024
1  1.26e+02  0.2690612649  5.682969e-01 1.024
1  1.33e+02  0.2607091345  5.682969e-01 1.024
1  1.41e+02  0.2499391929  5.682969e-01 1.024
1  1.50e+02  0.2360747524  5.682969e-01 1.024
1  1.58e+02  0.2184421826  5.682969e-01 1.024
1  1.68e+02  0.1967355551  5.682969e-01 1.024
1  1.78e+02  0.1715783626  5.682969e-01 1.024
1  1.88e+02  0.1447916255  5.682969e-01 1.024
1  2.00e+02  0.1189909742  5.682969e-01 1.024
1  2.11e+02  0.09648827643  5.682969e-01 1.024
1  2.24e+02  0.07838761584  5.682969e-01 1.024
1  2.37e+02  0.06460320868  5.682969e-01 1.024
1  2.51e+02  0.054406605  5.682969e-01 1.024
1  2.66e+02  0.04693992928  5.682969e-01 1.024
1  2.82e+02  0.04147789594  5.682969e-01 1.024
1  2.99e+02  0.0374481099  5.682969e-01 1.024
1  3.16e+02  0.034448932  5.682969e-01 1.024
1  3.35e+02  0.03218028641  5.682969e-01 1.024
1  3.55e+02  0.03045176361  5.682969e-01 1.024
1  3.76e+02  0.0291094327  5.682969e-01 1.024
1  3.98e+02  0.02806469901  5.682969e-01 1.024
1  4.22e+02  0.02724164826  5.682969e-01 1.024
1  4.47e+02  0.0265815053  5.682969e-01 1.024
1  4.73e+02  0.02605066833  5.682969e-01 1.024
1  5.01e+02  0.02562138119  5.682969e-01 1.024
1  5.31e+02  0.02527058887  5.682969e-01 1.024
1  5.62e+02  0.02498166583  5.682969e-01 1.024
1  5.96e+02  0.02474274852  5.682969e-01 1.024
1  6.31e+02  0.02454382405  5.682969e-01 1.024
1  6.68e+02  0.02437760992  5.682969e-01 1.024
1  7.08e+02  0.02423857209  5.682969e-01 1.024
1  7.50e+02  0.02412092171  5.682969e-01 1.024
1  7.94e+02  0.02402103156  5.682969e-01 1.024
1  8.41e+02  0.02393811852  5.682969e-01 1.024
1  8.91e+02  0.0238657246  5.682969e-01 1.024
1  9.44e+02  0.02380316239  5.682969e-01 1.024
1  1.00e+03  0.02375137561  5.682969e-01 1.024
1  1.06e+03  0.02370500183  5.682969e-01 1.024
1  1.12e+03  0.02366581815  5.682969e-01 1.024
1  1.19e+03  0.02363296804  5.682969e-01 1.024
1  1.26e+03  0.0236043308  5.682969e-01 1.024
1  1.33e+03  0.02357784362  5.682969e-01 1.024
1  1.41e+03  0.02355673624  5.682969e-01 1.024
1  1.50e+03  0.02353636142  5.682969e-01 1.024
1  1.58e+03  0.0235205815  5.682969e-01 1.024
1  1.68e+03  0.02350686813  5.682969e-01 1.024
1  1.78e+03  0.02349290944  5.682969e-01 1.024
1  1.88e+03  0.02348226318  5.682969e-01 1.024
1  2.00e+03  0.02347165985  5.682969e-01 1.024
1  2.11e+03  0.02346341184  5.682969e-01 1.024
1  2.24e+03  0.02345566719  5.682969e-01 1.024
1  2.37e+03  0.0234500801  5.682969e-01 1.024
1  2.51e+03  0.02344431469  5.682969e-01 1.024
1  2.66e+03  0.02343826145  5.682969e-01 1.024
1  2.82e+03  0.02343385528  5.682969e-01 1.024
1  2.99e+03  0.02343092797  5.682969e-01 1.024
1  3.16e+03  0.02342729324  5.682969e-01 1.024
1  3.35e+03  0.02342323576  5.682969e-01 1.024
1  3.55e+03  0.02342227388  5.682969e-01 1.024
1  3.76e+03  0.02342083854  5.682969e-01 1.024
1  3.98e+03  0.02341751748  5.682969e-01 1.024
1  4.22e+03  0.02341221289  5.682969e-01 1.024
1  4.47e+03  0.02341531016  5.682969e-01 1.024
1  4.73e+03  0.02340783909  5.682969e-01 1.024
1  5.01e+03  0.02341998721  5.682969e-01 1.024
1  5.31e+03  0.02341843359  5.682969e-01 1.024
1  5.62e+03  0.02340716422  5.682969e-01 1.024
1  5.96e+03  0.02340364615  5.682969e-01 1.024
1  6.31e+03  0.02340948235  5.682969e-01 1.024
1  6.68e+03  0.02343249926  5.682969e-01 1.024
1  7.08e+03  0.02348777005  5.682969e-01 1.024
1  7.50e+03  0.02354382497  5.682969e-01 1.024
1  7.94e+03  0.02351745266  5.682969e-01 1.024
1  8.41e+03  0.02365566046  5.682969e-01 1.024
1  8.91e+03  0.02377340121  5.682969e-01 1.024
1  9.44e+03  0.02393011656  5.682969e-01 1.024
1  1.00e+04  0.02415815738  5.682969e-01 1.024
1  1.06e+04  0.02464169359  5.682969e-01 1.024
1  1.12e+04  0.02492316954  5.682969e-01 1.024
1  1.19e+04  0.02547516605  5.682969e-01 1.024
1  1.26e+04  0.02640388603  5.682969e-01 1.024
1  1.33e+04  0.02752629631  5.682969e-01 1.024
1  1.41e+04  0.02871824373  5.682969e-01 1.024
1  1.50e+04  0.03018624558  5.682969e-01 1.024
1  1.58e+04  0.03216286976  5.682969e-01 1.024
1  1.68e+04  0.03444179544  5.682969e-01 1.024
1  1.78e+04  0.03709200447  5.682969e-01 1.024
1  1.88e+04  0.04018599162  5.682969e-01 1.024
1  2.00e+04  0.04365069033  5.682969e-01 1.024
1  2.11e+04  0.04755488568  5.682969e-01 1.024
1  2.24e+04  0.05224903667  5.682969e-01 1.024
1  2.37e+04  0.05744618294  5.682969e-01 1.024
1  2.51e+04  0.06283193226  5.682969e-01 1.024
1  2.66e+04  0.06955780499  5.682969e-01 1.024
1  2.82e+04  0.07622510806  5.682969e-01 1.024
1  2.99e+04  0.08347947716  5.682969e-01 1.024
1  3.16e+04  0.09168228877  5.682969e-01 1.024
1  3.35e+04  0.09980954162  5.682969e-01 1.024
1  3.55e+04  0.1088115448  5.682969e-01 1.024
1  3.76e+04  0.1185032257  5.682969e-01 1.024
1  3.98e+04  0.1270512946  5.682969e-01 1.024
1  4.22e+04  0.1392635242  5.682969e-01 1.024
1  4.47e+04  0.1474399461  5.682969e-01 1.024
1  4.73e+04  0.1587993751  5.682969e-01 1.024
1  5.01e+04  0.171652262  5.682969e-01 1.024
1  5.31e+04  0.1802958215  5.682969e-01 1.024
1  5.62e+04  0.1911666315  5.682969e-01 1.024
1  5.96e+04  0.2047200215  5.682969e-01 1.024
1  6.31e+04  0.2167502435  5.682969e-01 1.024
1  6.68e+04  0.2263987959  5.682969e-01 1.024
1  7.08e+04  0.2359521111  5.682969e-01 1.024
1  7.50e+04  0.2480420133  5.682969e-01 1.024
1  7.94e+04  0.2620248239  5.682969e-01 1.024
1  8.41e+04  0.2746585341  5.682969e-01 1.024
1  8.91e+04  0.2843994195  5.682969e-01 1.024
1  9.44e+04  0.292621044  5.682969e-01 1.024
1  1.00e+05  0.3013642415  5.682969e-01 1.024
1  1.06e+05  0.3115371715  5.682969e-01 1.024
1  1.12e+05  0.3229505105  5.682969e-01 1.024
1  1.19e+05  0.3349480536  5.682969e-01 1.024
1  1.26e+05  0.3467428787  5.682969e-01 1.024
1  1.33e+05  0.357608533  5.682969e-01 1.024
1  1.41e+05  0.3670992489  5.682969e-01 1.024
1  1.50e+05  0.3751746377  5.682969e-01 1.024
1  1.58e+05  0.3821327879  5.682969e-01 1.024
1  1.68e+05  0.3884225573  5.682969e-01 1.024
1  1.78e+05  0.3944628119  5.682969e-01 1.024
1  1.88e+05  0.4005442752  5.682969e-01 1.024
1  2.00e+05  0.4068164768  5.682969e-01 1.024
1  2.11e+05  0.4133219477  5.682969e-01 1.024
1  2.24e+05  0.4200387064  5.682969e-01 1.024
1  2.37e+05  0.4269109531  5.682969e-01 1.024
1  2.51e+05  0.4338659062  5.682969e-01 1.024
1  2.66e+05  0.4408226795  5.682969e-01 1.024
1  2.82e+05  0.4476987036  5.682969e-01 1.024
1  2.99e+05  0.4544158591  5.682969e-01 1.024
1  3.16e+05  0.4609059837  5.682969e-01 1.024
1  3.35e+05  0.4671147219  5.682969e-01 1.024
1  3.55e+05  0.4730031519  5.682969e-01 1.024
1  3.76e+05  0.4785473501  5.682969e-01 1.024
1  3.98e+05  0.4837365189  5.682969e-01 1.024
1  4.22e+05  0.4885704133  5.682969e-01 1.024
1  4.47e+05  0.4930566629  5.682969e-01 1.024
1  4.73e+05  0.4972083659  5.682969e-01 1.024
1  5.01e+05  0.5010421213  5.682969e-01 1.024
1  5.31e+05  0.5045765266  5.682969e-01 1.024
1  5.62e+05  0.5078310881  5.682969e-01 1.024
1  5.96e+05  0.5108254611  5.682969e-01 1.024
1  6.31e+05  0.5135789386  5.682969e-01 1.024
1  6.68e+05  0.5161101188  5.682969e-01 1.024
1  7.08e+05  0.5184366981  5.682969e-01 1.024
1  7.50e+05  0.520575351  5.682969e-01 1.024
1  7.94e+05  0.52254167  5.682969e-01 1.024
1  8.41e+05  0.5243501487  5.682969e-01 1.024
1  8.91e+05  0.5260141923  5.682969e-01 1.024
1  9.44e+05  0.5275461498  5.682969e-01 1.024
1  1.00e+06  0.5289573592  5.682969e-01 1.024
1  1.06e+06  0.5302582021  5.682969e-01 1.024
1  1.12e+06  0.5314581632  5.682969e-01 1.024
1  1.19e+06  0.5325658923  5.682969e-01 1.024
1  1.26e+06  0.5335892679  5.682969e-01 1.024
1  1.33e+06  0.5345354578  5.682969e-01 1.024
1  1.41e+06  0.5354109796  5.682969e-01 1.024
1  1.50e+06  0.5362217569  5.682969e-01 1.024
1  1.58e+06  0.5369731726  5.682969e-01 1.024
1  1.68e+06  0.5376701186  5.682969e-01 1.024
1  1.78e+06  0.5383170414  5.682969e-01 1.024
1  1.88e+06  0.5389179871  5.682969e-01 1.024
1  2.00e+06  0.539476632  5.682969e-01 1.024
1  2.11e+06  0.5399963246  5.682969e-01 1.024
1  2.24e+06  0.5404801159  5.682969e-01 1.024
1  2.37e+06  0.5409307881  5.682969e-01 1.024
1  2.51e+06  0.5413508799  5.682969e-01 1.024
1  2.66e+06  0.54174271  5.682969e-01 1.024
1  2.82e+06  0.5421083984  5.682969e-01 1.024
1  2.99e+06  0.5424498851  5.682969e-01 1.024
1  3.16e+06  0.5427689472  5.682969e-01 1.024
1  3.35e+06  0.5430672142  5.682969e-01 1.024
1  3.55e+06  0.5433461818  5.682969e-01 1.024
1  3.76e+06  0.543607224  5.682969e-01 1.024
1  3.98e+06  0.5438516047  5.682969e-01 1.024
1  4.22e+06  0.5440804872  5.682969e-01 1.024
1  4.47e+06  0.5442949438  5.682969e-01 1.024
1  4.73e+06  0.5444959633  5.682969e-01 1.024
1  5.01e+06  0.5446844586  5.682969e-01 1.024
1  5.31e+06  0.5448612734  5.682969e-01 1.024
1  5.62e+06  0.5450271881  5.682969e-01 1.024
1  5.96e+06  0.545182925  5.682969e-01 1.024
1  6.31e+06  0.5453291533  5.682969e-01 1.024
1  6.68e+06  0.5454664938  5.682969e-01 1.024
1  7.08e+06  0.5455955222  5.682969e-01 1.024
1  7.50e+06  0.5457167735  5.682969e-01 1.024
1  7.94e+06  0.5458307448  5.682969e-01 1.024
1  8.41e+06  0.5459378985  5.682969e-01 1.024
1  8.91e+06  0.5460386649  5.682969e-01 1.024
1  9.44e+06  0.5461334448  5.682969e-01 1.024
1  1.00e+07  0.5462226118  5.682969e-01 1.024
