1  1.00e-03  0.5692415536  5.427680e-01 0.978
1  1.06e-03  0.569239841  5.427680e-01 0.978
1  1.12e-03  0.5692380363  5.427680e-01 0.978
1  1.19e-03  0.569236243  5.427680e-01 0.978
1  1.26e-03  0.5692342166  5.427680e-01 0.978
1  1.33e-03  0.5692320217  5.427680e-01 0.978
1  1.41e-03  0.569229782  5.427680e-01 0.978
1  1.50e-03  0.5692273578  5.427680e-01 0.978
1  1.58e-03  0.5692247266  5.427680e-01 0.978
1  1.68e-03  0.5692220695  5.427680e-01 0.978
1  1.78e-03  0.5692191828  5.427680e-01 0.978
1  1.88e-03  0.5692161194  5.427680e-01 0.978
1  2.00e-03  0.5692129681  5.427680e-01 0.978
1  2.11e-03  0.5692095226  5.427680e-01 0.978
1  2.24e-03  0.5692059235  5.427680e-01 0.978
1  2.37e-03  0.5692021743  5.427680e-01 0.978
1  2.51e-03  0.5691980648  5.427680e-01 0.978
1  2.66e-03  0.5691938117  5.427680e-01 0.978
1  2.82e-03  0.569189264  5.427680e-01 0.978
1  2.99e-03  0.5691844628  5.427680e-01 0.978
1  3.16e-03  0.5691794112  5.427680e-01 0.978
1  3.35e-03  0.5691739823  5.427680e-01 0.978
1  3.55e-03  0.5691683116  5.427680e-01 0.978
1  3.76e-03  0.5691622401  5.427680e-01 0.978
1  3.98e-03  0.5691558324  5.427680e-01 0.978
1  4.22e-03  0.5691490564  5.427680e-01 0.978
1  4.47e-03  0.5691418542  5.427680e-01 0.978
1  4.73e-03  0.5691342378  5.427680e-01 0.978
1  5.01e-03  0.5691261902  5.427680e-01 0.978
1  5.31e-03  0.5691176226  5.427680e-01 0.978
1  5.62e-03  0.5691085805  5.427680e-01 0.978
1  5.96e-03  0.5690989915  5.427680e-01 0.978
1  6.31e-03  0.569088809  5.427680e-01 0.978
1  6.68e-03  0.5690780689  5.427680e-01 0.978
1  7.08e-03  0.5690666657  5.427680e-01 0.978
1  7.50e-03  0.5690545901  5.427680e-01 0.978
1  7.94e-03  0.5690417578  5.427680e-01 0.978
1  8.41e-03  0.5690282267  5.427680e-01 0.978
1  8.91e-03  0.5690138428  5.427680e-01 0.978
1  9.44e-03  0.5689986235  5.427680e-01 0.978
1  1.00e-02  0.5689825242  5.427680e-01 0.978
1  1.06e-02  0.568965455  5.427680e-01 0.978
1  1.12e-02  0.5689473448  5.427680e-01 0.978
1  1.19e-02  0.5689281896  5.427680e-01 0.978
1  1.26e-02  0.5689078758  5.427680e-01 0.978
1  1.33e-02  0.5688863668  5.427680e-01 0.978
1  1.41e-02  0.5688636052  5.427680e-01 0.978
1  1.50e-02  0.5688394207  5.427680e-01 0.978
1  1.58e-02  0.5688139056  5.427680e-01 0.978
1  1.68e-02  0.5687868064  5.427680e-01 0.978
1  1.78e-02  0.5687580295  5.427680e-01 0.978
1  1.88e-02  0.5687276867  5.427680e-01 0.978
1  2.00e-02  0.5686954318  5.427680e-01 0.978
1  2.11e-02  0.5686612299  5.427680e-01 0.978
1  2.24e-02  0.5686250978  5.427680e-01 0.978
1  2.37e-02  0.5685868081  5.427680e-01 0.978
1  2.51e-02  0.5685461053  5.427680e-01 0.978
1  2.66e-02  0.5685030558  5.427680e-01 0.978
1  2.82e-02  0.5684575706  5.427680e-01 0.978
1  2.99e-02  0.5684091617  5.427680e-01 0.978
1  3.16e-02  0.568358063  5.427680e-01 0.978
1  3.35e-02  0.568303691  5.427680e-01 0.978
1  3.55e-02  0.5682463357  5.427680e-01 0.978
1  3.76e-02  0.5681853096  5.427680e-01 0.978
1  3.98e-02  0.5681208326  5.427680e-01 0.978
1  4.22e-02  0.5680522907  5.427680e-01 0.978
1  4.47e-02  0.5679798374  5.427680e-01 0.978
1  4.73e-02  0.5679029272  5.427680e-01 0.978
1  5.01e-02  0.5678214994  5.427680e-01 0.978
1  5.31e-02  0.56773536  5.427680e-01 0.978
1  5.62e-02  0.5676437492  5.427680e-01 0.978
1  5.96e-02  0.5675468376  5.427680e-01 0.978
1  6.31e-02  0.5674438525  5.427680e-01 0.978
1  6.68e-02  0.5673349382  5.427680e-01 0.978
1  7.08e-02  0.5672195806  5.427680e-01 0.978
1  7.50e-02  0.5670972107  5.427680e-01 0.978
1  7.94e-02  0.5669673217  5.427680e-01 0.978
1  8.41e-02  0.566829759  5.427680e-01 0.978
1  8.91e-02  0.5666836187  5.427680e-01 0.978
1  9.44e-02  0.5665289915  5.427680e-01 0.978
1  1.00e-01  0.5663649374  5.427680e-01 0.978
1  1.06e-01  0.566190755  5.427680e-01 0.978
1  1.12e-01  0.5660060336  5.427680e-01 0.978
1  1.19e-01  0.5658102959  5.427680e-01 0.978
1  1.26e-01  0.5656030009  5.427680e-01 0.978
1  1.33e-01  0.5653828109  5.427680e-01 0.978
1  1.41e-01  0.5651485939  5.427680e-01 0.978
1  1.50e-01  0.56490107  5.427680e-01 0.978
1  1.58e-01  0.5646382705  5.427680e-01 0.978
1  1.68e-01  0.5643586191  5.427680e-01 0.978
1  1.78e-01  0.5640623963  5.427680e-01 0.978
1  1.88e-01  0.5637485745  5.427680e-01 0.978
1  2.00e-01  0.5634146933  5.427680e-01 0.978
1  2.11e-01  0.5630603996  5.427680e-01 0.978
1  2.24e-01  0.5626842509  5.427680e-01 0.978
1  2.37e-01  0.5622848055  5.427680e-01 0.978
1  2.51e-01  0.5618598512  5.427680e-01 0.978
1  2.66e-01  0.5614099166  5.427680e-01 0.978
1  2.82e-01  0.5609306654  5.427680e-01 0.978
1  2.99e-01  0.5604214784  5.427680e-01 0.978
1  3.16e-01  0.5598820841  5.427680e-01 0.978
1  3.35e-01  0.5593075553  5.427680e-01 0.978
1  3.55e-01  0.5586953667  5.427680e-01 0.978
1  3.76e-01  0.5580470978  5.427680e-01 0.978
1  3.98e-01  0.5573558969  5.427680e-01 0.978
1  4.22e-01  0.5566211754  5.427680e-01 0.978
1  4.47e-01  0.5558407428  5.427680e-01 0.978
1  4.73e-01  0.5550088705  5.427680e-01 0.978
1  5.01e-01  0.5541221479  5.427680e-01 0.978
1  5.31e-01  0.5531809287  5.427680e-01 0.978
1  5.62e-01  0.5521760453  5.427680e-01 0.978
1  5.96e-01  0.5511068386  5.427680e-01 0.978
1  6.31e-01  0.549969833  5.427680e-01 0.978
1  6.68e-01  0.5487571244  5.427680e-01 0.978
1  7.08e-01  0.5474610408  5.427680e-01 0.978
1  7.50e-01  0.5460844987  5.427680e-01 0.978
1  7.94e-01  0.5446116045  5.427680e-01 0.978
1  8.41e-01  0.5430453776  5.427680e-01 0.978
1  8.91e-01  0.5413687029  5.427680e-01 0.978
1  9.44e-01  0.5395813414  5.427680e-01 0.978
1  1.00e+00  0.5376760218  5.427680e-01 0.978
1  1.06e+00  0.5356434955  5.427680e-01 0.978
1  1.12e+00  0.5334701012  5.427680e-01 0.978
1  1.19e+00  0.5311455495  5.427680e-01 0.978
1  1.26e+00  0.5286674439  5.427680e-01 0.978
1  1.33e+00  0.5260165794  5.427680e-01 0.978
1  1.41e+00  0.5231882708  5.427680e-01 0.978
1  1.50e+00  0.5201693254  5.427680e-01 0.978
1  1.58e+00  0.5169434386  5.427680e-01 0.978
1  1.68e+00  0.5135013534  5.427680e-01 0.978
1  1.78e+00  0.5098341885  5.427680e-01 0.978
1  1.88e+00  0.5059126118  5.427680e-01 0.978
1  2.00e+00  0.5017401638  5.427680e-01 0.978
1  2.11e+00  0.4973065355  5.427680e-01 0.978
1  2.24e+00  0.4925770926  5.427680e-01 0.978
1  2.37e+00  0.4875595518  5.427680e-01 0.978
1  2.51e+00  0.4822417517  5.427680e-01 0.978
1  2.66e+00  0.4766181186  5.427680e-01 0.978
1  2.82e+00  0.4706888545  5.427680e-01 0.978
1  2.99e+00  0.4644311627  5.427680e-01 0.978
1  3.16e+00  0.4578877002  5.427680e-01 0.978
1  3.35e+00  0.451046012  5.427680e-01 0.978
1  3.55e+00  0.4439175675  5.427680e-01 0.978
1  3.76e+00  0.4365287917  5.427680e-01 0.978
1  3.98e+00  0.4289232766  5.427680e-01 0.978
1  4.22e+00  0.4211439016  5.427680e-01 0.978
1  4.47e+00  0.4132207595  5.427680e-01 0.978
1  4.73e+00  0.4052211128  5.427680e-01 0.978
1  5.01e+00  0.3971883964  5.427680e-01 0.978
1  5.31e+00  0.3891903225  5.427680e-01 0.978
1  5.62e+00  0.3813035917  5.427680e-01 0.978
1  5.96e+00  0.3735774109  5.427680e-01 0.978
1  6.31e+00  0.3660853042  5.427680e-01 0.978
1  6.68e+00  0.3588486651  5.427680e-01 0.978
1  7.08e+00  0.3519389191  5.427680e-01 0.978
1  7.50e+00  0.3453916518  5.427680e-01 0.978
1  7.94e+00  0.339239704  5.427680e-01 0.978
1  8.41e+00  0.3334945101  5.427680e-01 0.978
1  8.91e+00  0.3281879447  5.427680e-01 0.978
1  9.44e+00  0.3232770274  5.427680e-01 0.978
1  1.00e+01  0.3187652157  5.427680e-01 0.978
1  1.06e+01  0.3146643822  5.427680e-01 0.978
1  1.12e+01  0.3109086243  5.427680e-01 0.978
1  1.19e+01  0.3075609418  5.427680e-01 0.978
1  1.26e+01  0.3045420671  5.427680e-01 0.978
1  1.33e+01  0.3017456085  5.427680e-01 0.978
1  1.41e+01  0.2993137958  5.427680e-01 0.978
1  1.50e+01  0.2970991278  5.427680e-01 0.978
1  1.58e+01  0.2951296246  5.427680e-01 0.978
1  1.68e+01  0.2933570763  5.427680e-01 0.978
1  1.78e+01  0.2917737908  5.427680e-01 0.978
1  1.88e+01  0.2903261609  5.427680e-01 0.978
1  2.00e+01  0.289069361  5.427680e-01 0.978
1  2.11e+01  0.2879250556  5.427680e-01 0.978
1  2.24e+01  0.2868753373  5.427680e-01 0.978
1  2.37e+01  0.2859287602  5.427680e-01 0.978
1  2.51e+01  0.2850653548  5.427680e-01 0.978
1  2.66e+01  0.284305567  5.427680e-01 0.978
1  2.82e+01  0.2835689463  5.427680e-01 0.978
1  2.99e+01  0.2828919378  5.427680e-01 0.978
1  3.16e+01  0.2822581119  5.427680e-01 0.978
1  3.35e+01  0.281663034  5.427680e-01 0.978
1  3.55e+01  0.2811160058  5.427680e-01 0.978
1  3.76e+01  0.2805575114  5.427680e-01 0.978
1  3.98e+01  0.2800168758  5.427680e-01 0.978
1  4.22e+01  0.2794766937  5.427680e-01 0.978
1  4.47e+01  0.2789084008  5.427680e-01 0.978
1  4.73e+01  0.2783461503  5.427680e-01 0.978
1  5.01e+01  0.2777643197  5.427680e-01 0.978
1  5.31e+01  0.2771487437  5.427680e-01 0.978
1  5.62e+01  0.2764979668  5.427680e-01 0.978
1  5.96e+01  0.2757964046  5.427680e-01 0.978
1  6.31e+01  0.2750189336  5.427680e-01 0.978
1  6.68e+01  0.2741453421  5.427680e-01 0.978
1  7.08e+01  0.2731882606  5.427680e-01 0.978
1  7.50e+01  0.2720777118  5.427680e-01 0.978
1  7.94e+01  0.2708184995  5.427680e-01 0.978
1  8.41e+01  0.269350436  5.427680e-01 0.978
1  8.91e+01  0.2676271555  5.427680e-01 0.978
1  9.44e+01  0.2655744758  5.427680e-01 0.978
1  1.00e+02  0.2631277805  5.427680e-01 0.978
1  1.06e+02  0.2601092334  5.427680e-01 0.978
1  1.12e+02  0.2564153502  5.427680e-01 0.978
1  1.19e+02  0.2517575315  5.427680e-01 0.978
1  1.26e+02  0.2458814312  5.427680e-01 0.978
1  1.33e+02  0.2383553089  5.427680e-01 0.978
1  1.41e+02  0.2286587221  5.427680e-01 0.978
1  1.50e+02  0.2161483243  5.427680e-01 0.978
1  1.58e+02  0.2002228771  5.427680e-01 0.978
1  1.68e+02  0.1806381837  5.427680e-01 0.978
1  1.78e+02  0.1579042068  5.427680e-01 0.978
1  1.88e+02  0.1336520828  5.427680e-01 0.978
1  2.00e+02  0.1102748694  5.427680e-01 0.978
1  2.11e+02  0.08984938441  5.427680e-01 0.978
1  2.24e+02  0.07341036731  5.427680e-01 0.978
1  2.37e+02  0.06087433446  5.427680e-01 0.978
1  2.51e+02  0.05159133355  5.427680e-01 0.978
1  2.66e+02  0.04480285807  5.427680e-01 0.978
1  2.82e+02  0.03983277904  5.427680e-01 0.978
1  2.99e+02  0.03616763612  5.427680e-01 0.978
1  3.16e+02  0.03344026871  5.427680e-01 0.978
1  3.35e+02  0.03138087838  5.427680e-01 0.978
1  3.55e+02  0.02980424787  5.427680e-01 0.978
1  3.76e+02  0.02859186802  5.427680e-01 0.978
1  3.98e+02  0.02763916543  5.427680e-01 0.978
1  4.22e+02  0.02688686164  5.427680e-01 0.978
1  4.47e+02  0.02629012253  5.427680e-01 0.978
1  4.73e+02  0.0258069818  5.427680e-01 0.978
1  5.01e+02  0.02541721614  5.427680e-01 0.978
1  5.31e+02  0.02510028523  5.427680e-01 0.978
1  5.62e+02  0.02483598866  5.427680e-01 0.978
1  5.96e+02  0.02462117598  5.427680e-01 0.978
1  6.31e+02  0.02444052262  5.427680e-01 0.978
1  6.68e+02  0.02428873309  5.427680e-01 0.978
1  7.08e+02  0.02416197732  5.427680e-01 0.978
1  7.50e+02  0.02405436925  5.427680e-01 0.978
1  7.94e+02  0.02396456001  5.427680e-01 0.978
1  8.41e+02  0.02388894482  5.427680e-01 0.978
1  8.91e+02  0.02382286403  5.427680e-01 0.978
1  9.44e+02  0.02376670946  5.427680e-01 0.978
1  1.00e+03  0.0237191661  5.427680e-01 0.978
1  1.06e+03  0.02367683017  5.427680e-01 0.978
1  1.12e+03  0.0236413819  5.427680e-01 0.978
1  1.19e+03  0.02361232789  5.427680e-01 0.978
1  1.26e+03  0.02358511563  5.427680e-01 0.978
1  1.33e+03  0.02356155201  5.427680e-01 0.978
1  1.41e+03  0.02354188893  5.427680e-01 0.978
1  1.50e+03  0.02352392509  5.427680e-01 0.978
1  1.58e+03  0.0235087919  5.427680e-01 0.978
1  1.68e+03  0.02349628806  5.427680e-01 0.978
1  1.78e+03  0.02348475082  5.427680e-01 0.978
1  1.88e+03  0.02347409133  5.427680e-01 0.978
1  2.00e+03  0.02346529138  5.427680e-01 0.978
1  2.11e+03  0.02345752965  5.427680e-01 0.978
1  2.24e+03  0.02345055565  5.427680e-01 0.978
1  2.37e+03  0.02344541379  5.427680e-01 0.978
1  2.51e+03  0.02344040146  5.427680e-01 0.978
1  2.66e+03  0.02343471931  5.427680e-01 0.978
1  2.82e+03  0.02343063341  5.427680e-01 0.978
1  2.99e+03  0.02342805058  5.427680e-01 0.978
1  3.16e+03  0.02342527905  5.427680e-01 0.978
1  3.35e+03  0.02342131112  5.427680e-01 0.978
1  3.55e+03  0.0234204352  5.427680e-01 0.978
1  3.76e+03  0.02341919905  5.427680e-01 0.978
1  3.98e+03  0.02341603893  5.427680e-01 0.978
1  4.22e+03  0.02341085154  5.427680e-01 0.978
1  4.47e+03  0.02341448986  5.427680e-01 0.978
1  4.73e+03  0.02340696925  5.427680e-01 0.978
1  5.01e+03  0.02341732598  5.427680e-01 0.978
1  5.31e+03  0.02341845293  5.427680e-01 0.978
1  5.62e+03  0.02340887933  5.427680e-01 0.978
1  5.96e+03  0.02340534094  5.427680e-01 0.978
1  6.31e+03  0.0234112156  5.427680e-01 0.978
1  6.68e+03  0.02343467841  5.427680e-01 0.978
1  7.08e+03  0.02348488687  5.427680e-01 0.978
1  7.50e+03  0.02352883238  5.427680e-01 0.978
1  7.94e+03  0.02350608524  5.427680e-01 0.978
1  8.41e+03  0.02364635831  5.427680e-01 0.978
1  8.91e+03  0.0237408091  5.427680e-01 0.978
1  9.44e+03  0.02390777348  5.427680e-01 0.978
1  1.00e+04  0.02410765967  5.427680e-01 0.978
1  1.06e+04  0.02458952286  5.427680e-01 0.978
1  1.12e+04  0.02487143074  5.427680e-01 0.978
1  1.19e+04  0.02539149886  5.427680e-01 0.978
1  1.26e+04  0.02631991456  5.427680e-01 0.978
1  1.33e+04  0.02743048491  5.427680e-01 0.978
1  1.41e+04  0.02865701961  5.427680e-01 0.978
1  1.50e+04  0.03011326001  5.427680e-01 0.978
1  1.58e+04  0.03211509565  5.427680e-01 0.978
1  1.68e+04  0.03444430295  5.427680e-01 0.978
1  1.78e+04  0.03714506756  5.427680e-01 0.978
1  1.88e+04  0.04029407002  5.427680e-01 0.978
1  2.00e+04  0.0438296976  5.427680e-01 0.978
1  2.11e+04  0.0478359981  5.427680e-01 0.978
1  2.24e+04  0.05265469459  5.427680e-01 0.978
1  2.37e+04  0.05798004917  5.427680e-01 0.978
1  2.51e+04  0.06356302303  5.427680e-01 0.978
1  2.66e+04  0.07052500177  5.427680e-01 0.978
1  2.82e+04  0.07736151515  5.427680e-01 0.978
1  2.99e+04  0.08493021269  5.427680e-01 0.978
1  3.16e+04  0.09337171091  5.427680e-01 0.978
1  3.35e+04  0.1018539428  5.427680e-01 0.978
1  3.55e+04  0.1111297946  5.427680e-01 0.978
1  3.76e+04  0.1212671015  5.427680e-01 0.978
1  3.98e+04  0.1300820978  5.427680e-01 0.978
1  4.22e+04  0.1428004579  5.427680e-01 0.978
1  4.47e+04  0.1513588199  5.427680e-01 0.978
1  4.73e+04  0.1630693333  5.427680e-01 0.978
1  5.01e+04  0.1765210456  5.427680e-01 0.978
1  5.31e+04  0.1855643484  5.427680e-01 0.978
1  5.62e+04  0.1968078597  5.427680e-01 0.978
1  5.96e+04  0.2109194108  5.427680e-01 0.978
1  6.31e+04  0.2235137289  5.427680e-01 0.978
1  6.68e+04  0.2336081083  5.427680e-01 0.978
1  7.08e+04  0.2435444692  5.427680e-01 0.978
1  7.50e+04  0.2560974296  5.427680e-01 0.978
1  7.94e+04  0.2706691785  5.427680e-01 0.978
1  8.41e+04  0.2838945765  5.427680e-01 0.978
1  8.91e+04  0.2941109176  5.427680e-01 0.978
1  9.44e+04  0.3027076375  5.427680e-01 0.978
1  1.00e+05  0.3118156324  5.427680e-01 0.978
1  1.06e+05  0.3224049739  5.427680e-01 0.978
1  1.12e+05  0.3342946588  5.427680e-01 0.978
1  1.19e+05  0.346807325  5.427680e-01 0.978
1  1.26e+05  0.3591244014  5.427680e-01 0.978
1  1.33e+05  0.3704861031  5.427680e-01 0.978
1  1.41e+05  0.380421366  5.427680e-01 0.978
1  1.50e+05  0.3888806324  5.427680e-01 0.978
1  1.58e+05  0.3961692437  5.427680e-01 0.978
1  1.68e+05  0.4027530788  5.427680e-01 0.978
1  1.78e+05  0.4090695153  5.427680e-01 0.978
1  1.88e+05  0.4154236671  5.427680e-01 0.978
1  2.00e+05  0.4219735379  5.427680e-01 0.978
1  2.11e+05  0.4287650729  5.427680e-01 0.978
1  2.24e+05  0.4357763925  5.427680e-01 0.978
1  2.37e+05  0.4429499642  5.427680e-01 0.978
1  2.51e+05  0.4502103198  5.427680e-01 0.978
1  2.66e+05  0.4574733908  5.427680e-01 0.978
1  2.82e+05  0.4646532231  5.427680e-01 0.978
1  2.99e+05  0.4716683762  5.427680e-01 0.978
1  3.16e+05  0.4784476824  5.427680e-01 0.978
1  3.35e+05  0.4849342938  5.427680e-01 0.978
1  3.55e+05  0.491087417  5.427680e-01 0.978
1  3.76e+05  0.4968818921  5.427680e-01 0.978
1  3.98e+05  0.5023062637  5.427680e-01 0.978
1  4.22e+05  0.5073601101  5.427680e-01 0.978
1  4.47e+05  0.5120512546  5.427680e-01 0.978
1  4.73e+05  0.5163932546  5.427680e-01 0.978
1  5.01e+05  0.5204033454  5.427680e-01 0.978
1  5.31e+05  0.5241008689  5.427680e-01 0.978
1  5.62e+05  0.527506132  5.427680e-01 0.978
1  5.96e+05  0.5306396106  5.427680e-01 0.978
1  6.31e+05  0.5335214129  5.427680e-01 0.978
1  6.68e+05  0.5361709307  5.427680e-01 0.978
1  7.08e+05  0.5386066208  5.427680e-01 0.978
1  7.50e+05  0.5408458788  5.427680e-01 0.978
1  7.94e+05  0.5429049757  5.427680e-01 0.978
1  8.41e+05  0.5447990383  5.427680e-01 0.978
1  8.91e+05  0.5465420607  5.427680e-01 0.978
1  9.44e+05  0.5481469364  5.427680e-01 0.978
1  1.00e+06  0.5496255054  5.427680e-01 0.978
1  1.06e+06  0.5509886106  5.427680e-01 0.978
1  1.12e+06  0.5522461599  5.427680e-01 0.978
1  1.19e+06  0.5534071904  5.427680e-01 0.978
1  1.26e+06  0.5544799342  5.427680e-01 0.978
1  1.33e+06  0.5554718826  5.427680e-01 0.978
1  1.41e+06  0.5563898476  5.427680e-01 0.978
1  1.50e+06  0.5572400216  5.427680e-01 0.978
1  1.58e+06  0.5580280326  5.427680e-01 0.978
1  1.68e+06  0.5587589958  5.427680e-01 0.978
1  1.78e+06  0.5594375615  5.427680e-01 0.978
1  1.88e+06  0.5600679616  5.427680e-01 0.978
1  2.00e+06  0.560654042  5.427680e-01 0.978
1  2.11e+06  0.5611993056  5.427680e-01 0.978
1  2.24e+06  0.5617069448  5.427680e-01 0.978
1  2.37e+06  0.5621798717  5.427680e-01 0.978
1  2.51e+06  0.5626207432  5.427680e-01 0.978
1  2.66e+06  0.5630319866  5.427680e-01 0.978
1  2.82e+06  0.5634158213  5.427680e-01 0.978
1  2.99e+06  0.5637742786  5.427680e-01 0.978
1  3.16e+06  0.5641092196  5.427680e-01 0.978
1  3.35e+06  0.5644223508  5.427680e-01 0.978
1  3.55e+06  0.5647152389  5.427680e-01 0.978
1  3.76e+06  0.5649893234  5.427680e-01 0.978
1  3.98e+06  0.5652459284  5.427680e-01 0.978
1  4.22e+06  0.565486273  5.427680e-01 0.978
1  4.47e+06  0.5657114808  5.427680e-01 0.978
1  4.73e+06  0.5659225882  5.427680e-01 0.978
1  5.01e+06  0.5661205522  5.427680e-01 0.978
1  5.31e+06  0.5663062573  5.427680e-01 0.978
1  5.62e+06  0.5664805216  5.427680e-01 0.978
1  5.96e+06  0.5666441026  5.427680e-01 0.978
1  6.31e+06  0.566797702  5.427680e-01 0.978
1  6.68e+06  0.5669419707  5.427680e-01 0.978
1  7.08e+06  0.5670775128  5.427680e-01 0.978
1  7.50e+06  0.5672048894  5.427680e-01 0.978
1  7.94e+06  0.567324622  5.427680e-01 0.978
1  8.41e+06  0.5674371957  5.427680e-01 0.978
1  8.91e+06  0.567543062  5.427680e-01 0.978
1  9.44e+06  0.5676426416  5.427680e-01 0.978
1  1.00e+07  0.5677363263  5.427680e-01 0.978
