1  1.00e-03  0.5732016388  5.383282e-01 0.9700000000000001
1  1.06e-03  0.5731998984  5.383282e-01 0.9700000000000001
1  1.12e-03  0.5731980693  5.383282e-01 0.9700000000000001
1  1.19e-03  0.5731962564  5.383282e-01 0.9700000000000001
1  1.26e-03  0.5731942035  5.383282e-01 0.9700000000000001
1  1.33e-03  0.5731919666  5.383282e-01 0.9700000000000001
1  1.41e-03  0.5731897071  5.383282e-01 0.9700000000000001
1  1.50e-03  0.5731872406  5.383282e-01 0.9700000000000001
1  1.58e-03  0.5731845914  5.383282e-01 0.9700000000000001
1  1.68e-03  0.5731818872  5.383282e-01 0.9700000000000001
1  1.78e-03  0.573178984  5.383282e-01 0.9700000000000001
1  1.88e-03  0.5731758794  5.383282e-01 0.9700000000000001
1  2.00e-03  0.573172677  5.383282e-01 0.9700000000000001
1  2.11e-03  0.57316919  5.383282e-01 0.9700000000000001
1  2.24e-03  0.573165549  5.383282e-01 0.9700000000000001
1  2.37e-03  0.5731617453  5.383282e-01 0.9700000000000001
1  2.51e-03  0.5731575907  5.383282e-01 0.9700000000000001
1  2.66e-03  0.573153267  5.383282e-01 0.9700000000000001
1  2.82e-03  0.5731486687  5.383282e-01 0.9700000000000001
1  2.99e-03  0.5731438176  5.383282e-01 0.9700000000000001
1  3.16e-03  0.5731386766  5.383282e-01 0.9700000000000001
1  3.35e-03  0.5731331994  5.383282e-01 0.9700000000000001
1  3.55e-03  0.5731274492  5.383282e-01 0.9700000000000001
1  3.76e-03  0.5731212883  5.383282e-01 0.9700000000000001
1  3.98e-03  0.5731147982  5.383282e-01 0.9700000000000001
1  4.22e-03  0.5731079494  5.383282e-01 0.9700000000000001
1  4.47e-03  0.5731006572  5.383282e-01 0.9700000000000001
1  4.73e-03  0.5730929303  5.383282e-01 0.9700000000000001
1  5.01e-03  0.5730847679  5.383282e-01 0.9700000000000001
1  5.31e-03  0.5730761066  5.383282e-01 0.9700000000000001
1  5.62e-03  0.5730669369  5.383282e-01 0.9700000000000001
1  5.96e-03  0.5730572248  5.383282e-01 0.9700000000000001
1  6.31e-03  0.5730469198  5.383282e-01 0.9700000000000001
1  6.68e-03  0.5730360196  5.383282e-01 0.9700000000000001
1  7.08e-03  0.5730244902  5.383282e-01 0.9700000000000001
1  7.50e-03  0.5730122367  5.383282e-01 0.9700000000000001
1  7.94e-03  0.5729992793  5.383282e-01 0.9700000000000001
1  8.41e-03  0.572985529  5.383282e-01 0.9700000000000001
1  8.91e-03  0.5729710134  5.383282e-01 0.9700000000000001
1  9.44e-03  0.5729555962  5.383282e-01 0.9700000000000001
1  1.00e-02  0.572939241  5.383282e-01 0.9700000000000001
1  1.06e-02  0.5729219875  5.383282e-01 0.9700000000000001
1  1.12e-02  0.5729036221  5.383282e-01 0.9700000000000001
1  1.19e-02  0.5728842035  5.383282e-01 0.9700000000000001
1  1.26e-02  0.5728636403  5.383282e-01 0.9700000000000001
1  1.33e-02  0.5728419021  5.383282e-01 0.9700000000000001
1  1.41e-02  0.5728188221  5.383282e-01 0.9700000000000001
1  1.50e-02  0.5727943541  5.383282e-01 0.9700000000000001
1  1.58e-02  0.5727684343  5.383282e-01 0.9700000000000001
1  1.68e-02  0.5727409684  5.383282e-01 0.9700000000000001
1  1.78e-02  0.5727119185  5.383282e-01 0.9700000000000001
1  1.88e-02  0.5726810924  5.383282e-01 0.9700000000000001
1  2.00e-02  0.5726484795  5.383282e-01 0.9700000000000001
1  2.11e-02  0.5726138723  5.383282e-01 0.9700000000000001
1  2.24e-02  0.5725771563  5.383282e-01 0.9700000000000001
1  2.37e-02  0.5725383932  5.383282e-01 0.9700000000000001
1  2.51e-02  0.572497196  5.383282e-01 0.9700000000000001
1  2.66e-02  0.5724536483  5.383282e-01 0.9700000000000001
1  2.82e-02  0.5724074724  5.383282e-01 0.9700000000000001
1  2.99e-02  0.5723584494  5.383282e-01 0.9700000000000001
1  3.16e-02  0.572306606  5.383282e-01 0.9700000000000001
1  3.35e-02  0.5722516348  5.383282e-01 0.9700000000000001
1  3.55e-02  0.5721934375  5.383282e-01 0.9700000000000001
1  3.76e-02  0.5721316485  5.383282e-01 0.9700000000000001
1  3.98e-02  0.5720663875  5.383282e-01 0.9700000000000001
1  4.22e-02  0.5719970734  5.383282e-01 0.9700000000000001
1  4.47e-02  0.5719234584  5.383282e-01 0.9700000000000001
1  4.73e-02  0.5718457718  5.383282e-01 0.9700000000000001
1  5.01e-02  0.5717632839  5.383282e-01 0.9700000000000001
1  5.31e-02  0.5716757029  5.383282e-01 0.9700000000000001
1  5.62e-02  0.5715829261  5.383282e-01 0.9700000000000001
1  5.96e-02  0.571484914  5.383282e-01 0.9700000000000001
1  6.31e-02  0.5713806783  5.383282e-01 0.9700000000000001
1  6.68e-02  0.571270374  5.383282e-01 0.9700000000000001
1  7.08e-02  0.5711530655  5.383282e-01 0.9700000000000001
1  7.50e-02  0.5710291755  5.383282e-01 0.9700000000000001
1  7.94e-02  0.5708977285  5.383282e-01 0.9700000000000001
1  8.41e-02  0.5707581599  5.383282e-01 0.9700000000000001
1  8.91e-02  0.5706104272  5.383282e-01 0.9700000000000001
1  9.44e-02  0.5704532262  5.383282e-01 0.9700000000000001
1  1.00e-01  0.5702872686  5.383282e-01 0.9700000000000001
1  1.06e-01  0.5701105353  5.383282e-01 0.9700000000000001
1  1.12e-01  0.5699246666  5.383282e-01 0.9700000000000001
1  1.19e-01  0.5697251496  5.383282e-01 0.9700000000000001
1  1.26e-01  0.5695150947  5.383282e-01 0.9700000000000001
1  1.33e-01  0.5692918001  5.383282e-01 0.9700000000000001
1  1.41e-01  0.5690549576  5.383282e-01 0.9700000000000001
1  1.50e-01  0.5688032438  5.383282e-01 0.9700000000000001
1  1.58e-01  0.5685370184  5.383282e-01 0.9700000000000001
1  1.68e-01  0.5682537021  5.383282e-01 0.9700000000000001
1  1.78e-01  0.5679540612  5.383282e-01 0.9700000000000001
1  1.88e-01  0.5676348981  5.383282e-01 0.9700000000000001
1  2.00e-01  0.567296175  5.383282e-01 0.9700000000000001
1  2.11e-01  0.5669375873  5.383282e-01 0.9700000000000001
1  2.24e-01  0.566556095  5.383282e-01 0.9700000000000001
1  2.37e-01  0.5661509813  5.383282e-01 0.9700000000000001
1  2.51e-01  0.5657210298  5.383282e-01 0.9700000000000001
1  2.66e-01  0.5652629735  5.383282e-01 0.9700000000000001
1  2.82e-01  0.5647772362  5.383282e-01 0.9700000000000001
1  2.99e-01  0.5642615901  5.383282e-01 0.9700000000000001
1  3.16e-01  0.563713077  5.383282e-01 0.9700000000000001
1  3.35e-01  0.563130103  5.383282e-01 0.9700000000000001
1  3.55e-01  0.5625113604  5.383282e-01 0.9700000000000001
1  3.76e-01  0.5618509857  5.383282e-01 0.9700000000000001
1  3.98e-01  0.5611517399  5.383282e-01 0.9700000000000001
1  4.22e-01  0.5604061558  5.383282e-01 0.9700000000000001
1  4.47e-01  0.5596115768  5.383282e-01 0.9700000000000001
1  4.73e-01  0.5587677599  5.383282e-01 0.9700000000000001
1  5.01e-01  0.5578679144  5.383282e-01 0.9700000000000001
1  5.31e-01  0.5569122015  5.383282e-01 0.9700000000000001
1  5.62e-01  0.5558914522  5.383282e-01 0.9700000000000001
1  5.96e-01  0.5548073087  5.383282e-01 0.9700000000000001
1  6.31e-01  0.5536498004  5.383282e-01 0.9700000000000001
1  6.68e-01  0.5524151057  5.383282e-01 0.9700000000000001
1  7.08e-01  0.5511022652  5.383282e-01 0.9700000000000001
1  7.50e-01  0.549696912  5.383282e-01 0.9700000000000001
1  7.94e-01  0.5482015534  5.383282e-01 0.9700000000000001
1  8.41e-01  0.5466053139  5.383282e-01 0.9700000000000001
1  8.91e-01  0.544905411  5.383282e-01 0.9700000000000001
1  9.44e-01  0.5430856863  5.383282e-01 0.9700000000000001
1  1.00e+00  0.5411422841  5.383282e-01 0.9700000000000001
1  1.06e+00  0.5390688673  5.383282e-01 0.9700000000000001
1  1.12e+00  0.536853564  5.383282e-01 0.9700000000000001
1  1.19e+00  0.5344916398  5.383282e-01 0.9700000000000001
1  1.26e+00  0.5319588942  5.383282e-01 0.9700000000000001
1  1.33e+00  0.5292627179  5.383282e-01 0.9700000000000001
1  1.41e+00  0.5263756005  5.383282e-01 0.9700000000000001
1  1.50e+00  0.5232926888  5.383282e-01 0.9700000000000001
1  1.58e+00  0.5199978331  5.383282e-01 0.9700000000000001
1  1.68e+00  0.516479052  5.383282e-01 0.9700000000000001
1  1.78e+00  0.5127196603  5.383282e-01 0.9700000000000001
1  1.88e+00  0.5087142913  5.383282e-01 0.9700000000000001
1  2.00e+00  0.5044407261  5.383282e-01 0.9700000000000001
1  2.11e+00  0.4998788772  5.383282e-01 0.9700000000000001
1  2.24e+00  0.4950363942  5.383282e-01 0.9700000000000001
1  2.37e+00  0.4898889557  5.383282e-01 0.9700000000000001
1  2.51e+00  0.4844291049  5.383282e-01 0.9700000000000001
1  2.66e+00  0.4786440403  5.383282e-01 0.9700000000000001
1  2.82e+00  0.4725277922  5.383282e-01 0.9700000000000001
1  2.99e+00  0.4661029998  5.383282e-01 0.9700000000000001
1  3.16e+00  0.4593388869  5.383282e-01 0.9700000000000001
1  3.35e+00  0.4522661454  5.383282e-01 0.9700000000000001
1  3.55e+00  0.4449092197  5.383282e-01 0.9700000000000001
1  3.76e+00  0.4372908213  5.383282e-01 0.9700000000000001
1  3.98e+00  0.429431209  5.383282e-01 0.9700000000000001
1  4.22e+00  0.4213669517  5.383282e-01 0.9700000000000001
1  4.47e+00  0.4131626614  5.383282e-01 0.9700000000000001
1  4.73e+00  0.4048568462  5.383282e-01 0.9700000000000001
1  5.01e+00  0.3965316549  5.383282e-01 0.9700000000000001
1  5.31e+00  0.3882486394  5.383282e-01 0.9700000000000001
1  5.62e+00  0.3800573549  5.383282e-01 0.9700000000000001
1  5.96e+00  0.37202398  5.383282e-01 0.9700000000000001
1  6.31e+00  0.3642246055  5.383282e-01 0.9700000000000001
1  6.68e+00  0.3567476224  5.383282e-01 0.9700000000000001
1  7.08e+00  0.3495870279  5.383282e-01 0.9700000000000001
1  7.50e+00  0.3427871741  5.383282e-01 0.9700000000000001
1  7.94e+00  0.3364194209  5.383282e-01 0.9700000000000001
1  8.41e+00  0.3304659275  5.383282e-01 0.9700000000000001
1  8.91e+00  0.3249586123  5.383282e-01 0.9700000000000001
1  9.44e+00  0.3198781757  5.383282e-01 0.9700000000000001
1  1.00e+01  0.3152143812  5.383282e-01 0.9700000000000001
1  1.06e+01  0.3109844821  5.383282e-01 0.9700000000000001
1  1.12e+01  0.3071100811  5.383282e-01 0.9700000000000001
1  1.19e+01  0.3036608251  5.383282e-01 0.9700000000000001
1  1.26e+01  0.300489957  5.383282e-01 0.9700000000000001
1  1.33e+01  0.2977010774  5.383282e-01 0.9700000000000001
1  1.41e+01  0.2951689073  5.383282e-01 0.9700000000000001
1  1.50e+01  0.2929061955  5.383282e-01 0.9700000000000001
1  1.58e+01  0.2908654811  5.383282e-01 0.9700000000000001
1  1.68e+01  0.2890570508  5.383282e-01 0.9700000000000001
1  1.78e+01  0.2874325628  5.383282e-01 0.9700000000000001
1  1.88e+01  0.2860041322  5.383282e-01 0.9700000000000001
1  2.00e+01  0.2846991482  5.383282e-01 0.9700000000000001
1  2.11e+01  0.283521854  5.383282e-01 0.9700000000000001
1  2.24e+01  0.2824525439  5.383282e-01 0.9700000000000001
1  2.37e+01  0.2815046832  5.383282e-01 0.9700000000000001
1  2.51e+01  0.2806231264  5.383282e-01 0.9700000000000001
1  2.66e+01  0.2798549321  5.383282e-01 0.9700000000000001
1  2.82e+01  0.2791201065  5.383282e-01 0.9700000000000001
1  2.99e+01  0.2784416634  5.383282e-01 0.9700000000000001
1  3.16e+01  0.2778063514  5.383282e-01 0.9700000000000001
1  3.35e+01  0.2771957838  5.383282e-01 0.9700000000000001
1  3.55e+01  0.2766170258  5.383282e-01 0.9700000000000001
1  3.76e+01  0.2760594797  5.383282e-01 0.9700000000000001
1  3.98e+01  0.275515429  5.383282e-01 0.9700000000000001
1  4.22e+01  0.2749785671  5.383282e-01 0.9700000000000001
1  4.47e+01  0.2744433504  5.383282e-01 0.9700000000000001
1  4.73e+01  0.273896665  5.383282e-01 0.9700000000000001
1  5.01e+01  0.2733168623  5.383282e-01 0.9700000000000001
1  5.31e+01  0.2726976531  5.383282e-01 0.9700000000000001
1  5.62e+01  0.2720394372  5.383282e-01 0.9700000000000001
1  5.96e+01  0.2713412068  5.383282e-01 0.9700000000000001
1  6.31e+01  0.2705772836  5.383282e-01 0.9700000000000001
1  6.68e+01  0.2697214624  5.383282e-01 0.9700000000000001
1  7.08e+01  0.2687815741  5.383282e-01 0.9700000000000001
1  7.50e+01  0.2676901157  5.383282e-01 0.9700000000000001
1  7.94e+01  0.2664554582  5.383282e-01 0.9700000000000001
1  8.41e+01  0.2650013223  5.383282e-01 0.9700000000000001
1  8.91e+01  0.2633251568  5.383282e-01 0.9700000000000001
1  9.44e+01  0.2613026284  5.383282e-01 0.9700000000000001
1  1.00e+02  0.2588999038  5.383282e-01 0.9700000000000001
1  1.06e+02  0.2559465571  5.383282e-01 0.9700000000000001
1  1.12e+02  0.2523052179  5.383282e-01 0.9700000000000001
1  1.19e+02  0.2477397998  5.383282e-01 0.9700000000000001
1  1.26e+02  0.2419663029  5.383282e-01 0.9700000000000001
1  1.33e+02  0.2345876156  5.383282e-01 0.9700000000000001
1  1.41e+02  0.2250338064  5.383282e-01 0.9700000000000001
1  1.50e+02  0.2127573578  5.383282e-01 0.9700000000000001
1  1.58e+02  0.1971438594  5.383282e-01 0.9700000000000001
1  1.68e+02  0.1779160746  5.383282e-01 0.9700000000000001
1  1.78e+02  0.1555948829  5.383282e-01 0.9700000000000001
1  1.88e+02  0.1317777999  5.383282e-01 0.9700000000000001
1  2.00e+02  0.1087939361  5.383282e-01 0.9700000000000001
1  2.11e+02  0.08871578028  5.383282e-01 0.9700000000000001
1  2.24e+02  0.07255162023  5.383282e-01 0.9700000000000001
1  2.37e+02  0.06022982935  5.383282e-01 0.9700000000000001
1  2.51e+02  0.05110812949  5.383282e-01 0.9700000000000001
1  2.66e+02  0.04444179841  5.383282e-01 0.9700000000000001
1  2.82e+02  0.03955874452  5.383282e-01 0.9700000000000001
1  2.99e+02  0.03595384323  5.383282e-01 0.9700000000000001
1  3.16e+02  0.0332715358  5.383282e-01 0.9700000000000001
1  3.35e+02  0.03124180772  5.383282e-01 0.9700000000000001
1  3.55e+02  0.02969789742  5.383282e-01 0.9700000000000001
1  3.76e+02  0.02849988397  5.383282e-01 0.9700000000000001
1  3.98e+02  0.02756840736  5.383282e-01 0.9700000000000001
1  4.22e+02  0.02682654416  5.383282e-01 0.9700000000000001
1  4.47e+02  0.02623957408  5.383282e-01 0.9700000000000001
1  4.73e+02  0.02576720548  5.383282e-01 0.9700000000000001
1  5.01e+02  0.0253823774  5.383282e-01 0.9700000000000001
1  5.31e+02  0.02507102832  5.383282e-01 0.9700000000000001
1  5.62e+02  0.0248109456  5.383282e-01 0.9700000000000001
1  5.96e+02  0.0246007522  5.383282e-01 0.9700000000000001
1  6.31e+02  0.02442184763  5.383282e-01 0.9700000000000001
1  6.68e+02  0.02427331145  5.383282e-01 0.9700000000000001
1  7.08e+02  0.02414929616  5.383282e-01 0.9700000000000001
1  7.50e+02  0.0240434887  5.383282e-01 0.9700000000000001
1  7.94e+02  0.02395482296  5.383282e-01 0.9700000000000001
1  8.41e+02  0.02388024207  5.383282e-01 0.9700000000000001
1  8.91e+02  0.02381607874  5.383282e-01 0.9700000000000001
1  9.44e+02  0.02376035077  5.383282e-01 0.9700000000000001
1  1.00e+03  0.02371325935  5.383282e-01 0.9700000000000001
1  1.06e+03  0.02367208168  5.383282e-01 0.9700000000000001
1  1.12e+03  0.02363719085  5.383282e-01 0.9700000000000001
1  1.19e+03  0.02360848404  5.383282e-01 0.9700000000000001
1  1.26e+03  0.02358212273  5.383282e-01 0.9700000000000001
1  1.33e+03  0.02355865692  5.383282e-01 0.9700000000000001
1  1.41e+03  0.02353950298  5.383282e-01 0.9700000000000001
1  1.50e+03  0.02352193434  5.383282e-01 0.9700000000000001
1  1.58e+03  0.02350689642  5.383282e-01 0.9700000000000001
1  1.68e+03  0.02349451014  5.383282e-01 0.9700000000000001
1  1.78e+03  0.02348324935  5.383282e-01 0.9700000000000001
1  1.88e+03  0.02347277525  5.383282e-01 0.9700000000000001
1  2.00e+03  0.02346414861  5.383282e-01 0.9700000000000001
1  2.11e+03  0.02345649995  5.383282e-01 0.9700000000000001
1  2.24e+03  0.02344966469  5.383282e-01 0.9700000000000001
1  2.37e+03  0.02344459563  5.383282e-01 0.9700000000000001
1  2.51e+03  0.02343966681  5.383282e-01 0.9700000000000001
1  2.66e+03  0.02343413735  5.383282e-01 0.9700000000000001
1  2.82e+03  0.02343007255  5.383282e-01 0.9700000000000001
1  2.99e+03  0.02342762813  5.383282e-01 0.9700000000000001
1  3.16e+03  0.0234249386  5.383282e-01 0.9700000000000001
1  3.35e+03  0.02342101392  5.383282e-01 0.9700000000000001
1  3.55e+03  0.02342012351  5.383282e-01 0.9700000000000001
1  3.76e+03  0.0234189095  5.383282e-01 0.9700000000000001
1  3.98e+03  0.02341574115  5.383282e-01 0.9700000000000001
1  4.22e+03  0.02341065687  5.383282e-01 0.9700000000000001
1  4.47e+03  0.02341430296  5.383282e-01 0.9700000000000001
1  4.73e+03  0.02340687433  5.383282e-01 0.9700000000000001
1  5.01e+03  0.02341685534  5.383282e-01 0.9700000000000001
1  5.31e+03  0.02341837638  5.383282e-01 0.9700000000000001
1  5.62e+03  0.02340913518  5.383282e-01 0.9700000000000001
1  5.96e+03  0.02340562699  5.383282e-01 0.9700000000000001
1  6.31e+03  0.02341149999  5.383282e-01 0.9700000000000001
1  6.68e+03  0.02343497698  5.383282e-01 0.9700000000000001
1  7.08e+03  0.02348433075  5.383282e-01 0.9700000000000001
1  7.50e+03  0.02352641267  5.383282e-01 0.9700000000000001
1  7.94e+03  0.02350444381  5.383282e-01 0.9700000000000001
1  8.41e+03  0.0236448475  5.383282e-01 0.9700000000000001
1  8.91e+03  0.02373590398  5.383282e-01 0.9700000000000001
1  9.44e+03  0.02390452657  5.383282e-01 0.9700000000000001
1  1.00e+04  0.02410021299  5.383282e-01 0.9700000000000001
1  1.06e+04  0.0245821073  5.383282e-01 0.9700000000000001
1  1.12e+04  0.02486472574  5.383282e-01 0.9700000000000001
1  1.19e+04  0.02538052144  5.383282e-01 0.9700000000000001
1  1.26e+04  0.02631008257  5.383282e-01 0.9700000000000001
1  1.33e+04  0.02741983154  5.383282e-01 0.9700000000000001
1  1.41e+04  0.02865413446  5.383282e-01 0.9700000000000001
1  1.50e+04  0.03011036005  5.383282e-01 0.9700000000000001
1  1.58e+04  0.03211872777  5.383282e-01 0.9700000000000001
1  1.68e+04  0.03445934926  5.383282e-01 0.9700000000000001
1  1.78e+04  0.03717198357  5.383282e-01 0.9700000000000001
1  1.88e+04  0.04033391236  5.383282e-01 0.9700000000000001
1  2.00e+04  0.04388538513  5.383282e-01 0.9700000000000001
1  2.11e+04  0.04791313616  5.383282e-01 0.9700000000000001
1  2.24e+04  0.05275777049  5.383282e-01 0.9700000000000001
1  2.37e+04  0.05811014439  5.383282e-01 0.9700000000000001
1  2.51e+04  0.06373181705  5.383282e-01 0.9700000000000001
1  2.66e+04  0.07073966241  5.383282e-01 0.9700000000000001
1  2.82e+04  0.07761080743  5.383282e-01 0.9700000000000001
1  2.99e+04  0.08523902391  5.383282e-01 0.9700000000000001
1  3.16e+04  0.09372747111  5.383282e-01 0.9700000000000001
1  3.35e+04  0.102276529  5.383282e-01 0.9700000000000001
1  3.55e+04  0.1116054053  5.383282e-01 0.9700000000000001
1  3.76e+04  0.121825595  5.383282e-01 0.9700000000000001
1  3.98e+04  0.1306918809  5.383282e-01 0.9700000000000001
1  4.22e+04  0.1435043536  5.383282e-01 0.9700000000000001
1  4.47e+04  0.1521333055  5.383282e-01 0.9700000000000001
1  4.73e+04  0.1639103437  5.383282e-01 0.9700000000000001
1  5.01e+04  0.1774720341  5.383282e-01 0.9700000000000001
1  5.31e+04  0.1865884507  5.383282e-01 0.9700000000000001
1  5.62e+04  0.1979015084  5.383282e-01 0.9700000000000001
1  5.96e+04  0.2121158368  5.383282e-01 0.9700000000000001
1  6.31e+04  0.2248128169  5.383282e-01 0.9700000000000001
1  6.68e+04  0.2349881601  5.383282e-01 0.9700000000000001
1  7.08e+04  0.2449945658  5.383282e-01 0.9700000000000001
1  7.50e+04  0.2576325081  5.383282e-01 0.9700000000000001
1  7.94e+04  0.2723117927  5.383282e-01 0.9700000000000001
1  8.41e+04  0.2856443973  5.383282e-01 0.9700000000000001
1  8.91e+04  0.2959462771  5.383282e-01 0.9700000000000001
1  9.44e+04  0.304610373  5.383282e-01 0.9700000000000001
1  1.00e+05  0.3137842476  5.383282e-01 0.9700000000000001
1  1.06e+05  0.3244491181  5.383282e-01 0.9700000000000001
1  1.12e+05  0.3364252597  5.383282e-01 0.9700000000000001
1  1.19e+05  0.3490312874  5.383282e-01 0.9700000000000001
1  1.26e+05  0.3614427821  5.383282e-01 0.9700000000000001
1  1.33e+05  0.3728938759  5.383282e-01 0.9700000000000001
1  1.41e+05  0.3829089453  5.383282e-01 0.9700000000000001
1  1.50e+05  0.3914368507  5.383282e-01 0.9700000000000001
1  1.58e+05  0.39878435  5.383282e-01 0.9700000000000001
1  1.68e+05  0.4054204961  5.383282e-01 0.9700000000000001
1  1.78e+05  0.4117860777  5.383282e-01 0.9700000000000001
1  1.88e+05  0.4181888385  5.383282e-01 0.9700000000000001
1  2.00e+05  0.4247883155  5.383282e-01 0.9700000000000001
1  2.11e+05  0.4316310579  5.383282e-01 0.9700000000000001
1  2.24e+05  0.4386951871  5.383282e-01 0.9700000000000001
1  2.37e+05  0.4459228396  5.383282e-01 0.9700000000000001
1  2.51e+05  0.4532380457  5.383282e-01 0.9700000000000001
1  2.66e+05  0.4605561483  5.383282e-01 0.9700000000000001
1  2.82e+05  0.4677905698  5.383282e-01 0.9700000000000001
1  2.99e+05  0.47485926  5.383282e-01 0.9700000000000001
1  3.16e+05  0.4816905016  5.383282e-01 0.9700000000000001
1  3.35e+05  0.488226992  5.383282e-01 0.9700000000000001
1  3.55e+05  0.4944275977  5.383282e-01 0.9700000000000001
1  3.76e+05  0.500266935  5.383282e-01 0.9700000000000001
1  3.98e+05  0.5057334313  5.383282e-01 0.9700000000000001
1  4.22e+05  0.510826635  5.383282e-01 0.9700000000000001
1  4.47e+05  0.5155544071  5.383282e-01 0.9700000000000001
1  4.73e+05  0.5199303906  5.383282e-01 0.9700000000000001
1  5.01e+05  0.5239719389  5.383282e-01 0.9700000000000001
1  5.31e+05  0.527698531  5.383282e-01 0.9700000000000001
1  5.62e+05  0.5311306209  5.383282e-01 0.9700000000000001
1  5.96e+05  0.5342888348  5.383282e-01 0.9700000000000001
1  6.31e+05  0.5371934301  5.383282e-01 0.9700000000000001
1  6.68e+05  0.5398639434  5.383282e-01 0.9700000000000001
1  7.08e+05  0.5423189704  5.383282e-01 0.9700000000000001
1  7.50e+05  0.5445760379  5.383282e-01 0.9700000000000001
1  7.94e+05  0.5466515403  5.383282e-01 0.9700000000000001
1  8.41e+05  0.5485607195  5.383282e-01 0.9700000000000001
1  8.91e+05  0.5503176765  5.383282e-01 0.9700000000000001
1  9.44e+05  0.5519354034  5.383282e-01 0.9700000000000001
1  1.00e+06  0.5534258312  5.383282e-01 0.9700000000000001
1  1.06e+06  0.5547998862  5.383282e-01 0.9700000000000001
1  1.12e+06  0.5560675527  5.383282e-01 0.9700000000000001
1  1.19e+06  0.5572379377  5.383282e-01 0.9700000000000001
1  1.26e+06  0.5583193372  5.383282e-01 0.9700000000000001
1  1.33e+06  0.5593193004  5.383282e-01 0.9700000000000001
1  1.41e+06  0.5602446926  5.383282e-01 0.9700000000000001
1  1.50e+06  0.5611017544  5.383282e-01 0.9700000000000001
1  1.58e+06  0.5618961576  5.383282e-01 0.9700000000000001
1  1.68e+06  0.5626330576  5.383282e-01 0.9700000000000001
1  1.78e+06  0.5633171409  5.383282e-01 0.9700000000000001
1  1.88e+06  0.563952673  5.383282e-01 0.9700000000000001
1  2.00e+06  0.5645435299  5.383282e-01 0.9700000000000001
1  2.11e+06  0.565093242  5.383282e-01 0.9700000000000001
1  2.24e+06  0.5656050273  5.383282e-01 0.9700000000000001
1  2.37e+06  0.5660818202  5.383282e-01 0.9700000000000001
1  2.51e+06  0.5665262992  5.383282e-01 0.9700000000000001
1  2.66e+06  0.5669409107  5.383282e-01 0.9700000000000001
1  2.82e+06  0.5673278917  5.383282e-01 0.9700000000000001
1  2.99e+06  0.5676892899  5.383282e-01 0.9700000000000001
1  3.16e+06  0.5680269809  5.383282e-01 0.9700000000000001
1  3.35e+06  0.568342685  5.383282e-01 0.9700000000000001
1  3.55e+06  0.5686379815  5.383282e-01 0.9700000000000001
1  3.76e+06  0.5689143214  5.383282e-01 0.9700000000000001
1  3.98e+06  0.5691730393  5.383282e-01 0.9700000000000001
1  4.22e+06  0.5694153642  5.383282e-01 0.9700000000000001
1  4.47e+06  0.5696424287  5.383282e-01 0.9700000000000001
1  4.73e+06  0.5698552776  5.383282e-01 0.9700000000000001
1  5.01e+06  0.5700548755  5.383282e-01 0.9700000000000001
1  5.31e+06  0.5702421142  5.383282e-01 0.9700000000000001
1  5.62e+06  0.5704178183  5.383282e-01 0.9700000000000001
1  5.96e+06  0.5705827513  5.383282e-01 0.9700000000000001
1  6.31e+06  0.570737621  5.383282e-01 0.9700000000000001
1  6.68e+06  0.5708830833  5.383282e-01 0.9700000000000001
1  7.08e+06  0.5710197472  5.383282e-01 0.9700000000000001
1  7.50e+06  0.5711481785  5.383282e-01 0.9700000000000001
1  7.94e+06  0.5712689028  5.383282e-01 0.9700000000000001
1  8.41e+06  0.5713824093  5.383282e-01 0.9700000000000001
1  8.91e+06  0.5714891531  5.383282e-01 0.9700000000000001
1  9.44e+06  0.5715895583  5.383282e-01 0.9700000000000001
1  1.00e+07  0.57168402  5.383282e-01 0.9700000000000001
