1  1.00e-03  0.5389726318  5.793965e-01 1.044
1  1.05e-03  0.5389715193  5.793965e-01 1.044
1  1.10e-03  0.5389702373  5.793965e-01 1.044
1  1.15e-03  0.5389690796  5.793965e-01 1.044
1  1.20e-03  0.5389676368  5.793965e-01 1.044
1  1.26e-03  0.5389662759  5.793965e-01 1.044
1  1.32e-03  0.5389648093  5.793965e-01 1.044
1  1.38e-03  0.5389631727  5.793965e-01 1.044
1  1.45e-03  0.5389615481  5.793965e-01 1.044
1  1.51e-03  0.5389599587  5.793965e-01 1.044
1  1.58e-03  0.5389580762  5.793965e-01 1.044
1  1.66e-03  0.538956337  5.793965e-01 1.044
1  1.74e-03  0.5389543942  5.793965e-01 1.044
1  1.82e-03  0.5389523383  5.793965e-01 1.044
1  1.91e-03  0.5389501474  5.793965e-01 1.044
1  2.00e-03  0.5389478908  5.793965e-01 1.044
1  2.09e-03  0.5389455317  5.793965e-01 1.044
1  2.19e-03  0.5389431018  5.793965e-01 1.044
1  2.29e-03  0.5389406083  5.793965e-01 1.044
1  2.40e-03  0.538937926  5.793965e-01 1.044
1  2.51e-03  0.5389350416  5.793965e-01 1.044
1  2.63e-03  0.5389321577  5.793965e-01 1.044
1  2.75e-03  0.5389290528  5.793965e-01 1.044
1  2.88e-03  0.53892584  5.793965e-01 1.044
1  3.02e-03  0.5389224347  5.793965e-01 1.044
1  3.16e-03  0.5389189104  5.793965e-01 1.044
1  3.31e-03  0.5389151647  5.793965e-01 1.044
1  3.47e-03  0.5389112992  5.793965e-01 1.044
1  3.63e-03  0.5389072294  5.793965e-01 1.044
1  3.80e-03  0.5389029828  5.793965e-01 1.044
1  3.98e-03  0.5388985414  5.793965e-01 1.044
1  4.17e-03  0.5388938504  5.793965e-01 1.044
1  4.37e-03  0.5388890026  5.793965e-01 1.044
1  4.57e-03  0.5388838775  5.793965e-01 1.044
1  4.79e-03  0.5388784864  5.793965e-01 1.044
1  5.01e-03  0.5388728881  5.793965e-01 1.044
1  5.25e-03  0.5388670166  5.793965e-01 1.044
1  5.50e-03  0.5388608458  5.793965e-01 1.044
1  5.75e-03  0.5388544038  5.793965e-01 1.044
1  6.03e-03  0.5388476788  5.793965e-01 1.044
1  6.31e-03  0.5388405866  5.793965e-01 1.044
1  6.61e-03  0.5388331987  5.793965e-01 1.044
1  6.92e-03  0.5388254383  5.793965e-01 1.044
1  7.24e-03  0.5388173277  5.793965e-01 1.044
1  7.59e-03  0.5388088334  5.793965e-01 1.044
1  7.94e-03  0.5387999125  5.793965e-01 1.044
1  8.32e-03  0.5387906135  5.793965e-01 1.044
1  8.71e-03  0.5387808331  5.793965e-01 1.044
1  9.12e-03  0.5387706347  5.793965e-01 1.044
1  9.55e-03  0.5387599284  5.793965e-01 1.044
1  1.00e-02  0.538748689  5.793965e-01 1.044
1  1.05e-02  0.5387369703  5.793965e-01 1.044
1  1.10e-02  0.5387246868  5.793965e-01 1.044
1  1.15e-02  0.5387118  5.793965e-01 1.044
1  1.20e-02  0.5386983167  5.793965e-01 1.044
1  1.26e-02  0.5386841675  5.793965e-01 1.044
1  1.32e-02  0.538669428  5.793965e-01 1.044
1  1.38e-02  0.538653941  5.793965e-01 1.044
1  1.45e-02  0.5386377282  5.793965e-01 1.044
1  1.51e-02  0.5386207306  5.793965e-01 1.044
1  1.58e-02  0.5386029581  5.793965e-01 1.044
1  1.66e-02  0.5385843347  5.793965e-01 1.044
1  1.74e-02  0.5385647747  5.793965e-01 1.044
1  1.82e-02  0.5385444026  5.793965e-01 1.044
1  1.91e-02  0.538522954  5.793965e-01 1.044
1  2.00e-02  0.5385006061  5.793965e-01 1.044
1  2.09e-02  0.5384770738  5.793965e-01 1.044
1  2.19e-02  0.5384525398  5.793965e-01 1.044
1  2.29e-02  0.5384267607  5.793965e-01 1.044
1  2.40e-02  0.5383998827  5.793965e-01 1.044
1  2.51e-02  0.5383715602  5.793965e-01 1.044
1  2.63e-02  0.5383420008  5.793965e-01 1.044
1  2.75e-02  0.5383110694  5.793965e-01 1.044
1  2.88e-02  0.5382786948  5.793965e-01 1.044
1  3.02e-02  0.5382446156  5.793965e-01 1.044
1  3.16e-02  0.5382091219  5.793965e-01 1.044
1  3.31e-02  0.5381718145  5.793965e-01 1.044
1  3.47e-02  0.5381327652  5.793965e-01 1.044
1  3.63e-02  0.5380919281  5.793965e-01 1.044
1  3.80e-02  0.5380490419  5.793965e-01 1.044
1  3.98e-02  0.5380043267  5.793965e-01 1.044
1  4.17e-02  0.5379572492  5.793965e-01 1.044
1  4.37e-02  0.5379080522  5.793965e-01 1.044
1  4.57e-02  0.5378564708  5.793965e-01 1.044
1  4.79e-02  0.5378024658  5.793965e-01 1.044
1  5.01e-02  0.5377459778  5.793965e-01 1.044
1  5.25e-02  0.5376867665  5.793965e-01 1.044
1  5.50e-02  0.5376247931  5.793965e-01 1.044
1  5.75e-02  0.5375597731  5.793965e-01 1.044
1  6.03e-02  0.5374916782  5.793965e-01 1.044
1  6.31e-02  0.5374201409  5.793965e-01 1.044
1  6.61e-02  0.5373455446  5.793965e-01 1.044
1  6.92e-02  0.5372670708  5.793965e-01 1.044
1  7.24e-02  0.5371851116  5.793965e-01 1.044
1  7.59e-02  0.5370991038  5.793965e-01 1.044
1  7.94e-02  0.5370092966  5.793965e-01 1.044
1  8.32e-02  0.5369148772  5.793965e-01 1.044
1  8.71e-02  0.5368161411  5.793965e-01 1.044
1  9.12e-02  0.5367123554  5.793965e-01 1.044
1  9.55e-02  0.5366037477  5.793965e-01 1.044
1  1.00e-01  0.5364903147  5.793965e-01 1.044
1  1.05e-01  0.5363710363  5.793965e-01 1.044
1  1.10e-01  0.5362459948  5.793965e-01 1.044
1  1.15e-01  0.5361151248  5.793965e-01 1.044
1  1.20e-01  0.5359781492  5.793965e-01 1.044
1  1.26e-01  0.535834522  5.793965e-01 1.044
1  1.32e-01  0.5356839032  5.793965e-01 1.044
1  1.38e-01  0.535525837  5.793965e-01 1.044
1  1.45e-01  0.5353603849  5.793965e-01 1.044
1  1.51e-01  0.5351866313  5.793965e-01 1.044
1  1.58e-01  0.5350052104  5.793965e-01 1.044
1  1.66e-01  0.5348140741  5.793965e-01 1.044
1  1.74e-01  0.5346146624  5.793965e-01 1.044
1  1.82e-01  0.5344046739  5.793965e-01 1.044
1  1.91e-01  0.5341849235  5.793965e-01 1.044
1  2.00e-01  0.5339551486  5.793965e-01 1.044
1  2.09e-01  0.5337131096  5.793965e-01 1.044
1  2.19e-01  0.5334601698  5.793965e-01 1.044
1  2.29e-01  0.5331940722  5.793965e-01 1.044
1  2.40e-01  0.5329159414  5.793965e-01 1.044
1  2.51e-01  0.5326231795  5.793965e-01 1.044
1  2.63e-01  0.5323173773  5.793965e-01 1.044
1  2.75e-01  0.5319959979  5.793965e-01 1.044
1  2.88e-01  0.5316579304  5.793965e-01 1.044
1  3.02e-01  0.5313038836  5.793965e-01 1.044
1  3.16e-01  0.5309336997  5.793965e-01 1.044
1  3.31e-01  0.5305429751  5.793965e-01 1.044
1  3.47e-01  0.5301351753  5.793965e-01 1.044
1  3.63e-01  0.5297058373  5.793965e-01 1.044
1  3.80e-01  0.5292561207  5.793965e-01 1.044
1  3.98e-01  0.5287819772  5.793965e-01 1.044
1  4.17e-01  0.5282857894  5.793965e-01 1.044
1  4.37e-01  0.5277651881  5.793965e-01 1.044
1  4.57e-01  0.5272188476  5.793965e-01 1.044
1  4.79e-01  0.5266437585  5.793965e-01 1.044
1  5.01e-01  0.5260420609  5.793965e-01 1.044
1  5.25e-01  0.5254082872  5.793965e-01 1.044
1  5.50e-01  0.5247423685  5.793965e-01 1.044
1  5.75e-01  0.5240441472  5.793965e-01 1.044
1  6.03e-01  0.5233099491  5.793965e-01 1.044
1  6.31e-01  0.5225368926  5.793965e-01 1.044
1  6.61e-01  0.5217270081  5.793965e-01 1.044
1  6.92e-01  0.5208757862  5.793965e-01 1.044
1  7.24e-01  0.5199797763  5.793965e-01 1.044
1  7.59e-01  0.5190402301  5.793965e-01 1.044
1  7.94e-01  0.5180519676  5.793965e-01 1.044
1  8.32e-01  0.5170104383  5.793965e-01 1.044
1  8.71e-01  0.5159181129  5.793965e-01 1.044
1  9.12e-01  0.5147706675  5.793965e-01 1.044
1  9.55e-01  0.5135622216  5.793965e-01 1.044
1  1.00e+00  0.5122929236  5.793965e-01 1.044
1  1.05e+00  0.5109594774  5.793965e-01 1.044
1  1.10e+00  0.5095566518  5.793965e-01 1.044
1  1.15e+00  0.5080802304  5.793965e-01 1.044
1  1.20e+00  0.5065313246  5.793965e-01 1.044
1  1.26e+00  0.5048983425  5.793965e-01 1.044
1  1.32e+00  0.5031849719  5.793965e-01 1.044
1  1.38e+00  0.5013898903  5.793965e-01 1.044
1  1.45e+00  0.4994985976  5.793965e-01 1.044
1  1.51e+00  0.4975107062  5.793965e-01 1.044
1  1.58e+00  0.4954200363  5.793965e-01 1.044
1  1.66e+00  0.4932310293  5.793965e-01 1.044
1  1.74e+00  0.4909366383  5.793965e-01 1.044
1  1.82e+00  0.488529177  5.793965e-01 1.044
1  1.91e+00  0.4860019937  5.793965e-01 1.044
1  2.00e+00  0.4833517028  5.793965e-01 1.044
1  2.09e+00  0.4805849377  5.793965e-01 1.044
1  2.19e+00  0.4776874848  5.793965e-01 1.044
1  2.29e+00  0.4746711142  5.793965e-01 1.044
1  2.40e+00  0.4715071483  5.793965e-01 1.044
1  2.51e+00  0.4682214147  5.793965e-01 1.044
1  2.63e+00  0.4648043353  5.793965e-01 1.044
1  2.75e+00  0.4612514799  5.793965e-01 1.044
1  2.88e+00  0.4575568693  5.793965e-01 1.044
1  3.02e+00  0.4537387785  5.793965e-01 1.044
1  3.16e+00  0.4497993301  5.793965e-01 1.044
1  3.31e+00  0.4457428087  5.793965e-01 1.044
1  3.47e+00  0.4415767348  5.793965e-01 1.044
1  3.63e+00  0.4372961787  5.793965e-01 1.044
1  3.80e+00  0.432927882  5.793965e-01 1.044
1  3.98e+00  0.4284880335  5.793965e-01 1.044
1  4.17e+00  0.4239763826  5.793965e-01 1.044
1  4.37e+00  0.4194077155  5.793965e-01 1.044
1  4.57e+00  0.4148317282  5.793965e-01 1.044
1  4.79e+00  0.4102118471  5.793965e-01 1.044
1  5.01e+00  0.4056191431  5.793965e-01 1.044
1  5.25e+00  0.4010619119  5.793965e-01 1.044
1  5.50e+00  0.3965371208  5.793965e-01 1.044
1  5.75e+00  0.3920756673  5.793965e-01 1.044
1  6.03e+00  0.3876986019  5.793965e-01 1.044
1  6.31e+00  0.3834531965  5.793965e-01 1.044
1  6.61e+00  0.379305644  5.793965e-01 1.044
1  6.92e+00  0.3752940707  5.793965e-01 1.044
1  7.24e+00  0.3714580784  5.793965e-01 1.044
1  7.59e+00  0.3677654375  5.793965e-01 1.044
1  7.94e+00  0.3642205478  5.793965e-01 1.044
1  8.32e+00  0.3608893334  5.793965e-01 1.044
1  8.71e+00  0.3577078711  5.793965e-01 1.044
1  9.12e+00  0.3547262408  5.793965e-01 1.044
1  9.55e+00  0.3519151446  5.793965e-01 1.044
1  1.00e+01  0.3492717659  5.793965e-01 1.044
1  1.05e+01  0.3467917792  5.793965e-01 1.044
1  1.10e+01  0.3445070529  5.793965e-01 1.044
1  1.15e+01  0.3423518932  5.793965e-01 1.044
1  1.20e+01  0.3403630621  5.793965e-01 1.044
1  1.26e+01  0.3385284251  5.793965e-01 1.044
1  1.32e+01  0.3368409233  5.793965e-01 1.044
1  1.38e+01  0.3352907523  5.793965e-01 1.044
1  1.45e+01  0.333835173  5.793965e-01 1.044
1  1.51e+01  0.3324900237  5.793965e-01 1.044
1  1.58e+01  0.3312704322  5.793965e-01 1.044
1  1.66e+01  0.3301120076  5.793965e-01 1.044
1  1.74e+01  0.3290758519  5.793965e-01 1.044
1  1.82e+01  0.3281000426  5.793965e-01 1.044
1  1.91e+01  0.3271967907  5.793965e-01 1.044
1  2.00e+01  0.3263888427  5.793965e-01 1.044
1  2.09e+01  0.3256004551  5.793965e-01 1.044
1  2.19e+01  0.3248847693  5.793965e-01 1.044
1  2.29e+01  0.3242239075  5.793965e-01 1.044
1  2.40e+01  0.323590317  5.793965e-01 1.044
1  2.51e+01  0.3230276749  5.793965e-01 1.044
1  2.63e+01  0.322475287  5.793965e-01 1.044
1  2.75e+01  0.3219295432  5.793965e-01 1.044
1  2.88e+01  0.3214364131  5.793965e-01 1.044
1  3.02e+01  0.3209530044  5.793965e-01 1.044
1  3.16e+01  0.3205143451  5.793965e-01 1.044
1  3.31e+01  0.3200528481  5.793965e-01 1.044
1  3.47e+01  0.319605435  5.793965e-01 1.044
1  3.63e+01  0.3191718971  5.793965e-01 1.044
1  3.80e+01  0.3187422943  5.793965e-01 1.044
1  3.98e+01  0.3183127453  5.793965e-01 1.044
1  4.17e+01  0.3178842822  5.793965e-01 1.044
1  4.37e+01  0.3174483805  5.793965e-01 1.044
1  4.57e+01  0.3169674721  5.793965e-01 1.044
1  4.79e+01  0.3165119205  5.793965e-01 1.044
1  5.01e+01  0.3160107124  5.793965e-01 1.044
1  5.25e+01  0.3154875114  5.793965e-01 1.044
1  5.50e+01  0.3149058958  5.793965e-01 1.044
1  5.75e+01  0.3143153216  5.793965e-01 1.044
1  6.03e+01  0.3136620842  5.793965e-01 1.044
1  6.31e+01  0.3129801573  5.793965e-01 1.044
1  6.61e+01  0.3122100205  5.793965e-01 1.044
1  6.92e+01  0.3113652407  5.793965e-01 1.044
1  7.24e+01  0.3104361956  5.793965e-01 1.044
1  7.59e+01  0.3093787069  5.793965e-01 1.044
1  7.94e+01  0.308210946  5.793965e-01 1.044
1  8.32e+01  0.3068923071  5.793965e-01 1.044
1  8.71e+01  0.3053927067  5.793965e-01 1.044
1  9.12e+01  0.3036702097  5.793965e-01 1.044
1  9.55e+01  0.3016776063  5.793965e-01 1.044
1  1.00e+02  0.2993644339  5.793965e-01 1.044
1  1.05e+02  0.2966516285  5.793965e-01 1.044
1  1.10e+02  0.2934370818  5.793965e-01 1.044
1  1.15e+02  0.2896287474  5.793965e-01 1.044
1  1.20e+02  0.2850323839  5.793965e-01 1.044
1  1.26e+02  0.2794610861  5.793965e-01 1.044
1  1.32e+02  0.2726736502  5.793965e-01 1.044
1  1.38e+02  0.264332054  5.793965e-01 1.044
1  1.45e+02  0.2541417736  5.793965e-01 1.044
1  1.51e+02  0.2416479209  5.793965e-01 1.044
1  1.58e+02  0.2265852547  5.793965e-01 1.044
1  1.66e+02  0.2088046486  5.793965e-01 1.044
1  1.74e+02  0.1885432574  5.793965e-01 1.044
1  1.82e+02  0.1665801183  5.793965e-01 1.044
1  1.91e+02  0.1442049988  5.793965e-01 1.044
1  2.00e+02  0.122886376  5.793965e-01 1.044
1  2.09e+02  0.103780363  5.793965e-01 1.044
1  2.19e+02  0.08758573895  5.793965e-01 1.044
1  2.29e+02  0.07437563332  5.793965e-01 1.044
1  2.40e+02  0.06388145933  5.793965e-01 1.044
1  2.51e+02  0.05566357879  5.793965e-01 1.044
1  2.63e+02  0.04925792527  5.793965e-01 1.044
1  2.75e+02  0.04428266869  5.793965e-01 1.044
1  2.88e+02  0.04038102122  5.793965e-01 1.044
1  3.02e+02  0.03732267042  5.793965e-01 1.044
1  3.16e+02  0.03489901418  5.793965e-01 1.044
1  3.31e+02  0.03296038775  5.793965e-01 1.044
1  3.47e+02  0.03140386129  5.793965e-01 1.044
1  3.63e+02  0.03013765447  5.793965e-01 1.044
1  3.80e+02  0.02910486644  5.793965e-01 1.044
1  3.98e+02  0.02825560816  5.793965e-01 1.044
1  4.17e+02  0.0275539738  5.793965e-01 1.044
1  4.37e+02  0.02696766895  5.793965e-01 1.044
1  4.57e+02  0.02647701935  5.793965e-01 1.044
1  4.79e+02  0.0260617202  5.793965e-01 1.044
1  5.01e+02  0.02571198861  5.793965e-01 1.044
1  5.25e+02  0.02541488869  5.793965e-01 1.044
1  5.50e+02  0.02515971383  5.793965e-01 1.044
1  5.75e+02  0.02494140622  5.793965e-01 1.044
1  6.03e+02  0.02475350036  5.793965e-01 1.044
1  6.31e+02  0.02459075556  5.793965e-01 1.044
1  6.61e+02  0.02444969942  5.793965e-01 1.044
1  6.92e+02  0.02432758075  5.793965e-01 1.044
1  7.24e+02  0.02422350106  5.793965e-01 1.044
1  7.59e+02  0.02412820344  5.793965e-01 1.044
1  7.94e+02  0.0240471876  5.793965e-01 1.044
1  8.32e+02  0.02397624776  5.793965e-01 1.044
1  8.71e+02  0.02391326126  5.793965e-01 1.044
1  9.12e+02  0.0238583104  5.793965e-01 1.044
1  9.55e+02  0.02380847964  5.793965e-01 1.044
1  1.00e+03  0.02376582114  5.793965e-01 1.044
1  1.05e+03  0.02372671532  5.793965e-01 1.044
1  1.10e+03  0.02369243001  5.793965e-01 1.044
1  1.15e+03  0.02366216919  5.793965e-01 1.044
1  1.20e+03  0.02363577289  5.793965e-01 1.044
1  1.26e+03  0.02361292345  5.793965e-01 1.044
1  1.32e+03  0.02358970645  5.793965e-01 1.044
1  1.38e+03  0.02357157659  5.793965e-01 1.044
1  1.45e+03  0.02355521623  5.793965e-01 1.044
1  1.51e+03  0.02353903615  5.793965e-01 1.044
1  1.58e+03  0.02352569708  5.793965e-01 1.044
1  1.66e+03  0.02351261987  5.793965e-01 1.044
1  1.74e+03  0.02350241399  5.793965e-01 1.044
1  1.82e+03  0.02349164589  5.793965e-01 1.044
1  1.91e+03  0.023483646  5.793965e-01 1.044
1  2.00e+03  0.02347447169  5.793965e-01 1.044
1  2.09e+03  0.02346763872  5.793965e-01 1.044
1  2.19e+03  0.02346080001  5.793965e-01 1.044
1  2.29e+03  0.02345556439  5.793965e-01 1.044
1  2.40e+03  0.02344996685  5.793965e-01 1.044
1  2.51e+03  0.02344588101  5.793965e-01 1.044
1  2.63e+03  0.02344092559  5.793965e-01 1.044
1  2.75e+03  0.02343712197  5.793965e-01 1.044
1  2.88e+03  0.02343448932  5.793965e-01 1.044
1  3.02e+03  0.0234321535  5.793965e-01 1.044
1  3.16e+03  0.02342826739  5.793965e-01 1.044
1  3.31e+03  0.02342670629  5.793965e-01 1.044
1  3.47e+03  0.02342427383  5.793965e-01 1.044
1  3.63e+03  0.02342093456  5.793965e-01 1.044
1  3.80e+03  0.02342053147  5.793965e-01 1.044
1  3.98e+03  0.0234180673  5.793965e-01 1.044
1  4.17e+03  0.0234185223  5.793965e-01 1.044
1  4.37e+03  0.02341833071  5.793965e-01 1.044
1  4.57e+03  0.02341518896  5.793965e-01 1.044
1  4.79e+03  0.02342156169  5.793965e-01 1.044
1  5.01e+03  0.02342114345  5.793965e-01 1.044
1  5.25e+03  0.0234097341  5.793965e-01 1.044
1  5.50e+03  0.02340066976  5.793965e-01 1.044
1  5.75e+03  0.02342816559  5.793965e-01 1.044
1  6.03e+03  0.0234330755  5.793965e-01 1.044
1  6.31e+03  0.02340871876  5.793965e-01 1.044
1  6.61e+03  0.02347242109  5.793965e-01 1.044
1  6.92e+03  0.02342423492  5.793965e-01 1.044
1  7.24e+03  0.02351543365  5.793965e-01 1.044
1  7.59e+03  0.02351596412  5.793965e-01 1.044
1  7.94e+03  0.02352355747  5.793965e-01 1.044
1  8.32e+03  0.02367907441  5.793965e-01 1.044
1  8.71e+03  0.02375218577  5.793965e-01 1.044
1  9.12e+03  0.02378527348  5.793965e-01 1.044
1  9.55e+03  0.02392097603  5.793965e-01 1.044
1  1.00e+04  0.02418420389  5.793965e-01 1.044
1  1.05e+04  0.02448842963  5.793965e-01 1.044
1  1.10e+04  0.02487106953  5.793965e-01 1.044
1  1.15e+04  0.02529237487  5.793965e-01 1.044
1  1.20e+04  0.0258678299  5.793965e-01 1.044
1  1.26e+04  0.02645469977  5.793965e-01 1.044
1  1.32e+04  0.02713986995  5.793965e-01 1.044
1  1.38e+04  0.02797019832  5.793965e-01 1.044
1  1.45e+04  0.02902712009  5.793965e-01 1.044
1  1.51e+04  0.03046752783  5.793965e-01 1.044
1  1.58e+04  0.03221965936  5.793965e-01 1.044
1  1.66e+04  0.03397784334  5.793965e-01 1.044
1  1.74e+04  0.03565936411  5.793965e-01 1.044
1  1.82e+04  0.03773446287  5.793965e-01 1.044
1  1.91e+04  0.04065695894  5.793965e-01 1.044
1  2.00e+04  0.04364853038  5.793965e-01 1.044
1  2.09e+04  0.04660898918  5.793965e-01 1.044
1  2.19e+04  0.05026518311  5.793965e-01 1.044
1  2.29e+04  0.05399870061  5.793965e-01 1.044
1  2.40e+04  0.05852467286  5.793965e-01 1.044
1  2.51e+04  0.06264429012  5.793965e-01 1.044
1  2.63e+04  0.06812347097  5.793965e-01 1.044
1  2.75e+04  0.07278332296  5.793965e-01 1.044
1  2.88e+04  0.07906879844  5.793965e-01 1.044
1  3.02e+04  0.08437164409  5.793965e-01 1.044
1  3.16e+04  0.09114396684  5.793965e-01 1.044
1  3.31e+04  0.09770328067  5.793965e-01 1.044
1  3.47e+04  0.1039754726  5.793965e-01 1.044
1  3.63e+04  0.112281066  5.793965e-01 1.044
1  3.80e+04  0.1190099317  5.793965e-01 1.044
1  3.98e+04  0.1259984939  5.793965e-01 1.044
1  4.17e+04  0.135807979  5.793965e-01 1.044
1  4.37e+04  0.1431016174  5.793965e-01 1.044
1  4.57e+04  0.1497158551  5.793965e-01 1.044
1  4.79e+04  0.1600517665  5.793965e-01 1.044
1  5.01e+04  0.1698728127  5.793965e-01 1.044
1  5.25e+04  0.1766934461  5.793965e-01 1.044
1  5.50e+04  0.1842583337  5.793965e-01 1.044
1  5.75e+04  0.1943659399  5.793965e-01 1.044
1  6.03e+04  0.2049775986  5.793965e-01 1.044
1  6.31e+04  0.2142106053  5.793965e-01 1.044
1  6.61e+04  0.2218898057  5.793965e-01 1.044
1  6.92e+04  0.2291196024  5.793965e-01 1.044
1  7.24e+04  0.2374779117  5.793965e-01 1.044
1  7.59e+04  0.2476736617  5.793965e-01 1.044
1  7.94e+04  0.2587243671  5.793965e-01 1.044
1  8.32e+04  0.2688663425  5.793965e-01 1.044
1  8.71e+04  0.2771405011  5.793965e-01 1.044
1  9.12e+04  0.2839375686  5.793965e-01 1.044
1  9.55e+04  0.290354365  5.793965e-01 1.044
1  1.00e+05  0.2973196615  5.793965e-01 1.044
1  1.05e+05  0.3052086187  5.793965e-01 1.044
1  1.10e+05  0.3139446003  5.793965e-01 1.044
1  1.15e+05  0.3232304508  5.793965e-01 1.044
1  1.20e+05  0.3326859124  5.793965e-01 1.044
1  1.26e+05  0.3419086647  5.793965e-01 1.044
1  1.32e+05  0.3505374616  5.793965e-01 1.044
1  1.38e+05  0.3583274008  5.793965e-01 1.044
1  1.45e+05  0.3651982683  5.793965e-01 1.044
1  1.51e+05  0.371229667  5.793965e-01 1.044
1  1.58e+05  0.3766111676  5.793965e-01 1.044
1  1.66e+05  0.3815752831  5.793965e-01 1.044
1  1.74e+05  0.3863396915  5.793965e-01 1.044
1  1.82e+05  0.3910727138  5.793965e-01 1.044
1  1.91e+05  0.3958829422  5.793965e-01 1.044
1  2.00e+05  0.4008257038  5.793965e-01 1.044
1  2.09e+05  0.405916898  5.793965e-01 1.044
1  2.19e+05  0.4111468991  5.793965e-01 1.044
1  2.29e+05  0.4164909462  5.793965e-01 1.044
1  2.40e+05  0.4219155849  5.793965e-01 1.044
1  2.51e+05  0.4273823449  5.793965e-01 1.044
1  2.63e+05  0.4328500987  5.793965e-01 1.044
1  2.75e+05  0.4382770654  5.793965e-01 1.044
1  2.88e+05  0.4436228015  5.793965e-01 1.044
1  3.02e+05  0.4488500966  5.793965e-01 1.044
1  3.16e+05  0.4539265361  5.793965e-01 1.044
1  3.31e+05  0.4588255373  5.793965e-01 1.044
1  3.47e+05  0.4635267891  5.793965e-01 1.044
1  3.63e+05  0.4680161494  5.793965e-01 1.044
1  3.80e+05  0.472285133  5.793965e-01 1.044
1  3.98e+05  0.4763301487  5.793965e-01 1.044
1  4.17e+05  0.4801516282  5.793965e-01 1.044
1  4.37e+05  0.4837531598  5.793965e-01 1.044
1  4.57e+05  0.4871406971  5.793965e-01 1.044
1  4.79e+05  0.4903218798  5.793965e-01 1.044
1  5.01e+05  0.4933054772  5.793965e-01 1.044
1  5.25e+05  0.4961009496  5.793965e-01 1.044
1  5.50e+05  0.4987181112  5.793965e-01 1.044
1  5.75e+05  0.5011668796  5.793965e-01 1.044
1  6.03e+05  0.5034570917  5.793965e-01 1.044
1  6.31e+05  0.5055983718  5.793965e-01 1.044
1  6.61e+05  0.5076000406  5.793965e-01 1.044
1  6.92e+05  0.5094710522  5.793965e-01 1.044
1  7.24e+05  0.5112199544  5.793965e-01 1.044
1  7.59e+05  0.5128548647  5.793965e-01 1.044
1  7.94e+05  0.5143834594  5.793965e-01 1.044
1  8.32e+05  0.5158129712  5.793965e-01 1.044
1  8.71e+05  0.517150194  5.793965e-01 1.044
1  9.12e+05  0.5184014928  5.793965e-01 1.044
1  9.55e+05  0.5195728174  5.793965e-01 1.044
1  1.00e+06  0.5206697188  5.793965e-01 1.044
1  1.05e+06  0.5216973675  5.793965e-01 1.044
1  1.10e+06  0.5226605729  5.793965e-01 1.044
1  1.15e+06  0.5235638033  5.793965e-01 1.044
1  1.20e+06  0.5244112065  5.793965e-01 1.044
1  1.26e+06  0.5252066296  5.793965e-01 1.044
1  1.32e+06  0.5259536389  5.793965e-01 1.044
1  1.38e+06  0.5266555391  5.793965e-01 1.044
1  1.45e+06  0.5273153916  5.793965e-01 1.044
1  1.51e+06  0.5279360317  5.793965e-01 1.044
1  1.58e+06  0.5285200859  5.793965e-01 1.044
1  1.66e+06  0.5290699868  5.793965e-01 1.044
1  1.74e+06  0.5295879881  5.793965e-01 1.044
1  1.82e+06  0.5300761786  5.793965e-01 1.044
1  1.91e+06  0.5305364958  5.793965e-01 1.044
1  2.00e+06  0.5309707319  5.793965e-01 1.044
1  2.09e+06  0.5313805526  5.793965e-01 1.044
1  2.19e+06  0.5317675032  5.793965e-01 1.044
1  2.29e+06  0.5321330189  5.793965e-01 1.044
1  2.40e+06  0.5324784327  5.793965e-01 1.044
1  2.51e+06  0.5328049846  5.793965e-01 1.044
1  2.63e+06  0.5331138274  5.793965e-01 1.044
1  2.75e+06  0.533406034  5.793965e-01 1.044
1  2.88e+06  0.5336826037  5.793965e-01 1.044
1  3.02e+06  0.533944468  5.793965e-01 1.044
1  3.16e+06  0.534192495  5.793965e-01 1.044
1  3.31e+06  0.5344274951  5.793965e-01 1.044
1  3.47e+06  0.5346502247  5.793965e-01 1.044
1  3.63e+06  0.5348613907  5.793965e-01 1.044
1  3.80e+06  0.5350616537  5.793965e-01 1.044
1  3.98e+06  0.5352516317  5.793965e-01 1.044
1  4.17e+06  0.5354319034  5.793965e-01 1.044
1  4.37e+06  0.5356030107  5.793965e-01 1.044
1  4.57e+06  0.5357654614  5.793965e-01 1.044
1  4.79e+06  0.5359197318  5.793965e-01 1.044
1  5.01e+06  0.5360662688  5.793965e-01 1.044
1  5.25e+06  0.5362054919  5.793965e-01 1.044
1  5.50e+06  0.5363377954  5.793965e-01 1.044
1  5.75e+06  0.5364635496  5.793965e-01 1.044
1  6.03e+06  0.536583103  5.793965e-01 1.044
1  6.31e+06  0.5366967836  5.793965e-01 1.044
1  6.61e+06  0.5368048998  5.793965e-01 1.044
1  6.92e+06  0.5369077425  5.793965e-01 1.044
1  7.24e+06  0.5370055857  5.793965e-01 1.044
1  7.59e+06  0.5370986878  5.793965e-01 1.044
1  7.94e+06  0.5371872923  5.793965e-01 1.044
1  8.32e+06  0.5372716293  5.793965e-01 1.044
1  8.71e+06  0.537351916  5.793965e-01 1.044
1  9.12e+06  0.5374283574  5.793965e-01 1.044
1  9.55e+06  0.5375011473  5.793965e-01 1.044
1  1.00e+07  0.537570469  5.793965e-01 1.044
