1  1.00e-03  0.5624511867  5.505377e-01 0.992
1  1.06e-03  0.562449517  5.505377e-01 0.992
1  1.12e-03  0.5624477697  5.505377e-01 0.992
1  1.19e-03  0.5624460079  5.505377e-01 0.992
1  1.26e-03  0.5624440371  5.505377e-01 0.992
1  1.33e-03  0.5624419064  5.505377e-01 0.992
1  1.41e-03  0.5624397204  5.505377e-01 0.992
1  1.50e-03  0.5624373524  5.505377e-01 0.992
1  1.58e-03  0.5624347668  5.505377e-01 0.992
1  1.68e-03  0.5624321924  5.505377e-01 0.992
1  1.78e-03  0.5624293641  5.505377e-01 0.992
1  1.88e-03  0.5624263801  5.505377e-01 0.992
1  2.00e-03  0.5624232885  5.505377e-01 0.992
1  2.11e-03  0.5624199416  5.505377e-01 0.992
1  2.24e-03  0.5624164323  5.505377e-01 0.992
1  2.37e-03  0.562412778  5.505377e-01 0.992
1  2.51e-03  0.5624087675  5.505377e-01 0.992
1  2.66e-03  0.5624046121  5.505377e-01 0.992
1  2.82e-03  0.5624001713  5.505377e-01 0.992
1  2.99e-03  0.5623954986  5.505377e-01 0.992
1  3.16e-03  0.5623905595  5.505377e-01 0.992
1  3.35e-03  0.5623852811  5.505377e-01 0.992
1  3.55e-03  0.5623797348  5.505377e-01 0.992
1  3.76e-03  0.5623738011  5.505377e-01 0.992
1  3.98e-03  0.562367556  5.505377e-01 0.992
1  4.22e-03  0.5623609533  5.505377e-01 0.992
1  4.47e-03  0.5623539334  5.505377e-01 0.992
1  4.73e-03  0.562346487  5.505377e-01 0.992
1  5.01e-03  0.5623386267  5.505377e-01 0.992
1  5.31e-03  0.5623302873  5.505377e-01 0.992
1  5.62e-03  0.5623214538  5.505377e-01 0.992
1  5.96e-03  0.5623120991  5.505377e-01 0.992
1  6.31e-03  0.5623021736  5.505377e-01 0.992
1  6.68e-03  0.5622916756  5.505377e-01 0.992
1  7.08e-03  0.562280571  5.505377e-01 0.992
1  7.50e-03  0.5622687705  5.505377e-01 0.992
1  7.94e-03  0.5622562877  5.505377e-01 0.992
1  8.41e-03  0.5622430459  5.505377e-01 0.992
1  8.91e-03  0.5622290623  5.505377e-01 0.992
1  9.44e-03  0.562214213  5.505377e-01 0.992
1  1.00e-02  0.5621984641  5.505377e-01 0.992
1  1.06e-02  0.5621818464  5.505377e-01 0.992
1  1.12e-02  0.5621641571  5.505377e-01 0.992
1  1.19e-02  0.5621454562  5.505377e-01 0.992
1  1.26e-02  0.5621256514  5.505377e-01 0.992
1  1.33e-02  0.5621047154  5.505377e-01 0.992
1  1.41e-02  0.5620824902  5.505377e-01 0.992
1  1.50e-02  0.5620589217  5.505377e-01 0.992
1  1.58e-02  0.5620339665  5.505377e-01 0.992
1  1.68e-02  0.5620075165  5.505377e-01 0.992
1  1.78e-02  0.5619795317  5.505377e-01 0.992
1  1.88e-02  0.5619498548  5.505377e-01 0.992
1  2.00e-02  0.5619184462  5.505377e-01 0.992
1  2.11e-02  0.5618851132  5.505377e-01 0.992
1  2.24e-02  0.5618497627  5.505377e-01 0.992
1  2.37e-02  0.561812441  5.505377e-01 0.992
1  2.51e-02  0.5617727596  5.505377e-01 0.992
1  2.66e-02  0.5617308245  5.505377e-01 0.992
1  2.82e-02  0.5616863775  5.505377e-01 0.992
1  2.99e-02  0.5616391622  5.505377e-01 0.992
1  3.16e-02  0.5615892585  5.505377e-01 0.992
1  3.35e-02  0.5615363141  5.505377e-01 0.992
1  3.55e-02  0.5614803014  5.505377e-01 0.992
1  3.76e-02  0.5614207962  5.505377e-01 0.992
1  3.98e-02  0.5613579784  5.505377e-01 0.992
1  4.22e-02  0.56129123  5.505377e-01 0.992
1  4.47e-02  0.5612203706  5.505377e-01 0.992
1  4.73e-02  0.5611455729  5.505377e-01 0.992
1  5.01e-02  0.5610661717  5.505377e-01 0.992
1  5.31e-02  0.5609819014  5.505377e-01 0.992
1  5.62e-02  0.5608925777  5.505377e-01 0.992
1  5.96e-02  0.5607982525  5.505377e-01 0.992
1  6.31e-02  0.5606978947  5.505377e-01 0.992
1  6.68e-02  0.5605917456  5.505377e-01 0.992
1  7.08e-02  0.5604788882  5.505377e-01 0.992
1  7.50e-02  0.560359687  5.505377e-01 0.992
1  7.94e-02  0.5602331891  5.505377e-01 0.992
1  8.41e-02  0.56009892  5.505377e-01 0.992
1  8.91e-02  0.5599567368  5.505377e-01 0.992
1  9.44e-02  0.5598055364  5.505377e-01 0.992
1  1.00e-01  0.5596459016  5.505377e-01 0.992
1  1.06e-01  0.5594758637  5.505377e-01 0.992
1  1.12e-01  0.5592963328  5.505377e-01 0.992
1  1.19e-01  0.5591051645  5.505377e-01 0.992
1  1.26e-01  0.5589032662  5.505377e-01 0.992
1  1.33e-01  0.5586885843  5.505377e-01 0.992
1  1.41e-01  0.5584606892  5.505377e-01 0.992
1  1.50e-01  0.5582188471  5.505377e-01 0.992
1  1.58e-01  0.5579630272  5.505377e-01 0.992
1  1.68e-01  0.5576905495  5.505377e-01 0.992
1  1.78e-01  0.5574025895  5.505377e-01 0.992
1  1.88e-01  0.55709619  5.505377e-01 0.992
1  2.00e-01  0.5567707454  5.505377e-01 0.992
1  2.11e-01  0.5564263139  5.505377e-01 0.992
1  2.24e-01  0.55605998  5.505377e-01 0.992
1  2.37e-01  0.5556710273  5.505377e-01 0.992
1  2.51e-01  0.5552579101  5.505377e-01 0.992
1  2.66e-01  0.5548187138  5.505377e-01 0.992
1  2.82e-01  0.554352344  5.505377e-01 0.992
1  2.99e-01  0.5538573306  5.505377e-01 0.992
1  3.16e-01  0.5533319897  5.505377e-01 0.992
1  3.35e-01  0.5527730482  5.505377e-01 0.992
1  3.55e-01  0.5521789163  5.505377e-01 0.992
1  3.76e-01  0.5515469942  5.505377e-01 0.992
1  3.98e-01  0.5508765818  5.505377e-01 0.992
1  4.22e-01  0.5501624665  5.505377e-01 0.992
1  4.47e-01  0.5494028399  5.505377e-01 0.992
1  4.73e-01  0.5485951594  5.505377e-01 0.992
1  5.01e-01  0.5477332272  5.505377e-01 0.992
1  5.31e-01  0.5468203205  5.505377e-01 0.992
1  5.62e-01  0.5458437337  5.505377e-01 0.992
1  5.96e-01  0.544807478  5.505377e-01 0.992
1  6.31e-01  0.543704215  5.505377e-01 0.992
1  6.68e-01  0.542527265  5.505377e-01 0.992
1  7.08e-01  0.541272052  5.505377e-01 0.992
1  7.50e-01  0.5399363896  5.505377e-01 0.992
1  7.94e-01  0.538509748  5.505377e-01 0.992
1  8.41e-01  0.5369937994  5.505377e-01 0.992
1  8.91e-01  0.5353727551  5.505377e-01 0.992
1  9.44e-01  0.5336430235  5.505377e-01 0.992
1  1.00e+00  0.5318007071  5.505377e-01 0.992
1  1.06e+00  0.5298380656  5.505377e-01 0.992
1  1.12e+00  0.5277397907  5.505377e-01 0.992
1  1.19e+00  0.5254978482  5.505377e-01 0.992
1  1.26e+00  0.5231079006  5.505377e-01 0.992
1  1.33e+00  0.5205548825  5.505377e-01 0.992
1  1.41e+00  0.5178325703  5.505377e-01 0.992
1  1.50e+00  0.5149293109  5.505377e-01 0.992
1  1.58e+00  0.5118301564  5.505377e-01 0.992
1  1.68e+00  0.5085265874  5.505377e-01 0.992
1  1.78e+00  0.5050094794  5.505377e-01 0.992
1  1.88e+00  0.5012551005  5.505377e-01 0.992
1  2.00e+00  0.4972628669  5.505377e-01 0.992
1  2.11e+00  0.4930259654  5.505377e-01 0.992
1  2.24e+00  0.4885176142  5.505377e-01 0.992
1  2.37e+00  0.4837367897  5.505377e-01 0.992
1  2.51e+00  0.4786711197  5.505377e-01 0.992
1  2.66e+00  0.4733264824  5.505377e-01 0.992
1  2.82e+00  0.4676990348  5.505377e-01 0.992
1  2.99e+00  0.4617787654  5.505377e-01 0.992
1  3.16e+00  0.4555799687  5.505377e-01 0.992
1  3.35e+00  0.449120764  5.505377e-01 0.992
1  3.55e+00  0.442405039  5.505377e-01 0.992
1  3.76e+00  0.4354509069  5.505377e-01 0.992
1  3.98e+00  0.4282924963  5.505377e-01 0.992
1  4.22e+00  0.4209799022  5.505377e-01 0.992
1  4.47e+00  0.4135485086  5.505377e-01 0.992
1  4.73e+00  0.4060619455  5.505377e-01 0.992
1  5.01e+00  0.3985393089  5.505377e-01 0.992
1  5.31e+00  0.3910490922  5.505377e-01 0.992
1  5.62e+00  0.3836714625  5.505377e-01 0.992
1  5.96e+00  0.3764462546  5.505377e-01 0.992
1  6.31e+00  0.3694367398  5.505377e-01 0.992
1  6.68e+00  0.3626786942  5.505377e-01 0.992
1  7.08e+00  0.3562154684  5.505377e-01 0.992
1  7.50e+00  0.3500759418  5.505377e-01 0.992
1  7.94e+00  0.3443230231  5.505377e-01 0.992
1  8.41e+00  0.3389324744  5.505377e-01 0.992
1  8.91e+00  0.3339009104  5.505377e-01 0.992
1  9.44e+00  0.3292747145  5.505377e-01 0.992
1  1.00e+01  0.3250497067  5.505377e-01 0.992
1  1.06e+01  0.3211588991  5.505377e-01 0.992
1  1.12e+01  0.3176222831  5.505377e-01 0.992
1  1.19e+01  0.3143803725  5.505377e-01 0.992
1  1.26e+01  0.3115684189  5.505377e-01 0.992
1  1.33e+01  0.3089328291  5.505377e-01 0.992
1  1.41e+01  0.3065875399  5.505377e-01 0.992
1  1.50e+01  0.3044828246  5.505377e-01 0.992
1  1.58e+01  0.3025927717  5.505377e-01 0.992
1  1.68e+01  0.3008971022  5.505377e-01 0.992
1  1.78e+01  0.2993922072  5.505377e-01 0.992
1  1.88e+01  0.2980068622  5.505377e-01 0.992
1  2.00e+01  0.2968006099  5.505377e-01 0.992
1  2.11e+01  0.2956869146  5.505377e-01 0.992
1  2.24e+01  0.2946622618  5.505377e-01 0.992
1  2.37e+01  0.2937743894  5.505377e-01 0.992
1  2.51e+01  0.2929410222  5.505377e-01 0.992
1  2.66e+01  0.2921616085  5.505377e-01 0.992
1  2.82e+01  0.291472305  5.505377e-01 0.992
1  2.99e+01  0.2908046778  5.505377e-01 0.992
1  3.16e+01  0.2901710646  5.505377e-01 0.992
1  3.35e+01  0.2895859617  5.505377e-01 0.992
1  3.55e+01  0.2890266701  5.505377e-01 0.992
1  3.76e+01  0.2884831524  5.505377e-01 0.992
1  3.98e+01  0.287917524  5.505377e-01 0.992
1  4.22e+01  0.2873768965  5.505377e-01 0.992
1  4.47e+01  0.2868493508  5.505377e-01 0.992
1  4.73e+01  0.2862710938  5.505377e-01 0.992
1  5.01e+01  0.2856728065  5.505377e-01 0.992
1  5.31e+01  0.2850493315  5.505377e-01 0.992
1  5.62e+01  0.2843843959  5.505377e-01 0.992
1  5.96e+01  0.2836610551  5.505377e-01 0.992
1  6.31e+01  0.2828588664  5.505377e-01 0.992
1  6.68e+01  0.2819688504  5.505377e-01 0.992
1  7.08e+01  0.280998187  5.505377e-01 0.992
1  7.50e+01  0.2798516706  5.505377e-01 0.992
1  7.94e+01  0.2785524875  5.505377e-01 0.992
1  8.41e+01  0.2770563545  5.505377e-01 0.992
1  8.91e+01  0.2752781875  5.505377e-01 0.992
1  9.44e+01  0.2731687479  5.505377e-01 0.992
1  1.00e+02  0.2706213129  5.505377e-01 0.992
1  1.06e+02  0.2675283063  5.505377e-01 0.992
1  1.12e+02  0.2637007581  5.505377e-01 0.992
1  1.19e+02  0.2588924805  5.505377e-01 0.992
1  1.26e+02  0.2528193182  5.505377e-01 0.992
1  1.33e+02  0.2450572562  5.505377e-01 0.992
1  1.41e+02  0.235037906  5.505377e-01 0.992
1  1.50e+02  0.2221206775  5.505377e-01 0.992
1  1.58e+02  0.2056816745  5.505377e-01 0.992
1  1.68e+02  0.1854617201  5.505377e-01 0.992
1  1.78e+02  0.1620067948  5.505377e-01 0.992
1  1.88e+02  0.1370003947  5.505377e-01 0.992
1  2.00e+02  0.1128955713  5.505377e-01 0.992
1  2.11e+02  0.09183948065  5.505377e-01 0.992
1  2.24e+02  0.07490543256  5.505377e-01 0.992
1  2.37e+02  0.06199044356  5.505377e-01 0.992
1  2.51e+02  0.05243394013  5.505377e-01 0.992
1  2.66e+02  0.04544916699  5.505377e-01 0.992
1  2.82e+02  0.04033137095  5.505377e-01 0.992
1  2.99e+02  0.03655916308  5.505377e-01 0.992
1  3.16e+02  0.03374316273  5.505377e-01 0.992
1  3.35e+02  0.03161697639  5.505377e-01 0.992
1  3.55e+02  0.03000038139  5.505377e-01 0.992
1  3.76e+02  0.02874595101  5.505377e-01 0.992
1  3.98e+02  0.0277675187  5.505377e-01 0.992
1  4.22e+02  0.02699548484  5.505377e-01 0.992
1  4.47e+02  0.02637548799  5.505377e-01 0.992
1  4.73e+02  0.02588001881  5.505377e-01 0.992
1  5.01e+02  0.02547942323  5.505377e-01 0.992
1  5.31e+02  0.02515003091  5.505377e-01 0.992
1  5.62e+02  0.02488170209  5.505377e-01 0.992
1  5.96e+02  0.02465630856  5.505377e-01 0.992
1  6.31e+02  0.02447212183  5.505377e-01 0.992
1  6.68e+02  0.02431685796  5.505377e-01 0.992
1  7.08e+02  0.0241856258  5.505377e-01 0.992
1  7.50e+02  0.02407460983  5.505377e-01 0.992
1  7.94e+02  0.02398215416  5.505377e-01 0.992
1  8.41e+02  0.02390354727  5.505377e-01 0.992
1  8.91e+02  0.02383543596  5.505377e-01 0.992
1  9.44e+02  0.02377752402  5.505377e-01 0.992
1  1.00e+03  0.02372944896  5.505377e-01 0.992
1  1.06e+03  0.02368545199  5.505377e-01 0.992
1  1.12e+03  0.02364889996  5.505377e-01 0.992
1  1.19e+03  0.02361877127  5.505377e-01 0.992
1  1.26e+03  0.02359055736  5.505377e-01 0.992
1  1.33e+03  0.02356656867  5.505377e-01 0.992
1  1.41e+03  0.02354630306  5.505377e-01 0.992
1  1.50e+03  0.02352752759  5.505377e-01 0.992
1  1.58e+03  0.02351224718  5.505377e-01 0.992
1  1.68e+03  0.02349951867  5.505377e-01 0.992
1  1.78e+03  0.02348732446  5.505377e-01 0.992
1  1.88e+03  0.02347648177  5.505377e-01 0.992
1  2.00e+03  0.02346726002  5.505377e-01 0.992
1  2.11e+03  0.02345934708  5.505377e-01 0.992
1  2.24e+03  0.02345211616  5.505377e-01 0.992
1  2.37e+03  0.02344685606  5.505377e-01 0.992
1  2.51e+03  0.02344165435  5.505377e-01 0.992
1  2.66e+03  0.02343575554  5.505377e-01 0.992
1  2.82e+03  0.02343161935  5.505377e-01 0.992
1  2.99e+03  0.02342884805  5.505377e-01 0.992
1  3.16e+03  0.0234258743  5.505377e-01 0.992
1  3.35e+03  0.02342185467  5.505377e-01 0.992
1  3.55e+03  0.02342098725  5.505377e-01 0.992
1  3.76e+03  0.02341970489  5.505377e-01 0.992
1  3.98e+03  0.02341652947  5.505377e-01 0.992
1  4.22e+03  0.02341121981  5.505377e-01 0.992
1  4.47e+03  0.02341478725  5.505377e-01 0.992
1  4.73e+03  0.02340717207  5.505377e-01 0.992
1  5.01e+03  0.02341814211  5.505377e-01 0.992
1  5.31e+03  0.02341853372  5.505377e-01 0.992
1  5.62e+03  0.02340839991  5.505377e-01 0.992
1  5.96e+03  0.02340482984  5.505377e-01 0.992
1  6.31e+03  0.02341070261  5.505377e-01 0.992
1  6.68e+03  0.02343409474  5.505377e-01 0.992
1  7.08e+03  0.02348582313  5.505377e-01 0.992
1  7.50e+03  0.02353320119  5.505377e-01 0.992
1  7.94e+03  0.02350918322  5.505377e-01 0.992
1  8.41e+03  0.02364908363  5.505377e-01 0.992
1  8.91e+03  0.02374993139  5.505377e-01 0.992
1  9.44e+03  0.02391392331  5.505377e-01 0.992
1  1.00e+04  0.02412164179  5.505377e-01 0.992
1  1.06e+04  0.0246037086  5.505377e-01 0.992
1  1.12e+04  0.02488482422  5.505377e-01 0.992
1  1.19e+04  0.02541327335  5.505377e-01 0.992
1  1.26e+04  0.02634054774  5.505377e-01 0.992
1  1.33e+04  0.02745345771  5.505377e-01 0.992
1  1.41e+04  0.02866764961  5.505377e-01 0.992
1  1.50e+04  0.03012536363  5.505377e-01 0.992
1  1.58e+04  0.03211729241  5.505377e-01 0.992
1  1.68e+04  0.03442841218  5.505377e-01 0.992
1  1.78e+04  0.03711057471  5.505377e-01 0.992
1  1.88e+04  0.04023931563  5.505377e-01 0.992
1  2.00e+04  0.0437496728  5.505377e-01 0.992
1  2.11e+04  0.04772102599  5.505377e-01 0.992
1  2.24e+04  0.05249733598  5.505377e-01 0.992
1  2.37e+04  0.05777870115  5.505377e-01 0.992
1  2.51e+04  0.06329700452  5.505377e-01 0.992
1  2.66e+04  0.07018206269  5.505377e-01 0.992
1  2.82e+04  0.07696157957  5.505377e-01 0.992
1  2.99e+04  0.08442947097  5.505377e-01 0.992
1  3.16e+04  0.09279256879  5.505377e-01 0.992
1  3.35e+04  0.1011613599  5.505377e-01 0.992
1  3.55e+04  0.110348131  5.505377e-01 0.992
1  3.76e+04  0.1203440895  5.505377e-01 0.992
1  3.98e+04  0.1290726597  5.505377e-01 0.992
1  4.22e+04  0.141630488  5.505377e-01 0.992
1  4.47e+04  0.1500681618  5.505377e-01 0.992
1  4.73e+04  0.1616659709  5.505377e-01 0.992
1  5.01e+04  0.1749292031  5.505377e-01 0.992
1  5.31e+04  0.1838469827  5.505377e-01 0.992
1  5.62e+04  0.1949719865  5.505377e-01 0.992
1  5.96e+04  0.208907549  5.505377e-01 0.992
1  6.31e+04  0.221325285  5.505377e-01 0.992
1  6.68e+04  0.2312802782  5.505377e-01 0.992
1  7.08e+04  0.2410963586  5.505377e-01 0.992
1  7.50e+04  0.2535035918  5.505377e-01 0.992
1  7.94e+04  0.2678905963  5.505377e-01 0.992
1  8.41e+04  0.2809312753  5.505377e-01 0.992
1  8.91e+04  0.2909998187  5.505377e-01 0.992
1  9.44e+04  0.2994800376  5.505377e-01 0.992
1  1.00e+05  0.3084743513  5.505377e-01 0.992
1  1.06e+05  0.3189335865  5.505377e-01 0.992
1  1.12e+05  0.3306743862  5.505377e-01 0.992
1  1.19e+05  0.3430261926  5.505377e-01 0.992
1  1.26e+05  0.3551804341  5.505377e-01 0.992
1  1.33e+05  0.3663877771  5.505377e-01 0.992
1  1.41e+05  0.3761850273  5.505377e-01 0.992
1  1.50e+05  0.3845254043  5.505377e-01 0.992
1  1.58e+05  0.3917118769  5.505377e-01 0.992
1  1.68e+05  0.3982049153  5.505377e-01 0.992
1  1.78e+05  0.404436059  5.505377e-01 0.992
1  1.88e+05  0.4107059065  5.505377e-01 0.992
1  2.00e+05  0.417169819  5.505377e-01 0.992
1  2.11e+05  0.4238726911  5.505377e-01 0.992
1  2.24e+05  0.4307926304  5.505377e-01 0.992
1  2.37e+05  0.4378726628  5.505377e-01 0.992
1  2.51e+05  0.4450381744  5.505377e-01 0.992
1  2.66e+05  0.4522061031  5.505377e-01 0.992
1  2.82e+05  0.459291562  5.505377e-01 0.992
1  2.99e+05  0.4662141554  5.505377e-01 0.992
1  3.16e+05  0.4729036594  5.505377e-01 0.992
1  3.35e+05  0.4793040074  5.505377e-01 0.992
1  3.55e+05  0.4853749913  5.505377e-01 0.992
1  3.76e+05  0.4910918365  5.505377e-01 0.992
1  3.98e+05  0.4964432913  5.505377e-01 0.992
1  4.22e+05  0.5014289866  5.505377e-01 0.992
1  4.47e+05  0.5060566827  5.505377e-01 0.992
1  4.73e+05  0.5103397906  5.505377e-01 0.992
1  5.01e+05  0.5142953444  5.505377e-01 0.992
1  5.31e+05  0.5179424512  5.505377e-01 0.992
1  5.62e+05  0.5213011658  5.505377e-01 0.992
1  5.96e+05  0.5243917061  5.505377e-01 0.992
1  6.31e+05  0.5272339245  5.505377e-01 0.992
1  6.68e+05  0.5298469635  5.505377e-01 0.992
1  7.08e+05  0.5322490418  5.505377e-01 0.992
1  7.50e+05  0.5344573291  5.505377e-01 0.992
1  7.94e+05  0.536487884  5.505377e-01 0.992
1  8.41e+05  0.5383556354  5.505377e-01 0.992
1  8.91e+05  0.5400743932  5.505377e-01 0.992
1  9.44e+05  0.541656881  5.505377e-01 0.992
1  1.00e+06  0.5431147822  5.505377e-01 0.992
1  1.06e+06  0.5444587958  5.505377e-01 0.992
1  1.12e+06  0.5456986976  5.505377e-01 0.992
1  1.19e+06  0.5468434043  5.505377e-01 0.992
1  1.26e+06  0.5479010379  5.505377e-01 0.992
1  1.33e+06  0.548878989  5.505377e-01 0.992
1  1.41e+06  0.5497839783  5.505377e-01 0.992
1  1.50e+06  0.5506221146  5.505377e-01 0.992
1  1.58e+06  0.5513989499  5.505377e-01 0.992
1  1.68e+06  0.55211953  5.505377e-01 0.992
1  1.78e+06  0.5527884421  5.505377e-01 0.992
1  1.88e+06  0.5534098608  5.505377e-01 0.992
1  2.00e+06  0.5539875792  5.505377e-01 0.992
1  2.11e+06  0.5545250526  5.505377e-01 0.992
1  2.24e+06  0.5550254296  5.505377e-01 0.992
1  2.37e+06  0.5554915823  5.505377e-01 0.992
1  2.51e+06  0.5559261311  5.505377e-01 0.992
1  2.66e+06  0.5563314698  5.505377e-01 0.992
1  2.82e+06  0.5567097872  5.505377e-01 0.992
1  2.99e+06  0.5570630865  5.505377e-01 0.992
1  3.16e+06  0.5573932028  5.505377e-01 0.992
1  3.35e+06  0.5577018191  5.505377e-01 0.992
1  3.55e+06  0.5579904803  5.505377e-01 0.992
1  3.76e+06  0.5582606057  5.505377e-01 0.992
1  3.98e+06  0.5585135009  5.505377e-01 0.992
1  4.22e+06  0.5587503679  5.505377e-01 0.992
1  4.47e+06  0.5589723147  5.505377e-01 0.992
1  4.73e+06  0.5591803629  5.505377e-01 0.992
1  5.01e+06  0.5593754562  5.505377e-01 0.992
1  5.31e+06  0.5595584666  5.505377e-01 0.992
1  5.62e+06  0.5597302005  5.505377e-01 0.992
1  5.96e+06  0.5598914047  5.505377e-01 0.992
1  6.31e+06  0.5600427712  5.505377e-01 0.992
1  6.68e+06  0.5601849415  5.505377e-01 0.992
1  7.08e+06  0.560318511  5.505377e-01 0.992
1  7.50e+06  0.560444033  5.505377e-01 0.992
1  7.94e+06  0.5605620214  5.505377e-01 0.992
1  8.41e+06  0.5606729545  5.505377e-01 0.992
1  8.91e+06  0.5607772773  5.505377e-01 0.992
1  9.44e+06  0.5608754044  5.505377e-01 0.992
1  1.00e+07  0.5609677222  5.505377e-01 0.992
