1  1.00e-03  0.5643726211  5.483177e-01 0.988
1  1.06e-03  0.5643709385  5.483177e-01 0.988
1  1.12e-03  0.5643691732  5.483177e-01 0.988
1  1.19e-03  0.564367401  5.483177e-01 0.988
1  1.26e-03  0.5643654138  5.483177e-01 0.988
1  1.33e-03  0.5643632692  5.483177e-01 0.988
1  1.41e-03  0.5643610622  5.483177e-01 0.988
1  1.50e-03  0.5643586838  5.483177e-01 0.988
1  1.58e-03  0.5643560841  5.483177e-01 0.988
1  1.68e-03  0.5643534829  5.483177e-01 0.988
1  1.78e-03  0.5643506316  5.483177e-01 0.988
1  1.88e-03  0.5643476235  5.483177e-01 0.988
1  2.00e-03  0.5643445249  5.483177e-01 0.988
1  2.11e-03  0.5643411404  5.483177e-01 0.988
1  2.24e-03  0.5643376016  5.483177e-01 0.988
1  2.37e-03  0.5643339209  5.483177e-01 0.988
1  2.51e-03  0.5643298829  5.483177e-01 0.988
1  2.66e-03  0.564325705  5.483177e-01 0.988
1  2.82e-03  0.5643212347  5.483177e-01 0.988
1  2.99e-03  0.5643165095  5.483177e-01 0.988
1  3.16e-03  0.5643115539  5.483177e-01 0.988
1  3.35e-03  0.5643062154  5.483177e-01 0.988
1  3.55e-03  0.5643006342  5.483177e-01 0.988
1  3.76e-03  0.5642946767  5.483177e-01 0.988
1  3.98e-03  0.5642883752  5.483177e-01 0.988
1  4.22e-03  0.5642817091  5.483177e-01 0.988
1  4.47e-03  0.564274633  5.483177e-01 0.988
1  4.73e-03  0.5642671581  5.483177e-01 0.988
1  5.01e-03  0.5642592427  5.483177e-01 0.988
1  5.31e-03  0.5642508298  5.483177e-01 0.988
1  5.62e-03  0.5642419318  5.483177e-01 0.988
1  5.96e-03  0.5642325065  5.483177e-01 0.988
1  6.31e-03  0.5642225133  5.483177e-01 0.988
1  6.68e-03  0.5642119528  5.483177e-01 0.988
1  7.08e-03  0.5642007336  5.483177e-01 0.988
1  7.50e-03  0.5641888753  5.483177e-01 0.988
1  7.94e-03  0.5641762666  5.483177e-01 0.988
1  8.41e-03  0.5641629713  5.483177e-01 0.988
1  8.91e-03  0.5641488259  5.483177e-01 0.988
1  9.44e-03  0.564133872  5.483177e-01 0.988
1  1.00e-02  0.5641180627  5.483177e-01 0.988
1  1.06e-02  0.5641012586  5.483177e-01 0.988
1  1.12e-02  0.5640834902  5.483177e-01 0.988
1  1.19e-02  0.5640646666  5.483177e-01 0.988
1  1.26e-02  0.564044704  5.483177e-01 0.988
1  1.33e-02  0.5640235354  5.483177e-01 0.988
1  1.41e-02  0.5640011593  5.483177e-01 0.988
1  1.50e-02  0.5639774087  5.483177e-01 0.988
1  1.58e-02  0.5639523255  5.483177e-01 0.988
1  1.68e-02  0.5639257018  5.483177e-01 0.988
1  1.78e-02  0.563897421  5.483177e-01 0.988
1  1.88e-02  0.5638675933  5.483177e-01 0.988
1  2.00e-02  0.5638358803  5.483177e-01 0.988
1  2.11e-02  0.5638022955  5.483177e-01 0.988
1  2.24e-02  0.5637668199  5.483177e-01 0.988
1  2.37e-02  0.5637291393  5.483177e-01 0.988
1  2.51e-02  0.5636891963  5.483177e-01 0.988
1  2.66e-02  0.5636468694  5.483177e-01 0.988
1  2.82e-02  0.5636021343  5.483177e-01 0.988
1  2.99e-02  0.5635546352  5.483177e-01 0.988
1  3.16e-02  0.5635043845  5.483177e-01 0.988
1  3.35e-02  0.5634509938  5.483177e-01 0.988
1  3.55e-02  0.5633945743  5.483177e-01 0.988
1  3.76e-02  0.5633346826  5.483177e-01 0.988
1  3.98e-02  0.5632712171  5.483177e-01 0.988
1  4.22e-02  0.5632039016  5.483177e-01 0.988
1  4.47e-02  0.5631327968  5.483177e-01 0.988
1  4.73e-02  0.5630571433  5.483177e-01 0.988
1  5.01e-02  0.5629771174  5.483177e-01 0.988
1  5.31e-02  0.5628925148  5.483177e-01 0.988
1  5.62e-02  0.5628025935  5.483177e-01 0.988
1  5.96e-02  0.5627072096  5.483177e-01 0.988
1  6.31e-02  0.56260614  5.483177e-01 0.988
1  6.68e-02  0.5624990605  5.483177e-01 0.988
1  7.08e-02  0.5623858603  5.483177e-01 0.988
1  7.50e-02  0.5622654966  5.483177e-01 0.988
1  7.94e-02  0.5621378507  5.483177e-01 0.988
1  8.41e-02  0.5620027535  5.483177e-01 0.988
1  8.91e-02  0.5618591574  5.483177e-01 0.988
1  9.44e-02  0.5617074835  5.483177e-01 0.988
1  1.00e-01  0.5615461043  5.483177e-01 0.988
1  1.06e-01  0.5613753232  5.483177e-01 0.988
1  1.12e-01  0.5611936574  5.483177e-01 0.988
1  1.19e-01  0.561001681  5.483177e-01 0.988
1  1.26e-01  0.560797722  5.483177e-01 0.988
1  1.33e-01  0.5605815014  5.483177e-01 0.988
1  1.41e-01  0.5603517127  5.483177e-01 0.988
1  1.50e-01  0.5601088157  5.483177e-01 0.988
1  1.58e-01  0.5598503942  5.483177e-01 0.988
1  1.68e-01  0.5595762825  5.483177e-01 0.988
1  1.78e-01  0.5592849835  5.483177e-01 0.988
1  1.88e-01  0.558976938  5.483177e-01 0.988
1  2.00e-01  0.5586494891  5.483177e-01 0.988
1  2.11e-01  0.5583012197  5.483177e-01 0.988
1  2.24e-01  0.5579320204  5.483177e-01 0.988
1  2.37e-01  0.5575399831  5.483177e-01 0.988
1  2.51e-01  0.5571230653  5.483177e-01 0.988
1  2.66e-01  0.5566819622  5.483177e-01 0.988
1  2.82e-01  0.5562121312  5.483177e-01 0.988
1  2.99e-01  0.555712628  5.483177e-01 0.988
1  3.16e-01  0.5551829327  5.483177e-01 0.988
1  3.35e-01  0.5546194434  5.483177e-01 0.988
1  3.55e-01  0.5540191392  5.483177e-01 0.988
1  3.76e-01  0.5533838504  5.483177e-01 0.988
1  3.98e-01  0.5527051415  5.483177e-01 0.988
1  4.22e-01  0.551984924  5.483177e-01 0.988
1  4.47e-01  0.5512211229  5.483177e-01 0.988
1  4.73e-01  0.5504045894  5.483177e-01 0.988
1  5.01e-01  0.5495379543  5.483177e-01 0.988
1  5.31e-01  0.5486136334  5.483177e-01 0.988
1  5.62e-01  0.547632077  5.483177e-01 0.988
1  5.96e-01  0.5465838167  5.483177e-01 0.988
1  6.31e-01  0.5454693372  5.483177e-01 0.988
1  6.68e-01  0.5442829467  5.483177e-01 0.988
1  7.08e-01  0.5430156815  5.483177e-01 0.988
1  7.50e-01  0.5416694989  5.483177e-01 0.988
1  7.94e-01  0.5402316721  5.483177e-01 0.988
1  8.41e-01  0.53869757  5.483177e-01 0.988
1  8.91e-01  0.5370594523  5.483177e-01 0.988
1  9.44e-01  0.535317104  5.483177e-01 0.988
1  1.00e+00  0.5334571761  5.483177e-01 0.988
1  1.06e+00  0.5314682616  5.483177e-01 0.988
1  1.12e+00  0.5293483067  5.483177e-01 0.988
1  1.19e+00  0.5270825767  5.483177e-01 0.988
1  1.26e+00  0.5246721874  5.483177e-01 0.988
1  1.33e+00  0.522089755  5.483177e-01 0.988
1  1.41e+00  0.5193389334  5.483177e-01 0.988
1  1.50e+00  0.5163982803  5.483177e-01 0.988
1  1.58e+00  0.5132661966  5.483177e-01 0.988
1  1.68e+00  0.5099235364  5.483177e-01 0.988
1  1.78e+00  0.5063537347  5.483177e-01 0.988
1  1.88e+00  0.5025617175  5.483177e-01 0.988
1  2.00e+00  0.4985157995  5.483177e-01 0.988
1  2.11e+00  0.4942105219  5.483177e-01 0.988
1  2.24e+00  0.489650154  5.483177e-01 0.988
1  2.37e+00  0.4848033116  5.483177e-01 0.988
1  2.51e+00  0.4796633977  5.483177e-01 0.988
1  2.66e+00  0.4742373634  5.483177e-01 0.988
1  2.82e+00  0.4685144192  5.483177e-01 0.988
1  2.99e+00  0.4625147261  5.483177e-01 0.988
1  3.16e+00  0.4562037447  5.483177e-01 0.988
1  3.35e+00  0.4496280558  5.483177e-01 0.988
1  3.55e+00  0.4427999121  5.483177e-01 0.988
1  3.76e+00  0.4357361571  5.483177e-01 0.988
1  3.98e+00  0.4284557112  5.483177e-01 0.988
1  4.22e+00  0.4210023359  5.483177e-01 0.988
1  4.47e+00  0.4134342964  5.483177e-01 0.988
1  4.73e+00  0.4058012589  5.483177e-01 0.988
1  5.01e+00  0.3981403292  5.483177e-01 0.988
1  5.31e+00  0.3905076979  5.483177e-01 0.988
1  5.62e+00  0.3829736647  5.483177e-01 0.988
1  5.96e+00  0.3756238368  5.483177e-01 0.988
1  6.31e+00  0.3684665048  5.483177e-01 0.988
1  6.68e+00  0.3615518512  5.483177e-01 0.988
1  7.08e+00  0.3549644986  5.483177e-01 0.988
1  7.50e+00  0.348725698  5.483177e-01 0.988
1  7.94e+00  0.3428411562  5.483177e-01 0.988
1  8.41e+00  0.3373503293  5.483177e-01 0.988
1  8.91e+00  0.3322746494  5.483177e-01 0.988
1  9.44e+00  0.3275670872  5.483177e-01 0.988
1  1.00e+01  0.3232281954  5.483177e-01 0.988
1  1.06e+01  0.3192985225  5.483177e-01 0.988
1  1.12e+01  0.3157192854  5.483177e-01 0.988
1  1.19e+01  0.3124563506  5.483177e-01 0.988
1  1.26e+01  0.3094896108  5.483177e-01 0.988
1  1.33e+01  0.3068939395  5.483177e-01 0.988
1  1.41e+01  0.3045041047  5.483177e-01 0.988
1  1.50e+01  0.3023811569  5.483177e-01 0.988
1  1.58e+01  0.3004638651  5.483177e-01 0.988
1  1.68e+01  0.298743565  5.483177e-01 0.988
1  1.78e+01  0.2972122074  5.483177e-01 0.988
1  1.88e+01  0.2958093068  5.483177e-01 0.988
1  2.00e+01  0.2945849398  5.483177e-01 0.988
1  2.11e+01  0.2934488867  5.483177e-01 0.988
1  2.24e+01  0.292423801  5.483177e-01 0.988
1  2.37e+01  0.2915250395  5.483177e-01 0.988
1  2.51e+01  0.2906867702  5.483177e-01 0.988
1  2.66e+01  0.2898986561  5.483177e-01 0.988
1  2.82e+01  0.2892069694  5.483177e-01 0.988
1  2.99e+01  0.2885431182  5.483177e-01 0.988
1  3.16e+01  0.2879096655  5.483177e-01 0.988
1  3.35e+01  0.2873048991  5.483177e-01 0.988
1  3.55e+01  0.2867636968  5.483177e-01 0.988
1  3.76e+01  0.2862099598  5.483177e-01 0.988
1  3.98e+01  0.2856566052  5.483177e-01 0.988
1  4.22e+01  0.2851225126  5.483177e-01 0.988
1  4.47e+01  0.2845551325  5.483177e-01 0.988
1  4.73e+01  0.2840098169  5.483177e-01 0.988
1  5.01e+01  0.2834236773  5.483177e-01 0.988
1  5.31e+01  0.2828019319  5.483177e-01 0.988
1  5.62e+01  0.2821338544  5.483177e-01 0.988
1  5.96e+01  0.281410301  5.483177e-01 0.988
1  6.31e+01  0.2806220497  5.483177e-01 0.988
1  6.68e+01  0.2797442567  5.483177e-01 0.988
1  7.08e+01  0.2787336526  5.483177e-01 0.988
1  7.50e+01  0.2776297442  5.483177e-01 0.988
1  7.94e+01  0.2763409336  5.483177e-01 0.988
1  8.41e+01  0.2748254726  5.483177e-01 0.988
1  8.91e+01  0.2730744339  5.483177e-01 0.988
1  9.44e+01  0.2709721916  5.483177e-01 0.988
1  1.00e+02  0.2684667742  5.483177e-01 0.988
1  1.06e+02  0.2653806153  5.483177e-01 0.988
1  1.12e+02  0.2615981403  5.483177e-01 0.988
1  1.19e+02  0.2568497229  5.483177e-01 0.988
1  1.26e+02  0.2508413164  5.483177e-01 0.988
1  1.33e+02  0.2431249357  5.483177e-01 0.988
1  1.41e+02  0.233212665  5.483177e-01 0.988
1  1.50e+02  0.2203890811  5.483177e-01 0.988
1  1.58e+02  0.2041085258  5.483177e-01 0.988
1  1.68e+02  0.1840812367  5.483177e-01 0.988
1  1.78e+02  0.1608392491  5.483177e-01 0.988
1  1.88e+02  0.136052572  5.483177e-01 0.988
1  2.00e+02  0.1121404402  5.483177e-01 0.988
1  2.11e+02  0.09127096715  5.483177e-01 0.988
1  2.24e+02  0.0744698156  5.483177e-01 0.988
1  2.37e+02  0.06166501206  5.483177e-01 0.988
1  2.51e+02  0.05219515199  5.483177e-01 0.988
1  2.66e+02  0.04526034696  5.483177e-01 0.988
1  2.82e+02  0.04018931845  5.483177e-01 0.988
1  2.99e+02  0.03644755393  5.483177e-01 0.988
1  3.16e+02  0.03365442177  5.483177e-01 0.988
1  3.35e+02  0.03154939156  5.483177e-01 0.988
1  3.55e+02  0.0299440424  5.483177e-01 0.988
1  3.76e+02  0.02870243715  5.483177e-01 0.988
1  3.98e+02  0.02772974024  5.483177e-01 0.988
1  4.22e+02  0.02696494256  5.483177e-01 0.988
1  4.47e+02  0.02635116891  5.483177e-01 0.988
1  4.73e+02  0.02585843413  5.483177e-01 0.988
1  5.01e+02  0.0254619116  5.483177e-01 0.988
1  5.31e+02  0.02513566222  5.483177e-01 0.988
1  5.62e+02  0.02486867632  5.483177e-01 0.988
1  5.96e+02  0.02464610654  5.483177e-01 0.988
1  6.31e+02  0.02446333847  5.483177e-01 0.988
1  6.68e+02  0.02430881695  5.483177e-01 0.988
1  7.08e+02  0.02417872911  5.483177e-01 0.988
1  7.50e+02  0.02406870992  5.483177e-01 0.988
1  7.94e+02  0.02397712535  5.483177e-01 0.988
1  8.41e+02  0.02389944164  5.483177e-01 0.988
1  8.91e+02  0.02383173751  5.483177e-01 0.988
1  9.44e+02  0.02377446543  5.483177e-01 0.988
1  1.00e+03  0.02372654904  5.483177e-01 0.988
1  1.06e+03  0.02368296656  5.483177e-01 0.988
1  1.12e+03  0.02364674421  5.483177e-01 0.988
1  1.19e+03  0.02361696918  5.483177e-01 0.988
1  1.26e+03  0.02358896489  5.483177e-01 0.988
1  1.33e+03  0.02356514622  5.483177e-01 0.988
1  1.41e+03  0.02354501509  5.483177e-01 0.988
1  1.50e+03  0.02352648004  5.483177e-01 0.988
1  1.58e+03  0.02351124191  5.483177e-01 0.988
1  1.68e+03  0.02349858506  5.483177e-01 0.988
1  1.78e+03  0.02348659793  5.483177e-01 0.988
1  1.88e+03  0.02347578738  5.483177e-01 0.988
1  2.00e+03  0.02346670193  5.483177e-01 0.988
1  2.11e+03  0.02345882774  5.483177e-01 0.988
1  2.24e+03  0.02345167059  5.483177e-01 0.988
1  2.37e+03  0.02344644381  5.483177e-01 0.988
1  2.51e+03  0.02344130153  5.483177e-01 0.988
1  2.66e+03  0.02343545649  5.483177e-01 0.988
1  2.82e+03  0.02343133762  5.483177e-01 0.988
1  2.99e+03  0.02342861257  5.483177e-01 0.988
1  3.16e+03  0.02342570374  5.483177e-01 0.988
1  3.35e+03  0.02342169602  5.483177e-01 0.988
1  3.55e+03  0.02342082876  5.483177e-01 0.988
1  3.76e+03  0.02341956072  5.483177e-01 0.988
1  3.98e+03  0.02341639328  5.483177e-01 0.988
1  4.22e+03  0.02341111079  5.483177e-01 0.988
1  4.47e+03  0.02341470636  5.483177e-01 0.988
1  4.73e+03  0.02340710909  5.483177e-01 0.988
1  5.01e+03  0.0234179098  5.483177e-01 0.988
1  5.31e+03  0.02341851789  5.483177e-01 0.988
1  5.62e+03  0.02340854096  5.483177e-01 0.988
1  5.96e+03  0.02340497697  5.483177e-01 0.988
1  6.31e+03  0.023410851  5.483177e-01 0.988
1  6.68e+03  0.02343426925  5.483177e-01 0.988
1  7.08e+03  0.02348556061  5.483177e-01 0.988
1  7.50e+03  0.02353193554  5.483177e-01 0.988
1  7.94e+03  0.02350826782  5.483177e-01 0.988
1  8.41e+03  0.02364829483  5.483177e-01 0.988
1  8.91e+03  0.02374725466  5.483177e-01 0.988
1  9.44e+03  0.02391210641  5.483177e-01 0.988
1  1.00e+04  0.02411752332  5.483177e-01 0.988
1  1.06e+04  0.02459950048  5.483177e-01 0.988
1  1.12e+04  0.02488078378  5.483177e-01 0.988
1  1.19e+04  0.02540672022  5.483177e-01 0.988
1  1.26e+04  0.02633420916  5.483177e-01 0.988
1  1.33e+04  0.02744633487  5.483177e-01 0.988
1  1.41e+04  0.02866389083  5.483177e-01 0.988
1  1.50e+04  0.03012099573  5.483177e-01 0.988
1  1.58e+04  0.03211555651  5.483177e-01 0.988
1  1.68e+04  0.03443159778  5.483177e-01 0.988
1  1.78e+04  0.03711879151  5.483177e-01 0.988
1  1.88e+04  0.04025301236  5.483177e-01 0.988
1  2.00e+04  0.04377026708  5.483177e-01 0.988
1  2.11e+04  0.04775126555  5.483177e-01 0.988
1  2.24e+04  0.05253929231  5.483177e-01 0.988
1  2.37e+04  0.05783279263  5.483177e-01 0.988
1  2.51e+04  0.06336917067  5.483177e-01 0.988
1  2.66e+04  0.07027576568  5.483177e-01 0.988
1  2.82e+04  0.07707109111  5.483177e-01 0.988
1  2.99e+04  0.08456734098  5.483177e-01 0.988
1  3.16e+04  0.09295234196  5.483177e-01 0.988
1  3.35e+04  0.1013530804  5.483177e-01 0.988
1  3.55e+04  0.110564811  5.483177e-01 0.988
1  3.76e+04  0.1206006643  5.483177e-01 0.988
1  3.98e+04  0.129353485  5.483177e-01 0.988
1  4.22e+04  0.1419566257  5.483177e-01 0.988
1  4.47e+04  0.1504284033  5.483177e-01 0.988
1  4.73e+04  0.1620579181  5.483177e-01 0.988
1  5.01e+04  0.1753744716  5.483177e-01 0.988
1  5.31e+04  0.1843277901  5.483177e-01 0.988
1  5.62e+04  0.1954862253  5.483177e-01 0.988
1  5.96e+04  0.2094715531  5.483177e-01 0.988
1  6.31e+04  0.2219393291  5.483177e-01 0.988
1  6.68e+04  0.2319338377  5.483177e-01 0.988
1  7.08e+04  0.241783975  5.483177e-01 0.988
1  7.50e+04  0.254232443  5.483177e-01 0.988
1  7.94e+04  0.2686717699  5.483177e-01 0.988
1  8.41e+04  0.2817648373  5.483177e-01 0.988
1  8.91e+04  0.2918753526  5.483177e-01 0.988
1  9.44e+04  0.3003886661  5.483177e-01 0.988
1  1.00e+05  0.3094152421  5.483177e-01 0.988
1  1.06e+05  0.3199113712  5.483177e-01 0.988
1  1.12e+05  0.3316943843  5.483177e-01 0.988
1  1.19e+05  0.3440918109  5.483177e-01 0.988
1  1.26e+05  0.3562922535  5.483177e-01 0.988
1  1.33e+05  0.3675434184  5.483177e-01 0.988
1  1.41e+05  0.3773798774  5.483177e-01 0.988
1  1.50e+05  0.3857540553  5.483177e-01 0.988
1  1.58e+05  0.3929695847  5.483177e-01 0.988
1  1.68e+05  0.3994884618  5.483177e-01 0.988
1  1.78e+05  0.4057438766  5.483177e-01 0.988
1  1.88e+05  0.4120377062  5.483177e-01 0.988
1  2.00e+05  0.4185260614  5.483177e-01 0.988
1  2.11e+05  0.425254136  5.483177e-01 0.988
1  2.24e+05  0.4322000428  5.483177e-01 0.988
1  2.37e+05  0.4393066509  5.483177e-01 0.988
1  2.51e+05  0.4464991054  5.483177e-01 0.988
1  2.66e+05  0.4536940599  5.483177e-01 0.988
1  2.82e+05  0.4608063257  5.483177e-01 0.988
1  2.99e+05  0.4677552114  5.483177e-01 0.988
1  3.16e+05  0.4744702261  5.483177e-01 0.988
1  3.35e+05  0.4808950818  5.483177e-01 0.988
1  3.55e+05  0.4869894045  5.483177e-01 0.988
1  3.76e+05  0.4927283102  5.483177e-01 0.988
1  3.98e+05  0.4981004894  5.483177e-01 0.988
1  4.22e+05  0.5031055578  5.483177e-01 0.988
1  4.47e+05  0.5077512935  5.483177e-01 0.988
1  4.73e+05  0.5120511485  5.483177e-01 0.988
1  5.01e+05  0.516022214  5.483177e-01 0.988
1  5.31e+05  0.5196836635  5.483177e-01 0.988
1  5.62e+05  0.5230556229  5.483177e-01 0.988
1  5.96e+05  0.5261583833  5.483177e-01 0.988
1  6.31e+05  0.5290118694  5.483177e-01 0.988
1  6.68e+05  0.5316352944  5.483177e-01 0.988
1  7.08e+05  0.5340469443  5.483177e-01 0.988
1  7.50e+05  0.536264053  5.483177e-01 0.988
1  7.94e+05  0.5383027392  5.483177e-01 0.988
1  8.41e+05  0.5401779879  5.483177e-01 0.988
1  8.91e+05  0.5419036613  5.483177e-01 0.988
1  9.44e+05  0.543492531  5.483177e-01 0.988
1  1.00e+06  0.544956325  5.483177e-01 0.988
1  1.06e+06  0.546305783  5.483177e-01 0.988
1  1.12e+06  0.5475507184  5.483177e-01 0.988
1  1.19e+06  0.548700082  5.483177e-01 0.988
1  1.26e+06  0.5497620271  5.483177e-01 0.988
1  1.33e+06  0.5507439729  5.483177e-01 0.988
1  1.41e+06  0.5516526659  5.483177e-01 0.988
1  1.50e+06  0.5524942388  5.483177e-01 0.988
1  1.58e+06  0.5532742651  5.483177e-01 0.988
1  1.68e+06  0.5539978104  5.483177e-01 0.988
1  1.78e+06  0.5546694798  5.483177e-01 0.988
1  1.88e+06  0.5552934641  5.483177e-01 0.988
1  2.00e+06  0.5558735717  5.483177e-01 0.988
1  2.11e+06  0.556413271  5.483177e-01 0.988
1  2.24e+06  0.5569157235  5.483177e-01 0.988
1  2.37e+06  0.5573838124  5.483177e-01 0.988
1  2.51e+06  0.5578201686  5.483177e-01 0.988
1  2.66e+06  0.5582271953  5.483177e-01 0.988
1  2.82e+06  0.5586070902  5.483177e-01 0.988
1  2.99e+06  0.5589618645  5.483177e-01 0.988
1  3.16e+06  0.5592933606  5.483177e-01 0.988
1  3.35e+06  0.5596032682  5.483177e-01 0.988
1  3.55e+06  0.5598931384  5.483177e-01 0.988
1  3.76e+06  0.5601643963  5.483177e-01 0.988
1  3.98e+06  0.5604183528  5.483177e-01 0.988
1  4.22e+06  0.5606562149  5.483177e-01 0.988
1  4.47e+06  0.5608790947  5.483177e-01 0.988
1  4.73e+06  0.5610880183  5.483177e-01 0.988
1  5.01e+06  0.5612839332  5.483177e-01 0.988
1  5.31e+06  0.5614677147  5.483177e-01 0.988
1  5.62e+06  0.5616401729  5.483177e-01 0.988
1  5.96e+06  0.5618020574  5.483177e-01 0.988
1  6.31e+06  0.561954063  5.483177e-01 0.988
1  6.68e+06  0.562096834  5.483177e-01 0.988
1  7.08e+06  0.5622309683  5.483177e-01 0.988
1  7.50e+06  0.5623570212  5.483177e-01 0.988
1  7.94e+06  0.562475509  5.483177e-01 0.988
1  8.41e+06  0.5625869118  5.483177e-01 0.988
1  8.91e+06  0.5626916766  5.483177e-01 0.988
1  9.44e+06  0.5627902196  5.483177e-01 0.988
1  1.00e+07  0.5628829288  5.483177e-01 0.988
