1  1.00e-03  0.5864429154  5.238987e-01 0.9440000000000001
1  1.06e-03  0.5864411011  5.238987e-01 0.9440000000000001
1  1.12e-03  0.5864391941  5.238987e-01 0.9440000000000001
1  1.19e-03  0.5864373105  5.238987e-01 0.9440000000000001
1  1.26e-03  0.5864351771  5.238987e-01 0.9440000000000001
1  1.33e-03  0.5864328483  5.238987e-01 0.9440000000000001
1  1.41e-03  0.5864305061  5.238987e-01 0.9440000000000001
1  1.50e-03  0.5864279561  5.238987e-01 0.9440000000000001
1  1.58e-03  0.5864252514  5.238987e-01 0.9440000000000001
1  1.68e-03  0.5864224104  5.238987e-01 0.9440000000000001
1  1.78e-03  0.5864194337  5.238987e-01 0.9440000000000001
1  1.88e-03  0.5864162071  5.238987e-01 0.9440000000000001
1  2.00e-03  0.5864129006  5.238987e-01 0.9440000000000001
1  2.11e-03  0.5864092678  5.238987e-01 0.9440000000000001
1  2.24e-03  0.586405496  5.238987e-01 0.9440000000000001
1  2.37e-03  0.5864015358  5.238987e-01 0.9440000000000001
1  2.51e-03  0.5863972622  5.238987e-01 0.9440000000000001
1  2.66e-03  0.5863927693  5.238987e-01 0.9440000000000001
1  2.82e-03  0.5863880289  5.238987e-01 0.9440000000000001
1  2.99e-03  0.5863829812  5.238987e-01 0.9440000000000001
1  3.16e-03  0.5863776514  5.238987e-01 0.9440000000000001
1  3.35e-03  0.5863719734  5.238987e-01 0.9440000000000001
1  3.55e-03  0.5863660084  5.238987e-01 0.9440000000000001
1  3.76e-03  0.5863596585  5.238987e-01 0.9440000000000001
1  3.98e-03  0.586352907  5.238987e-01 0.9440000000000001
1  4.22e-03  0.5863457992  5.238987e-01 0.9440000000000001
1  4.47e-03  0.5863382434  5.238987e-01 0.9440000000000001
1  4.73e-03  0.5863302789  5.238987e-01 0.9440000000000001
1  5.01e-03  0.5863218014  5.238987e-01 0.9440000000000001
1  5.31e-03  0.5863128382  5.238987e-01 0.9440000000000001
1  5.62e-03  0.5863033091  5.238987e-01 0.9440000000000001
1  5.96e-03  0.5862932447  5.238987e-01 0.9440000000000001
1  6.31e-03  0.5862826025  5.238987e-01 0.9440000000000001
1  6.68e-03  0.5862712954  5.238987e-01 0.9440000000000001
1  7.08e-03  0.586259311  5.238987e-01 0.9440000000000001
1  7.50e-03  0.5862466425  5.238987e-01 0.9440000000000001
1  7.94e-03  0.5862332219  5.238987e-01 0.9440000000000001
1  8.41e-03  0.5862189866  5.238987e-01 0.9440000000000001
1  8.91e-03  0.5862039135  5.238987e-01 0.9440000000000001
1  9.44e-03  0.5861879489  5.238987e-01 0.9440000000000001
1  1.00e-02  0.5861710398  5.238987e-01 0.9440000000000001
1  1.06e-02  0.5861530739  5.238987e-01 0.9440000000000001
1  1.12e-02  0.5861341341  5.238987e-01 0.9440000000000001
1  1.19e-02  0.5861140151  5.238987e-01 0.9440000000000001
1  1.26e-02  0.5860927072  5.238987e-01 0.9440000000000001
1  1.33e-02  0.5860700843  5.238987e-01 0.9440000000000001
1  1.41e-02  0.586046148  5.238987e-01 0.9440000000000001
1  1.50e-02  0.5860208393  5.238987e-01 0.9440000000000001
1  1.58e-02  0.5859939572  5.238987e-01 0.9440000000000001
1  1.68e-02  0.5859655175  5.238987e-01 0.9440000000000001
1  1.78e-02  0.5859354007  5.238987e-01 0.9440000000000001
1  1.88e-02  0.5859034329  5.238987e-01 0.9440000000000001
1  2.00e-02  0.5858695812  5.238987e-01 0.9440000000000001
1  2.11e-02  0.5858337864  5.238987e-01 0.9440000000000001
1  2.24e-02  0.5857958369  5.238987e-01 0.9440000000000001
1  2.37e-02  0.5857555019  5.238987e-01 0.9440000000000001
1  2.51e-02  0.5857129586  5.238987e-01 0.9440000000000001
1  2.66e-02  0.5856677464  5.238987e-01 0.9440000000000001
1  2.82e-02  0.5856197845  5.238987e-01 0.9440000000000001
1  2.99e-02  0.5855691711  5.238987e-01 0.9440000000000001
1  3.16e-02  0.5855153303  5.238987e-01 0.9440000000000001
1  3.35e-02  0.5854584402  5.238987e-01 0.9440000000000001
1  3.55e-02  0.5853979491  5.238987e-01 0.9440000000000001
1  3.76e-02  0.5853340976  5.238987e-01 0.9440000000000001
1  3.98e-02  0.5852661183  5.238987e-01 0.9440000000000001
1  4.22e-02  0.5851943305  5.238987e-01 0.9440000000000001
1  4.47e-02  0.5851182852  5.238987e-01 0.9440000000000001
1  4.73e-02  0.5850374555  5.238987e-01 0.9440000000000001
1  5.01e-02  0.5849518698  5.238987e-01 0.9440000000000001
1  5.31e-02  0.5848612039  5.238987e-01 0.9440000000000001
1  5.62e-02  0.5847652279  5.238987e-01 0.9440000000000001
1  5.96e-02  0.5846630831  5.238987e-01 0.9440000000000001
1  6.31e-02  0.5845552547  5.238987e-01 0.9440000000000001
1  6.68e-02  0.5844406306  5.238987e-01 0.9440000000000001
1  7.08e-02  0.5843194133  5.238987e-01 0.9440000000000001
1  7.50e-02  0.5841904874  5.238987e-01 0.9440000000000001
1  7.94e-02  0.5840539633  5.238987e-01 0.9440000000000001
1  8.41e-02  0.583909323  5.238987e-01 0.9440000000000001
1  8.91e-02  0.5837558353  5.238987e-01 0.9440000000000001
1  9.44e-02  0.5835934399  5.238987e-01 0.9440000000000001
1  1.00e-01  0.5834205349  5.238987e-01 0.9440000000000001
1  1.06e-01  0.5832379603  5.238987e-01 0.9440000000000001
1  1.12e-01  0.5830434727  5.238987e-01 0.9440000000000001
1  1.19e-01  0.5828379408  5.238987e-01 0.9440000000000001
1  1.26e-01  0.5826189736  5.238987e-01 0.9440000000000001
1  1.33e-01  0.5823872499  5.238987e-01 0.9440000000000001
1  1.41e-01  0.5821415521  5.238987e-01 0.9440000000000001
1  1.50e-01  0.5818809134  5.238987e-01 0.9440000000000001
1  1.58e-01  0.5816034858  5.238987e-01 0.9440000000000001
1  1.68e-01  0.5813100928  5.238987e-01 0.9440000000000001
1  1.78e-01  0.580997393  5.238987e-01 0.9440000000000001
1  1.88e-01  0.5806664422  5.238987e-01 0.9440000000000001
1  2.00e-01  0.5803151698  5.238987e-01 0.9440000000000001
1  2.11e-01  0.5799410288  5.238987e-01 0.9440000000000001
1  2.24e-01  0.5795444527  5.238987e-01 0.9440000000000001
1  2.37e-01  0.5791232062  5.238987e-01 0.9440000000000001
1  2.51e-01  0.5786754179  5.238987e-01 0.9440000000000001
1  2.66e-01  0.578200892  5.238987e-01 0.9440000000000001
1  2.82e-01  0.5776957253  5.238987e-01 0.9440000000000001
1  2.99e-01  0.5771582339  5.238987e-01 0.9440000000000001
1  3.16e-01  0.5765873905  5.238987e-01 0.9440000000000001
1  3.35e-01  0.5759803135  5.238987e-01 0.9440000000000001
1  3.55e-01  0.575333397  5.238987e-01 0.9440000000000001
1  3.76e-01  0.5746480413  5.238987e-01 0.9440000000000001
1  3.98e-01  0.5739154955  5.238987e-01 0.9440000000000001
1  4.22e-01  0.5731376523  5.238987e-01 0.9440000000000001
1  4.47e-01  0.5723111947  5.238987e-01 0.9440000000000001
1  4.73e-01  0.5714291531  5.238987e-01 0.9440000000000001
1  5.01e-01  0.5704902739  5.238987e-01 0.9440000000000001
1  5.31e-01  0.5694897631  5.238987e-01 0.9440000000000001
1  5.62e-01  0.5684239586  5.238987e-01 0.9440000000000001
1  5.96e-01  0.5672866287  5.238987e-01 0.9440000000000001
1  6.31e-01  0.5660768946  5.238987e-01 0.9440000000000001
1  6.68e-01  0.5647861645  5.238987e-01 0.9440000000000001
1  7.08e-01  0.5634049905  5.238987e-01 0.9440000000000001
1  7.50e-01  0.5619367987  5.238987e-01 0.9440000000000001
1  7.94e-01  0.5603638677  5.238987e-01 0.9440000000000001
1  8.41e-01  0.5586895844  5.238987e-01 0.9440000000000001
1  8.91e-01  0.5568960016  5.238987e-01 0.9440000000000001
1  9.44e-01  0.554979707  5.238987e-01 0.9440000000000001
1  1.00e+00  0.5529338948  5.238987e-01 0.9440000000000001
1  1.06e+00  0.5507503466  5.238987e-01 0.9440000000000001
1  1.12e+00  0.5484102853  5.238987e-01 0.9440000000000001
1  1.19e+00  0.5459083086  5.238987e-01 0.9440000000000001
1  1.26e+00  0.5432255969  5.238987e-01 0.9440000000000001
1  1.33e+00  0.5403643392  5.238987e-01 0.9440000000000001
1  1.41e+00  0.5372969892  5.238987e-01 0.9440000000000001
1  1.50e+00  0.5340188264  5.238987e-01 0.9440000000000001
1  1.58e+00  0.5305059868  5.238987e-01 0.9440000000000001
1  1.68e+00  0.5267486236  5.238987e-01 0.9440000000000001
1  1.78e+00  0.5227277714  5.238987e-01 0.9440000000000001
1  1.88e+00  0.5184319754  5.238987e-01 0.9440000000000001
1  2.00e+00  0.5138393754  5.238987e-01 0.9440000000000001
1  2.11e+00  0.5089248127  5.238987e-01 0.9440000000000001
1  2.24e+00  0.5036991107  5.238987e-01 0.9440000000000001
1  2.37e+00  0.4981267902  5.238987e-01 0.9440000000000001
1  2.51e+00  0.492192508  5.238987e-01 0.9440000000000001
1  2.66e+00  0.4858933297  5.238987e-01 0.9440000000000001
1  2.82e+00  0.4792183966  5.238987e-01 0.9440000000000001
1  2.99e+00  0.4721844929  5.238987e-01 0.9440000000000001
1  3.16e+00  0.4647524227  5.238987e-01 0.9440000000000001
1  3.35e+00  0.4569738495  5.238987e-01 0.9440000000000001
1  3.55e+00  0.4488525148  5.238987e-01 0.9440000000000001
1  3.76e+00  0.4404032763  5.238987e-01 0.9440000000000001
1  3.98e+00  0.4316564405  5.238987e-01 0.9440000000000001
1  4.22e+00  0.4226714229  5.238987e-01 0.9440000000000001
1  4.47e+00  0.4135111015  5.238987e-01 0.9440000000000001
1  4.73e+00  0.4042431363  5.238987e-01 0.9440000000000001
1  5.01e+00  0.3949108223  5.238987e-01 0.9440000000000001
1  5.31e+00  0.3856043209  5.238987e-01 0.9440000000000001
1  5.62e+00  0.3764043462  5.238987e-01 0.9440000000000001
1  5.96e+00  0.3673814557  5.238987e-01 0.9440000000000001
1  6.31e+00  0.3586215761  5.238987e-01 0.9440000000000001
1  6.68e+00  0.3502234156  5.238987e-01 0.9440000000000001
1  7.08e+00  0.3421733682  5.238987e-01 0.9440000000000001
1  7.50e+00  0.3345731154  5.238987e-01 0.9440000000000001
1  7.94e+00  0.3274447601  5.238987e-01 0.9440000000000001
1  8.41e+00  0.3208220627  5.238987e-01 0.9440000000000001
1  8.91e+00  0.3146756471  5.238987e-01 0.9440000000000001
1  9.44e+00  0.3090514318  5.238987e-01 0.9440000000000001
1  1.00e+01  0.3039049688  5.238987e-01 0.9440000000000001
1  1.06e+01  0.2992021413  5.238987e-01 0.9440000000000001
1  1.12e+01  0.2950003324  5.238987e-01 0.9440000000000001
1  1.19e+01  0.2911383692  5.238987e-01 0.9440000000000001
1  1.26e+01  0.287795581  5.238987e-01 0.9440000000000001
1  1.33e+01  0.2847006876  5.238987e-01 0.9440000000000001
1  1.41e+01  0.2819324774  5.238987e-01 0.9440000000000001
1  1.50e+01  0.279503991  5.238987e-01 0.9440000000000001
1  1.58e+01  0.2773162219  5.238987e-01 0.9440000000000001
1  1.68e+01  0.2753624181  5.238987e-01 0.9440000000000001
1  1.78e+01  0.2736430406  5.238987e-01 0.9440000000000001
1  1.88e+01  0.2720713826  5.238987e-01 0.9440000000000001
1  2.00e+01  0.2706882083  5.238987e-01 0.9440000000000001
1  2.11e+01  0.2694594944  5.238987e-01 0.9440000000000001
1  2.24e+01  0.2683521714  5.238987e-01 0.9440000000000001
1  2.37e+01  0.2673324931  5.238987e-01 0.9440000000000001
1  2.51e+01  0.2664489711  5.238987e-01 0.9440000000000001
1  2.66e+01  0.2656143457  5.238987e-01 0.9440000000000001
1  2.82e+01  0.2648625748  5.238987e-01 0.9440000000000001
1  2.99e+01  0.2641644533  5.238987e-01 0.9440000000000001
1  3.16e+01  0.2634991943  5.238987e-01 0.9440000000000001
1  3.35e+01  0.2628842897  5.238987e-01 0.9440000000000001
1  3.55e+01  0.262320764  5.238987e-01 0.9440000000000001
1  3.76e+01  0.2617459845  5.238987e-01 0.9440000000000001
1  3.98e+01  0.2612032453  5.238987e-01 0.9440000000000001
1  4.22e+01  0.2606936063  5.238987e-01 0.9440000000000001
1  4.47e+01  0.2601472315  5.238987e-01 0.9440000000000001
1  4.73e+01  0.2596046874  5.238987e-01 0.9440000000000001
1  5.01e+01  0.2590507841  5.238987e-01 0.9440000000000001
1  5.31e+01  0.258442236  5.238987e-01 0.9440000000000001
1  5.62e+01  0.2578180559  5.238987e-01 0.9440000000000001
1  5.96e+01  0.2571663117  5.238987e-01 0.9440000000000001
1  6.31e+01  0.2564269482  5.238987e-01 0.9440000000000001
1  6.68e+01  0.2556142296  5.238987e-01 0.9440000000000001
1  7.08e+01  0.2547171068  5.238987e-01 0.9440000000000001
1  7.50e+01  0.2536650743  5.238987e-01 0.9440000000000001
1  7.94e+01  0.2525052117  5.238987e-01 0.9440000000000001
1  8.41e+01  0.2511306632  5.238987e-01 0.9440000000000001
1  8.91e+01  0.2495536849  5.238987e-01 0.9440000000000001
1  9.44e+01  0.2476561404  5.238987e-01 0.9440000000000001
1  1.00e+02  0.2453487957  5.238987e-01 0.9440000000000001
1  1.06e+02  0.2425696886  5.238987e-01 0.9440000000000001
1  1.12e+02  0.2391609483  5.238987e-01 0.9440000000000001
1  1.19e+02  0.2348541751  5.238987e-01 0.9440000000000001
1  1.26e+02  0.2294270341  5.238987e-01 0.9440000000000001
1  1.33e+02  0.2224947382  5.238987e-01 0.9440000000000001
1  1.41e+02  0.2135100916  5.238987e-01 0.9440000000000001
1  1.50e+02  0.2019536434  5.238987e-01 0.9440000000000001
1  1.58e+02  0.1872588621  5.238987e-01 0.9440000000000001
1  1.68e+02  0.1691663809  5.238987e-01 0.9440000000000001
1  1.78e+02  0.1481501399  5.238987e-01 0.9440000000000001
1  1.88e+02  0.1257068778  5.238987e-01 0.9440000000000001
1  2.00e+02  0.1040417816  5.238987e-01 0.9440000000000001
1  2.11e+02  0.08510951362  5.238987e-01 0.9440000000000001
1  2.24e+02  0.06983734106  5.238987e-01 0.9440000000000001
1  2.37e+02  0.05819329675  5.238987e-01 0.9440000000000001
1  2.51e+02  0.04958208713  5.238987e-01 0.9440000000000001
1  2.66e+02  0.04327592331  5.238987e-01 0.9440000000000001
1  2.82e+02  0.03866169612  5.238987e-01 0.9440000000000001
1  2.99e+02  0.03525946972  5.238987e-01 0.9440000000000001
1  3.16e+02  0.03272155099  5.238987e-01 0.9440000000000001
1  3.35e+02  0.03080658677  5.238987e-01 0.9440000000000001
1  3.55e+02  0.02934412455  5.238987e-01 0.9440000000000001
1  3.76e+02  0.0282164292  5.238987e-01 0.9440000000000001
1  3.98e+02  0.02733324469  5.238987e-01 0.9440000000000001
1  4.22e+02  0.02663609473  5.238987e-01 0.9440000000000001
1  4.47e+02  0.02608396328  5.238987e-01 0.9440000000000001
1  4.73e+02  0.02563402581  5.238987e-01 0.9440000000000001
1  5.01e+02  0.02527373677  5.238987e-01 0.9440000000000001
1  5.31e+02  0.02497554597  5.238987e-01 0.9440000000000001
1  5.62e+02  0.02473290569  5.238987e-01 0.9440000000000001
1  5.96e+02  0.02453128722  5.238987e-01 0.9440000000000001
1  6.31e+02  0.02436553006  5.238987e-01 0.9440000000000001
1  6.68e+02  0.02422579476  5.238987e-01 0.9440000000000001
1  7.08e+02  0.02410837417  5.238987e-01 0.9440000000000001
1  7.50e+02  0.02400888272  5.238987e-01 0.9440000000000001
1  7.94e+02  0.02392554649  5.238987e-01 0.9440000000000001
1  8.41e+02  0.0238521993  5.238987e-01 0.9440000000000001
1  8.91e+02  0.02379352896  5.238987e-01 0.9440000000000001
1  9.44e+02  0.02373989871  5.238987e-01 0.9440000000000001
1  1.00e+03  0.02369537596  5.238987e-01 0.9440000000000001
1  1.06e+03  0.02365773636  5.238987e-01 0.9440000000000001
1  1.12e+03  0.02362456705  5.238987e-01 0.9440000000000001
1  1.19e+03  0.02359590777  5.238987e-01 0.9440000000000001
1  1.26e+03  0.02357220999  5.238987e-01 0.9440000000000001
1  1.33e+03  0.02354951396  5.238987e-01 0.9440000000000001
1  1.41e+03  0.02353230909  5.238987e-01 0.9440000000000001
1  1.50e+03  0.02351552899  5.238987e-01 0.9440000000000001
1  1.58e+03  0.02350099367  5.238987e-01 0.9440000000000001
1  1.68e+03  0.02348920693  5.238987e-01 0.9440000000000001
1  1.78e+03  0.02347838791  5.238987e-01 0.9440000000000001
1  1.88e+03  0.0234686899  5.238987e-01 0.9440000000000001
1  2.00e+03  0.02346042458  5.238987e-01 0.9440000000000001
1  2.11e+03  0.02345331445  5.238987e-01 0.9440000000000001
1  2.24e+03  0.02344680901  5.238987e-01 0.9440000000000001
1  2.37e+03  0.02344202443  5.238987e-01 0.9440000000000001
1  2.51e+03  0.02343726139  5.238987e-01 0.9440000000000001
1  2.66e+03  0.02343225306  5.238987e-01 0.9440000000000001
1  2.82e+03  0.02342830285  5.238987e-01 0.9440000000000001
1  2.99e+03  0.02342639898  5.238987e-01 0.9440000000000001
1  3.16e+03  0.02342379995  5.238987e-01 0.9440000000000001
1  3.35e+03  0.02342009301  5.238987e-01 0.9440000000000001
1  3.55e+03  0.02341913498  5.238987e-01 0.9440000000000001
1  3.76e+03  0.02341798469  5.238987e-01 0.9440000000000001
1  3.98e+03  0.02341469346  5.238987e-01 0.9440000000000001
1  4.22e+03  0.02341008845  5.238987e-01 0.9440000000000001
1  4.47e+03  0.02341362926  5.238987e-01 0.9440000000000001
1  4.73e+03  0.02340665508  5.238987e-01 0.9440000000000001
1  5.01e+03  0.02341530229  5.238987e-01 0.9440000000000001
1  5.31e+03  0.02341799991  5.238987e-01 0.9440000000000001
1  5.62e+03  0.02340987777  5.238987e-01 0.9440000000000001
1  5.96e+03  0.02340651593  5.238987e-01 0.9440000000000001
1  6.31e+03  0.02341237557  5.238987e-01 0.9440000000000001
1  6.68e+03  0.02343576698  5.238987e-01 0.9440000000000001
1  7.08e+03  0.0234824326  5.238987e-01 0.9440000000000001
1  7.50e+03  0.02351893609  5.238987e-01 0.9440000000000001
1  7.94e+03  0.02349970314  5.238987e-01 0.9440000000000001
1  8.41e+03  0.02364020314  5.238987e-01 0.9440000000000001
1  8.91e+03  0.02372148182  5.238987e-01 0.9440000000000001
1  9.44e+03  0.02389537607  5.238987e-01 0.9440000000000001
1  1.00e+04  0.02407873178  5.238987e-01 0.9440000000000001
1  1.06e+04  0.02456158526  5.238987e-01 0.9440000000000001
1  1.12e+04  0.02484780738  5.238987e-01 0.9440000000000001
1  1.19e+04  0.02535226881  5.238987e-01 0.9440000000000001
1  1.26e+04  0.0262880574  5.238987e-01 0.9440000000000001
1  1.33e+04  0.02739780185  5.238987e-01 0.9440000000000001
1  1.41e+04  0.028660945  5.238987e-01 0.9440000000000001
1  1.50e+04  0.03012126826  5.238987e-01 0.9440000000000001
1  1.58e+04  0.03215520033  5.238987e-01 0.9440000000000001
1  1.68e+04  0.03453825336  5.238987e-01 0.9440000000000001
1  1.78e+04  0.03729557427  5.238987e-01 0.9440000000000001
1  1.88e+04  0.0405061228  5.238987e-01 0.9440000000000001
1  2.00e+04  0.04411595121  5.238987e-01 0.9440000000000001
1  2.11e+04  0.04822066151  5.238987e-01 0.9440000000000001
1  2.24e+04  0.05315800517  5.238987e-01 0.9440000000000001
1  2.37e+04  0.05860731964  5.238987e-01 0.9440000000000001
1  2.51e+04  0.0643631543  5.238987e-01 0.9440000000000001
1  2.66e+04  0.07152931318  5.238987e-01 0.9440000000000001
1  2.82e+04  0.07852292282  5.238987e-01 0.9440000000000001
1  2.99e+04  0.08635372316  5.238987e-01 0.9440000000000001
1  3.16e+04  0.09500503701  5.238987e-01 0.9440000000000001
1  3.35e+04  0.1037807957  5.238987e-01 0.9440000000000001
1  3.55e+04  0.1132920676  5.238987e-01 0.9440000000000001
1  3.76e+04  0.1237916211  5.238987e-01 0.9440000000000001
1  3.98e+04  0.1328335647  5.238987e-01 0.9440000000000001
1  4.22e+04  0.1459630979  5.238987e-01 0.9440000000000001
1  4.47e+04  0.1548290911  5.238987e-01 0.9440000000000001
1  4.73e+04  0.1668322218  5.238987e-01 0.9440000000000001
1  5.01e+04  0.1807620016  5.238987e-01 0.9440000000000001
1  5.31e+04  0.1901224276  5.238987e-01 0.9440000000000001
1  5.62e+04  0.201669966  5.238987e-01 0.9440000000000001
1  5.96e+04  0.2162286017  5.238987e-01 0.9440000000000001
1  6.31e+04  0.2292673272  5.238987e-01 0.9440000000000001
1  6.68e+04  0.2397118007  5.238987e-01 0.9440000000000001
1  7.08e+04  0.2499518367  5.238987e-01 0.9440000000000001
1  7.50e+04  0.2628737951  5.238987e-01 0.9440000000000001
1  7.94e+04  0.2779116082  5.238987e-01 0.9440000000000001
1  8.41e+04  0.291600192  5.238987e-01 0.9440000000000001
1  8.91e+04  0.3021849376  5.238987e-01 0.9440000000000001
1  9.44e+04  0.3110715451  5.238987e-01 0.9440000000000001
1  1.00e+05  0.3204636098  5.238987e-01 0.9440000000000001
1  1.06e+05  0.3313792759  5.238987e-01 0.9440000000000001
1  1.12e+05  0.3436426534  5.238987e-01 0.9440000000000001
1  1.19e+05  0.3565586438  5.238987e-01 0.9440000000000001
1  1.26e+05  0.369283196  5.238987e-01 0.9440000000000001
1  1.33e+05  0.3810301536  5.238987e-01 0.9440000000000001
1  1.41e+05  0.3913087877  5.238987e-01 0.9440000000000001
1  1.50e+05  0.4000628426  5.238987e-01 0.9440000000000001
1  1.58e+05  0.4076039644  5.238987e-01 0.9440000000000001
1  1.68e+05  0.4144119142  5.238987e-01 0.9440000000000001
1  1.78e+05  0.4209389194  5.238987e-01 0.9440000000000001
1  1.88e+05  0.4275015032  5.238987e-01 0.9440000000000001
1  2.00e+05  0.434264294  5.238987e-01 0.9440000000000001
1  2.11e+05  0.4412758226  5.238987e-01 0.9440000000000001
1  2.24e+05  0.4485141803  5.238987e-01 0.9440000000000001
1  2.37e+05  0.455920374  5.238987e-01 0.9440000000000001
1  2.51e+05  0.4634167413  5.238987e-01 0.9440000000000001
1  2.66e+05  0.4709166463  5.238987e-01 0.9440000000000001
1  2.82e+05  0.4783314223  5.238987e-01 0.9440000000000001
1  2.99e+05  0.4855769806  5.238987e-01 0.9440000000000001
1  3.16e+05  0.4925797674  5.238987e-01 0.9440000000000001
1  3.35e+05  0.4992809642  5.238987e-01 0.9440000000000001
1  3.55e+05  0.5056383053  5.238987e-01 0.9440000000000001
1  3.76e+05  0.5116256655  5.238987e-01 0.9440000000000001
1  3.98e+05  0.5172310841  5.238987e-01 0.9440000000000001
1  4.22e+05  0.5224540149  5.238987e-01 0.9440000000000001
1  4.47e+05  0.5273024485  5.238987e-01 0.9440000000000001
1  4.73e+05  0.5317903177  5.238987e-01 0.9440000000000001
1  5.01e+05  0.5359353718  5.238987e-01 0.9440000000000001
1  5.31e+05  0.5397575493  5.238987e-01 0.9440000000000001
1  5.62e+05  0.5432777964  5.238987e-01 0.9440000000000001
1  5.96e+05  0.5465172417  5.238987e-01 0.9440000000000001
1  6.31e+05  0.5494966406  5.238987e-01 0.9440000000000001
1  6.68e+05  0.5522360129  5.238987e-01 0.9440000000000001
1  7.08e+05  0.5547544165  5.238987e-01 0.9440000000000001
1  7.50e+05  0.5570698158  5.238987e-01 0.9440000000000001
1  7.94e+05  0.5591990156  5.238987e-01 0.9440000000000001
1  8.41e+05  0.5611576406  5.238987e-01 0.9440000000000001
1  8.91e+05  0.5629601467  5.238987e-01 0.9440000000000001
1  9.44e+05  0.564619854  5.238987e-01 0.9440000000000001
1  1.00e+06  0.5661489951  5.238987e-01 0.9440000000000001
1  1.06e+06  0.5675587731  5.238987e-01 0.9440000000000001
1  1.12e+06  0.5688594256  5.238987e-01 0.9440000000000001
1  1.19e+06  0.5700602911  5.238987e-01 0.9440000000000001
1  1.26e+06  0.5711698767  5.238987e-01 0.9440000000000001
1  1.33e+06  0.5721959242  5.238987e-01 0.9440000000000001
1  1.41e+06  0.573145474  5.238987e-01 0.9440000000000001
1  1.50e+06  0.5740249262  5.238987e-01 0.9440000000000001
1  1.58e+06  0.5748400977  5.238987e-01 0.9440000000000001
1  1.68e+06  0.575596276  5.238987e-01 0.9440000000000001
1  1.78e+06  0.5762982678  5.238987e-01 0.9440000000000001
1  1.88e+06  0.5769504481  5.238987e-01 0.9440000000000001
1  2.00e+06  0.5775567924  5.238987e-01 0.9440000000000001
1  2.11e+06  0.5781209221  5.238987e-01 0.9440000000000001
1  2.24e+06  0.5786461379  5.238987e-01 0.9440000000000001
1  2.37e+06  0.5791354501  5.238987e-01 0.9440000000000001
1  2.51e+06  0.5795916056  5.238987e-01 0.9440000000000001
1  2.66e+06  0.5800171148  5.238987e-01 0.9440000000000001
1  2.82e+06  0.5804142723  5.238987e-01 0.9440000000000001
1  2.99e+06  0.5807851785  5.238987e-01 0.9440000000000001
1  3.16e+06  0.5811317578  5.238987e-01 0.9440000000000001
1  3.35e+06  0.5814557751  5.238987e-01 0.9440000000000001
1  3.55e+06  0.5817588506  5.238987e-01 0.9440000000000001
1  3.76e+06  0.5820424728  5.238987e-01 0.9440000000000001
1  3.98e+06  0.5823080113  5.238987e-01 0.9440000000000001
1  4.22e+06  0.5825567268  5.238987e-01 0.9440000000000001
1  4.47e+06  0.5827897816  5.238987e-01 0.9440000000000001
1  4.73e+06  0.5830082475  5.238987e-01 0.9440000000000001
1  5.01e+06  0.5832131144  5.238987e-01 0.9440000000000001
1  5.31e+06  0.5834052972  5.238987e-01 0.9440000000000001
1  5.62e+06  0.5835856421  5.238987e-01 0.9440000000000001
1  5.96e+06  0.5837549328  5.238987e-01 0.9440000000000001
1  6.31e+06  0.5839138951  5.238987e-01 0.9440000000000001
1  6.68e+06  0.5840632024  5.238987e-01 0.9440000000000001
1  7.08e+06  0.5842034796  5.238987e-01 0.9440000000000001
1  7.50e+06  0.5843353072  5.238987e-01 0.9440000000000001
1  7.94e+06  0.5844592248  5.238987e-01 0.9440000000000001
1  8.41e+06  0.5845757341  5.238987e-01 0.9440000000000001
1  8.91e+06  0.5846853024  5.238987e-01 0.9440000000000001
1  9.44e+06  0.5847883648  5.238987e-01 0.9440000000000001
1  1.00e+07  0.5848853269  5.238987e-01 0.9440000000000001
